/*--------------------------------*- C++ -*----------------------------------*\
| =========                 |                                                 |
| \\      /  F ield         | OpenFOAM: The Open Source CFD Toolbox           |
|  \\    /   O peration     | Version:  v1906                                 |
|   \\  /    A nd           | Web:      www.OpenFOAM.com                      |
|    \\/     M anipulation  |                                                 |
\*---------------------------------------------------------------------------*/
FoamFile
{
    version     2.0;
    format      ascii;
    class       volVectorField;
    location    "1";
    object      B;
}
// * * * * * * * * * * * * * * * * * * * * * * * * * * * * * * * * * * * * * //

dimensions      [1 0 -2 0 0 -1 0];


internalField   nonuniform List<vector> 
4000
(
(0.473683 20.031 0)
(0.499795 19.9956 0)
(0.486486 19.9897 0)
(0.492131 19.9903 0)
(0.49184 19.9918 0)
(0.493103 19.9936 0)
(0.493151 19.9951 0)
(0.493409 19.9962 0)
(0.493453 19.9971 0)
(0.49353 19.9978 0)
(0.493561 19.9983 0)
(0.49359 19.9987 0)
(0.493602 19.999 0)
(0.493608 19.9993 0)
(0.493607 19.9995 0)
(0.493602 19.9996 0)
(0.493593 19.9997 0)
(0.493584 19.9998 0)
(0.493573 19.9998 0)
(0.493563 19.9999 0)
(0.493554 19.9999 0)
(0.493545 19.9999 0)
(0.493537 20 0)
(0.493531 20 0)
(0.493526 20 0)
(0.493521 20 0)
(0.493518 20 0)
(0.493515 20 0)
(0.493513 20 0)
(0.493511 20 0)
(0.49351 20 0)
(0.493509 20 0)
(0.493508 20 0)
(0.493508 20 0)
(0.493508 20 0)
(0.493507 20 0)
(0.493507 20 0)
(0.493507 20 0)
(0.493507 20 0)
(0.493507 20 0)
(0.493507 20 0)
(0.493507 20 0)
(0.493507 20 0)
(0.493507 20 0)
(0.493507 20 0)
(0.493507 20 0)
(0.493507 20 0)
(0.493507 20 0)
(0.493507 20 0)
(0.493507 20 0)
(0.493507 20 0)
(0.493507 20 0)
(0.493507 20 0)
(0.493507 20 0)
(0.493507 20 0)
(0.493507 20 0)
(0.493507 20 0)
(0.493507 20 0)
(0.493507 20 0)
(0.493507 20 0)
(0.493507 20 0)
(0.493507 20 0)
(0.493507 20 0)
(0.493507 20 0)
(0.493507 20 0)
(0.493507 20 0)
(0.493507 20 0)
(0.493507 20 0)
(0.493507 20 0)
(0.493507 20 0)
(0.493507 20 0)
(0.493507 20 0)
(0.493507 20 0)
(0.493507 20 0)
(0.493507 20 0)
(0.493507 20 0)
(0.493507 20 0)
(0.493507 20 0)
(0.493507 20 0)
(0.493506 20 0)
(0.493506 20 0)
(0.493506 20 0)
(0.493506 20 0)
(0.493506 20 0)
(0.493506 20 0)
(0.493506 20 0)
(0.493506 20 0)
(0.493506 20 0)
(0.493506 20 0)
(0.493506 20 0)
(0.493506 20 0)
(0.493508 20 0)
(0.49351 20 0)
(0.493516 20 0)
(0.493527 20 0)
(0.493548 19.9999 0)
(0.49359 20 0)
(0.493595 20.0001 0)
(0.493551 20.0004 0)
(0.492789 20.0007 0)
(0.720726 20.0024 0)
(0.770263 19.9753 0)
(0.76888 19.969 0)
(0.779695 19.9717 0)
(0.780935 19.9767 0)
(0.783621 19.9821 0)
(0.784456 19.9864 0)
(0.785413 19.9898 0)
(0.785964 19.9924 0)
(0.786463 19.9944 0)
(0.786821 19.996 0)
(0.787112 19.9973 0)
(0.78733 19.9982 0)
(0.787497 19.999 0)
(0.78762 19.9995 0)
(0.78771 20 0)
(0.787773 20.0003 0)
(0.787817 20.0005 0)
(0.787847 20.0007 0)
(0.787866 20.0009 0)
(0.787877 20.001 0)
(0.787884 20.001 0)
(0.787887 20.0011 0)
(0.787888 20.0011 0)
(0.787888 20.0011 0)
(0.787887 20.0011 0)
(0.787886 20.0012 0)
(0.787885 20.0012 0)
(0.787884 20.0012 0)
(0.787883 20.0012 0)
(0.787882 20.0012 0)
(0.787881 20.0012 0)
(0.787881 20.0012 0)
(0.78788 20.0012 0)
(0.78788 20.0012 0)
(0.78788 20.0012 0)
(0.787879 20.0012 0)
(0.787879 20.0012 0)
(0.787879 20.0012 0)
(0.787879 20.0012 0)
(0.787879 20.0012 0)
(0.787879 20.0012 0)
(0.787879 20.0012 0)
(0.787879 20.0012 0)
(0.787879 20.0012 0)
(0.787879 20.0012 0)
(0.787879 20.0012 0)
(0.787879 20.0012 0)
(0.787879 20.0012 0)
(0.787879 20.0012 0)
(0.787879 20.0012 0)
(0.787879 20.0012 0)
(0.787879 20.0012 0)
(0.787879 20.0012 0)
(0.787879 20.0012 0)
(0.787879 20.0012 0)
(0.787879 20.0012 0)
(0.787879 20.0012 0)
(0.787879 20.0012 0)
(0.787879 20.0012 0)
(0.787879 20.0012 0)
(0.787879 20.0012 0)
(0.787879 20.0012 0)
(0.787879 20.0012 0)
(0.787879 20.0012 0)
(0.787879 20.0012 0)
(0.787879 20.0012 0)
(0.787879 20.0012 0)
(0.787879 20.0012 0)
(0.787879 20.0012 0)
(0.787879 20.0012 0)
(0.787879 20.0012 0)
(0.787879 20.0012 0)
(0.787879 20.0012 0)
(0.787879 20.0012 0)
(0.787879 20.0012 0)
(0.787879 20.0012 0)
(0.787879 20.0012 0)
(0.787879 20.0012 0)
(0.787879 20.0012 0)
(0.787879 20.0012 0)
(0.787879 20.0012 0)
(0.787879 20.0012 0)
(0.787879 20.0012 0)
(0.787879 20.0012 0)
(0.78788 20.0012 0)
(0.78788 20.0012 0)
(0.787882 20.0012 0)
(0.787884 20.0012 0)
(0.787887 20.0012 0)
(0.787893 20.0012 0)
(0.787902 20.0011 0)
(0.787918 20.0011 0)
(0.787945 20.0011 0)
(0.78799 20.001 0)
(0.788064 20.001 0)
(0.788193 20.0011 0)
(0.788336 20.0014 0)
(0.788456 20.0022 0)
(0.7874 20.0032 0)
(0.755224 19.9351 0)
(0.807982 19.9434 0)
(0.821252 19.9453 0)
(0.835729 19.9517 0)
(0.839003 19.9605 0)
(0.842789 19.9693 0)
(0.844497 19.9764 0)
(0.846143 19.982 0)
(0.847259 19.9864 0)
(0.848216 19.9898 0)
(0.848944 19.9925 0)
(0.849533 19.9945 0)
(0.849989 19.9961 0)
(0.850345 19.9974 0)
(0.850618 19.9983 0)
(0.850826 19.9991 0)
(0.850981 19.9996 0)
(0.851095 20 0)
(0.851179 20.0003 0)
(0.851239 20.0006 0)
(0.851282 20.0007 0)
(0.851312 20.0008 0)
(0.851332 20.0009 0)
(0.851346 20.001 0)
(0.851356 20.001 0)
(0.851362 20.0011 0)
(0.851365 20.0011 0)
(0.851368 20.0011 0)
(0.851369 20.0011 0)
(0.85137 20.0011 0)
(0.851371 20.0011 0)
(0.851371 20.0011 0)
(0.851371 20.0011 0)
(0.851371 20.0011 0)
(0.851371 20.0011 0)
(0.851371 20.0011 0)
(0.851371 20.0011 0)
(0.851371 20.0011 0)
(0.851371 20.0011 0)
(0.851371 20.0011 0)
(0.851371 20.0011 0)
(0.851371 20.0011 0)
(0.851371 20.0011 0)
(0.851371 20.0011 0)
(0.851371 20.0011 0)
(0.851371 20.0011 0)
(0.851371 20.0011 0)
(0.851371 20.0011 0)
(0.851371 20.0011 0)
(0.851371 20.0011 0)
(0.851371 20.0011 0)
(0.851371 20.0011 0)
(0.851371 20.0011 0)
(0.851371 20.0011 0)
(0.851371 20.0011 0)
(0.851371 20.0011 0)
(0.851371 20.0011 0)
(0.851371 20.0011 0)
(0.851371 20.0011 0)
(0.851371 20.0011 0)
(0.851371 20.0011 0)
(0.851371 20.0011 0)
(0.851371 20.0011 0)
(0.851371 20.0011 0)
(0.851371 20.0011 0)
(0.851371 20.0011 0)
(0.851371 20.0011 0)
(0.851371 20.0011 0)
(0.851371 20.0011 0)
(0.851371 20.0011 0)
(0.851371 20.0011 0)
(0.851371 20.0011 0)
(0.851371 20.0011 0)
(0.851371 20.0011 0)
(0.851371 20.0011 0)
(0.851371 20.0011 0)
(0.851371 20.0011 0)
(0.851371 20.0011 0)
(0.851371 20.0011 0)
(0.851371 20.0011 0)
(0.851371 20.0011 0)
(0.851371 20.0011 0)
(0.851371 20.0011 0)
(0.851372 20.0011 0)
(0.851373 20.0011 0)
(0.851374 20.0011 0)
(0.851376 20.0011 0)
(0.851379 20.0011 0)
(0.851383 20.0011 0)
(0.851391 20.0011 0)
(0.851403 20.0011 0)
(0.851422 20.001 0)
(0.851453 20.001 0)
(0.851503 20.0009 0)
(0.851585 20.0009 0)
(0.851721 20.0008 0)
(0.851955 20.0009 0)
(0.852309 20.0014 0)
(0.852784 20.0026 0)
(0.852462 20.0042 0)
(0.726929 19.8691 0)
(0.774747 19.9063 0)
(0.798093 19.9196 0)
(0.815318 19.9312 0)
(0.820599 19.9442 0)
(0.825332 19.9564 0)
(0.827844 19.9662 0)
(0.830101 19.9741 0)
(0.831735 19.9802 0)
(0.833108 19.9849 0)
(0.834178 19.9886 0)
(0.835043 19.9915 0)
(0.835721 19.9938 0)
(0.836255 19.9955 0)
(0.836669 19.9969 0)
(0.836988 19.9979 0)
(0.83723 19.9987 0)
(0.837413 19.9992 0)
(0.837549 19.9997 0)
(0.83765 20 0)
(0.837723 20.0002 0)
(0.837777 20.0004 0)
(0.837815 20.0005 0)
(0.837842 20.0006 0)
(0.837861 20.0007 0)
(0.837874 20.0007 0)
(0.837884 20.0007 0)
(0.83789 20.0007 0)
(0.837894 20.0008 0)
(0.837897 20.0008 0)
(0.837899 20.0008 0)
(0.8379 20.0008 0)
(0.837901 20.0008 0)
(0.837902 20.0008 0)
(0.837902 20.0008 0)
(0.837902 20.0008 0)
(0.837903 20.0008 0)
(0.837903 20.0008 0)
(0.837903 20.0008 0)
(0.837903 20.0008 0)
(0.837903 20.0008 0)
(0.837903 20.0008 0)
(0.837903 20.0008 0)
(0.837903 20.0008 0)
(0.837903 20.0008 0)
(0.837903 20.0008 0)
(0.837903 20.0008 0)
(0.837903 20.0008 0)
(0.837903 20.0008 0)
(0.837903 20.0008 0)
(0.837903 20.0008 0)
(0.837903 20.0008 0)
(0.837903 20.0008 0)
(0.837903 20.0008 0)
(0.837903 20.0008 0)
(0.837903 20.0008 0)
(0.837903 20.0008 0)
(0.837903 20.0008 0)
(0.837903 20.0008 0)
(0.837903 20.0008 0)
(0.837903 20.0008 0)
(0.837903 20.0008 0)
(0.837903 20.0008 0)
(0.837903 20.0008 0)
(0.837903 20.0008 0)
(0.837903 20.0008 0)
(0.837903 20.0008 0)
(0.837903 20.0008 0)
(0.837903 20.0008 0)
(0.837903 20.0008 0)
(0.837903 20.0008 0)
(0.837903 20.0008 0)
(0.837903 20.0008 0)
(0.837903 20.0008 0)
(0.837903 20.0008 0)
(0.837903 20.0008 0)
(0.837903 20.0008 0)
(0.837903 20.0008 0)
(0.837903 20.0008 0)
(0.837903 20.0008 0)
(0.837903 20.0008 0)
(0.837904 20.0008 0)
(0.837904 20.0008 0)
(0.837905 20.0008 0)
(0.837906 20.0008 0)
(0.837908 20.0008 0)
(0.837911 20.0008 0)
(0.837915 20.0008 0)
(0.837922 20.0008 0)
(0.837934 20.0007 0)
(0.837952 20.0007 0)
(0.83798 20.0007 0)
(0.838025 20.0006 0)
(0.838099 20.0005 0)
(0.838219 20.0005 0)
(0.838422 20.0004 0)
(0.838774 20.0005 0)
(0.839379 20.001 0)
(0.84031 20.0024 0)
(0.84116 20.0043 0)
(0.68149 19.8132 0)
(0.722128 19.868 0)
(0.751123 19.8931 0)
(0.770237 19.9109 0)
(0.77727 19.9284 0)
(0.782808 19.9439 0)
(0.786011 19.9564 0)
(0.788781 19.9664 0)
(0.790852 19.9741 0)
(0.792578 19.9802 0)
(0.793939 19.985 0)
(0.795038 19.9887 0)
(0.795906 19.9916 0)
(0.796592 19.9939 0)
(0.797128 19.9956 0)
(0.797542 19.9969 0)
(0.79786 19.9979 0)
(0.798102 19.9986 0)
(0.798284 19.9992 0)
(0.79842 19.9996 0)
(0.798521 19.9999 0)
(0.798595 20.0001 0)
(0.798649 20.0003 0)
(0.798688 20.0004 0)
(0.798715 20.0005 0)
(0.798735 20.0005 0)
(0.798749 20.0006 0)
(0.798759 20.0006 0)
(0.798766 20.0006 0)
(0.798771 20.0006 0)
(0.798774 20.0006 0)
(0.798777 20.0006 0)
(0.798778 20.0006 0)
(0.798779 20.0007 0)
(0.79878 20.0007 0)
(0.79878 20.0007 0)
(0.798781 20.0007 0)
(0.798781 20.0007 0)
(0.798781 20.0007 0)
(0.798781 20.0007 0)
(0.798781 20.0007 0)
(0.798781 20.0007 0)
(0.798781 20.0007 0)
(0.798781 20.0007 0)
(0.798781 20.0007 0)
(0.798781 20.0007 0)
(0.798781 20.0007 0)
(0.798781 20.0007 0)
(0.798781 20.0007 0)
(0.798781 20.0007 0)
(0.798781 20.0007 0)
(0.798781 20.0007 0)
(0.798781 20.0007 0)
(0.798781 20.0007 0)
(0.798781 20.0007 0)
(0.798781 20.0007 0)
(0.798782 20.0007 0)
(0.798781 20.0007 0)
(0.798781 20.0007 0)
(0.798782 20.0007 0)
(0.798781 20.0007 0)
(0.798781 20.0007 0)
(0.798781 20.0007 0)
(0.798781 20.0007 0)
(0.798781 20.0007 0)
(0.798781 20.0007 0)
(0.798781 20.0007 0)
(0.798781 20.0007 0)
(0.798781 20.0007 0)
(0.798781 20.0007 0)
(0.798781 20.0007 0)
(0.798781 20.0007 0)
(0.798781 20.0007 0)
(0.798781 20.0007 0)
(0.798782 20.0007 0)
(0.798782 20.0007 0)
(0.798782 20.0007 0)
(0.798782 20.0007 0)
(0.798782 20.0007 0)
(0.798782 20.0007 0)
(0.798782 20.0007 0)
(0.798782 20.0007 0)
(0.798783 20.0007 0)
(0.798784 20.0007 0)
(0.798786 20.0006 0)
(0.798788 20.0006 0)
(0.798792 20.0006 0)
(0.798798 20.0006 0)
(0.798808 20.0006 0)
(0.798822 20.0006 0)
(0.798846 20.0006 0)
(0.798882 20.0005 0)
(0.798941 20.0004 0)
(0.799037 20.0003 0)
(0.799194 20.0002 0)
(0.799466 20.0001 0)
(0.799942 20.0002 0)
(0.800809 20.0006 0)
(0.802212 20.002 0)
(0.804218 20.0039 0)
(0.632595 19.766 0)
(0.66616 19.8306 0)
(0.697592 19.8664 0)
(0.717782 19.891 0)
(0.726211 19.913 0)
(0.732396 19.9317 0)
(0.736161 19.9469 0)
(0.739339 19.9589 0)
(0.741759 19.9683 0)
(0.743766 19.9757 0)
(0.74536 19.9815 0)
(0.746648 19.986 0)
(0.747669 19.9896 0)
(0.748478 19.9923 0)
(0.749111 19.9944 0)
(0.749604 19.996 0)
(0.749983 19.9972 0)
(0.750273 19.9981 0)
(0.750493 19.9988 0)
(0.750658 19.9993 0)
(0.750781 19.9997 0)
(0.750872 20 0)
(0.750938 20.0002 0)
(0.750987 20.0003 0)
(0.751022 20.0004 0)
(0.751048 20.0005 0)
(0.751066 20.0005 0)
(0.751079 20.0006 0)
(0.751088 20.0006 0)
(0.751094 20.0006 0)
(0.751099 20.0006 0)
(0.751102 20.0006 0)
(0.751104 20.0006 0)
(0.751106 20.0006 0)
(0.751107 20.0006 0)
(0.751107 20.0006 0)
(0.751108 20.0006 0)
(0.751108 20.0006 0)
(0.751108 20.0006 0)
(0.751109 20.0006 0)
(0.751109 20.0006 0)
(0.751109 20.0006 0)
(0.751109 20.0006 0)
(0.751109 20.0006 0)
(0.751109 20.0006 0)
(0.751109 20.0006 0)
(0.751109 20.0006 0)
(0.751109 20.0006 0)
(0.751109 20.0006 0)
(0.751109 20.0006 0)
(0.751109 20.0006 0)
(0.751109 20.0006 0)
(0.751109 20.0006 0)
(0.751109 20.0006 0)
(0.751109 20.0006 0)
(0.751109 20.0006 0)
(0.751109 20.0006 0)
(0.751109 20.0006 0)
(0.751109 20.0006 0)
(0.751109 20.0006 0)
(0.751109 20.0006 0)
(0.751109 20.0006 0)
(0.751109 20.0006 0)
(0.751109 20.0006 0)
(0.751109 20.0006 0)
(0.751109 20.0006 0)
(0.751109 20.0006 0)
(0.751109 20.0006 0)
(0.751109 20.0006 0)
(0.751109 20.0006 0)
(0.751109 20.0006 0)
(0.751109 20.0006 0)
(0.751109 20.0006 0)
(0.751109 20.0006 0)
(0.751109 20.0006 0)
(0.751109 20.0006 0)
(0.751109 20.0006 0)
(0.751109 20.0006 0)
(0.751109 20.0006 0)
(0.751109 20.0006 0)
(0.75111 20.0006 0)
(0.75111 20.0006 0)
(0.751111 20.0006 0)
(0.751112 20.0006 0)
(0.751114 20.0006 0)
(0.751117 20.0006 0)
(0.751122 20.0006 0)
(0.751129 20.0006 0)
(0.75114 20.0006 0)
(0.751158 20.0006 0)
(0.751186 20.0005 0)
(0.75123 20.0005 0)
(0.7513 20.0004 0)
(0.751416 20.0002 0)
(0.751609 20.0001 0)
(0.751947 19.9999 0)
(0.752543 19.9999 0)
(0.753663 20.0002 0)
(0.755503 20.0015 0)
(0.758456 20.0032 0)
(0.584096 19.7257 0)
(0.611465 19.7952 0)
(0.643176 19.8402 0)
(0.663718 19.8715 0)
(0.673152 19.8981 0)
(0.679809 19.92 0)
(0.684001 19.9377 0)
(0.687482 19.9517 0)
(0.690163 19.9627 0)
(0.692379 19.9714 0)
(0.694148 19.9781 0)
(0.695578 19.9834 0)
(0.696714 19.9876 0)
(0.697616 19.9908 0)
(0.698324 19.9933 0)
(0.698875 19.9951 0)
(0.699301 19.9966 0)
(0.699628 19.9977 0)
(0.699876 19.9985 0)
(0.700064 19.9991 0)
(0.700204 19.9995 0)
(0.700308 19.9998 0)
(0.700385 20.0001 0)
(0.700442 20.0002 0)
(0.700483 20.0004 0)
(0.700513 20.0004 0)
(0.700534 20.0005 0)
(0.700549 20.0005 0)
(0.70056 20.0006 0)
(0.700568 20.0006 0)
(0.700573 20.0006 0)
(0.700577 20.0006 0)
(0.70058 20.0006 0)
(0.700582 20.0006 0)
(0.700583 20.0006 0)
(0.700584 20.0006 0)
(0.700585 20.0006 0)
(0.700585 20.0006 0)
(0.700585 20.0006 0)
(0.700586 20.0006 0)
(0.700586 20.0006 0)
(0.700586 20.0006 0)
(0.700586 20.0006 0)
(0.700586 20.0006 0)
(0.700586 20.0006 0)
(0.700586 20.0006 0)
(0.700586 20.0006 0)
(0.700586 20.0006 0)
(0.700586 20.0006 0)
(0.700586 20.0006 0)
(0.700586 20.0006 0)
(0.700586 20.0006 0)
(0.700586 20.0006 0)
(0.700586 20.0006 0)
(0.700586 20.0006 0)
(0.700586 20.0006 0)
(0.700586 20.0006 0)
(0.700586 20.0006 0)
(0.700586 20.0006 0)
(0.700586 20.0006 0)
(0.700586 20.0006 0)
(0.700586 20.0006 0)
(0.700586 20.0006 0)
(0.700586 20.0006 0)
(0.700586 20.0006 0)
(0.700586 20.0006 0)
(0.700586 20.0006 0)
(0.700586 20.0006 0)
(0.700586 20.0006 0)
(0.700586 20.0006 0)
(0.700586 20.0006 0)
(0.700586 20.0006 0)
(0.700586 20.0006 0)
(0.700586 20.0006 0)
(0.700586 20.0006 0)
(0.700586 20.0006 0)
(0.700586 20.0006 0)
(0.700586 20.0006 0)
(0.700586 20.0006 0)
(0.700587 20.0006 0)
(0.700587 20.0006 0)
(0.700588 20.0006 0)
(0.700589 20.0006 0)
(0.70059 20.0006 0)
(0.700592 20.0006 0)
(0.700596 20.0006 0)
(0.700601 20.0006 0)
(0.700609 20.0006 0)
(0.700622 20.0006 0)
(0.700642 20.0005 0)
(0.700673 20.0005 0)
(0.700723 20.0004 0)
(0.700804 20.0003 0)
(0.700937 20.0001 0)
(0.701162 20 0)
(0.70156 19.9997 0)
(0.702268 19.9996 0)
(0.703614 19.9998 0)
(0.705821 20.0007 0)
(0.709477 20.002 0)
(0.536843 19.6912 0)
(0.559034 19.7622 0)
(0.589647 19.8149 0)
(0.609938 19.8527 0)
(0.61999 19.8837 0)
(0.626935 19.9087 0)
(0.631421 19.9288 0)
(0.635101 19.9447 0)
(0.637956 19.9573 0)
(0.640312 19.9671 0)
(0.642198 19.9749 0)
(0.643724 19.9809 0)
(0.64494 19.9857 0)
(0.645905 19.9893 0)
(0.646664 19.9921 0)
(0.647256 19.9943 0)
(0.647715 19.9959 0)
(0.648067 19.9972 0)
(0.648336 19.9981 0)
(0.648539 19.9988 0)
(0.648692 19.9993 0)
(0.648806 19.9997 0)
(0.64889 20 0)
(0.648952 20.0002 0)
(0.648997 20.0003 0)
(0.64903 20.0004 0)
(0.649054 20.0005 0)
(0.649071 20.0005 0)
(0.649083 20.0005 0)
(0.649092 20.0006 0)
(0.649098 20.0006 0)
(0.649103 20.0006 0)
(0.649106 20.0006 0)
(0.649108 20.0006 0)
(0.64911 20.0006 0)
(0.649111 20.0006 0)
(0.649111 20.0006 0)
(0.649112 20.0006 0)
(0.649112 20.0006 0)
(0.649113 20.0006 0)
(0.649113 20.0006 0)
(0.649113 20.0006 0)
(0.649113 20.0006 0)
(0.649113 20.0006 0)
(0.649113 20.0006 0)
(0.649113 20.0006 0)
(0.649113 20.0006 0)
(0.649113 20.0006 0)
(0.649113 20.0006 0)
(0.649113 20.0006 0)
(0.649113 20.0006 0)
(0.649113 20.0006 0)
(0.649113 20.0006 0)
(0.649113 20.0006 0)
(0.649113 20.0006 0)
(0.649113 20.0006 0)
(0.649113 20.0006 0)
(0.649113 20.0006 0)
(0.649113 20.0006 0)
(0.649113 20.0006 0)
(0.649113 20.0006 0)
(0.649113 20.0006 0)
(0.649113 20.0006 0)
(0.649113 20.0006 0)
(0.649113 20.0006 0)
(0.649113 20.0006 0)
(0.649113 20.0006 0)
(0.649113 20.0006 0)
(0.649113 20.0006 0)
(0.649113 20.0006 0)
(0.649113 20.0006 0)
(0.649113 20.0006 0)
(0.649113 20.0006 0)
(0.649113 20.0006 0)
(0.649113 20.0006 0)
(0.649113 20.0006 0)
(0.649113 20.0006 0)
(0.649113 20.0006 0)
(0.649114 20.0006 0)
(0.649114 20.0006 0)
(0.649114 20.0006 0)
(0.649115 20.0006 0)
(0.649116 20.0006 0)
(0.649117 20.0006 0)
(0.64912 20.0006 0)
(0.649124 20.0006 0)
(0.649129 20.0006 0)
(0.649138 20.0006 0)
(0.649152 20.0005 0)
(0.649174 20.0005 0)
(0.649208 20.0005 0)
(0.649263 20.0004 0)
(0.649351 20.0002 0)
(0.649499 20.0001 0)
(0.64975 19.9998 0)
(0.650201 19.9995 0)
(0.651003 19.9993 0)
(0.652538 19.9992 0)
(0.65503 19.9997 0)
(0.659156 20.0005 0)
(0.490824 19.6614 0)
(0.508775 19.732 0)
(0.537459 19.7909 0)
(0.55702 19.8348 0)
(0.567333 19.87 0)
(0.574385 19.898 0)
(0.579031 19.9204 0)
(0.58281 19.9381 0)
(0.585759 19.9521 0)
(0.588188 19.9631 0)
(0.590137 19.9717 0)
(0.591715 19.9785 0)
(0.592974 19.9838 0)
(0.593975 19.9879 0)
(0.594763 19.9911 0)
(0.595379 19.9935 0)
(0.595856 19.9953 0)
(0.596223 19.9967 0)
(0.596504 19.9978 0)
(0.596717 19.9986 0)
(0.596877 19.9991 0)
(0.596996 19.9996 0)
(0.597085 19.9999 0)
(0.597151 20.0001 0)
(0.597199 20.0002 0)
(0.597234 20.0004 0)
(0.597259 20.0004 0)
(0.597278 20.0005 0)
(0.597291 20.0005 0)
(0.5973 20.0006 0)
(0.597307 20.0006 0)
(0.597312 20.0006 0)
(0.597315 20.0006 0)
(0.597318 20.0006 0)
(0.597319 20.0006 0)
(0.597321 20.0006 0)
(0.597322 20.0006 0)
(0.597322 20.0006 0)
(0.597323 20.0006 0)
(0.597323 20.0006 0)
(0.597323 20.0006 0)
(0.597323 20.0006 0)
(0.597323 20.0006 0)
(0.597323 20.0006 0)
(0.597323 20.0006 0)
(0.597323 20.0006 0)
(0.597323 20.0006 0)
(0.597323 20.0006 0)
(0.597323 20.0006 0)
(0.597323 20.0006 0)
(0.597323 20.0006 0)
(0.597323 20.0006 0)
(0.597323 20.0006 0)
(0.597323 20.0006 0)
(0.597323 20.0006 0)
(0.597323 20.0006 0)
(0.597323 20.0006 0)
(0.597323 20.0006 0)
(0.597323 20.0006 0)
(0.597323 20.0006 0)
(0.597323 20.0006 0)
(0.597323 20.0006 0)
(0.597323 20.0006 0)
(0.597323 20.0006 0)
(0.597323 20.0006 0)
(0.597323 20.0006 0)
(0.597323 20.0006 0)
(0.597323 20.0006 0)
(0.597323 20.0006 0)
(0.597323 20.0006 0)
(0.597323 20.0006 0)
(0.597323 20.0006 0)
(0.597323 20.0006 0)
(0.597323 20.0006 0)
(0.597323 20.0006 0)
(0.597324 20.0006 0)
(0.597324 20.0006 0)
(0.597324 20.0006 0)
(0.597324 20.0006 0)
(0.597324 20.0006 0)
(0.597325 20.0006 0)
(0.597325 20.0006 0)
(0.597326 20.0006 0)
(0.597328 20.0006 0)
(0.59733 20.0006 0)
(0.597334 20.0006 0)
(0.597341 20.0006 0)
(0.59735 20.0006 0)
(0.597365 20.0005 0)
(0.597387 20.0005 0)
(0.597423 20.0004 0)
(0.597481 20.0003 0)
(0.597575 20.0002 0)
(0.597734 20 0)
(0.598006 19.9997 0)
(0.598498 19.9993 0)
(0.599374 19.9989 0)
(0.60105 19.9985 0)
(0.603737 19.9986 0)
(0.608131 19.9988 0)
(0.445833 19.6358 0)
(0.460337 19.7046 0)
(0.486626 19.7686 0)
(0.505093 19.8179 0)
(0.515348 19.8571 0)
(0.522336 19.8879 0)
(0.527016 19.9124 0)
(0.5308 19.9318 0)
(0.533764 19.9472 0)
(0.536204 19.9592 0)
(0.538165 19.9688 0)
(0.539754 19.9762 0)
(0.541023 19.982 0)
(0.542033 19.9865 0)
(0.542828 19.99 0)
(0.54345 19.9927 0)
(0.543934 19.9947 0)
(0.544306 19.9963 0)
(0.54459 19.9974 0)
(0.544806 19.9983 0)
(0.544969 19.9989 0)
(0.545091 19.9994 0)
(0.545182 19.9998 0)
(0.54525 20 0)
(0.545299 20.0002 0)
(0.545335 20.0003 0)
(0.545361 20.0004 0)
(0.54538 20.0005 0)
(0.545394 20.0005 0)
(0.545404 20.0005 0)
(0.545411 20.0006 0)
(0.545416 20.0006 0)
(0.54542 20.0006 0)
(0.545422 20.0006 0)
(0.545424 20.0006 0)
(0.545425 20.0006 0)
(0.545426 20.0006 0)
(0.545427 20.0006 0)
(0.545427 20.0006 0)
(0.545427 20.0006 0)
(0.545428 20.0006 0)
(0.545428 20.0006 0)
(0.545428 20.0006 0)
(0.545428 20.0006 0)
(0.545428 20.0006 0)
(0.545428 20.0006 0)
(0.545428 20.0006 0)
(0.545428 20.0006 0)
(0.545428 20.0006 0)
(0.545428 20.0006 0)
(0.545428 20.0006 0)
(0.545428 20.0006 0)
(0.545428 20.0006 0)
(0.545428 20.0006 0)
(0.545428 20.0006 0)
(0.545428 20.0006 0)
(0.545428 20.0006 0)
(0.545428 20.0006 0)
(0.545428 20.0006 0)
(0.545428 20.0006 0)
(0.545428 20.0006 0)
(0.545428 20.0006 0)
(0.545428 20.0006 0)
(0.545428 20.0006 0)
(0.545428 20.0006 0)
(0.545428 20.0006 0)
(0.545428 20.0006 0)
(0.545428 20.0006 0)
(0.545428 20.0006 0)
(0.545428 20.0006 0)
(0.545428 20.0006 0)
(0.545428 20.0006 0)
(0.545428 20.0006 0)
(0.545428 20.0006 0)
(0.545428 20.0006 0)
(0.545428 20.0006 0)
(0.545428 20.0006 0)
(0.545428 20.0006 0)
(0.545429 20.0006 0)
(0.545429 20.0006 0)
(0.545429 20.0006 0)
(0.54543 20.0006 0)
(0.545431 20.0006 0)
(0.545433 20.0006 0)
(0.545435 20.0006 0)
(0.545439 20.0006 0)
(0.545446 20.0006 0)
(0.545455 20.0005 0)
(0.54547 20.0005 0)
(0.545494 20.0005 0)
(0.54553 20.0004 0)
(0.54559 20.0003 0)
(0.545687 20.0001 0)
(0.545853 19.9999 0)
(0.546139 19.9995 0)
(0.546659 19.9991 0)
(0.547584 19.9985 0)
(0.54935 19.9978 0)
(0.552142 19.9973 0)
(0.556627 19.997 0)
(0.401656 19.6136 0)
(0.413363 19.6802 0)
(0.437024 19.748 0)
(0.454129 19.8022 0)
(0.464054 19.845 0)
(0.47082 19.8785 0)
(0.475416 19.905 0)
(0.479116 19.926 0)
(0.482024 19.9426 0)
(0.484415 19.9557 0)
(0.486341 19.966 0)
(0.487901 19.9741 0)
(0.489149 19.9804 0)
(0.490143 19.9853 0)
(0.490926 19.9891 0)
(0.491539 19.992 0)
(0.492016 19.9942 0)
(0.492383 19.9959 0)
(0.492665 19.9971 0)
(0.492878 19.9981 0)
(0.49304 19.9988 0)
(0.493161 19.9993 0)
(0.493251 19.9997 0)
(0.493318 19.9999 0)
(0.493368 20.0001 0)
(0.493404 20.0003 0)
(0.49343 20.0004 0)
(0.493449 20.0004 0)
(0.493463 20.0005 0)
(0.493473 20.0005 0)
(0.49348 20.0005 0)
(0.493485 20.0006 0)
(0.493489 20.0006 0)
(0.493492 20.0006 0)
(0.493493 20.0006 0)
(0.493495 20.0006 0)
(0.493496 20.0006 0)
(0.493496 20.0006 0)
(0.493497 20.0006 0)
(0.493497 20.0006 0)
(0.493497 20.0006 0)
(0.493497 20.0006 0)
(0.493497 20.0006 0)
(0.493498 20.0006 0)
(0.493498 20.0006 0)
(0.493498 20.0006 0)
(0.493498 20.0006 0)
(0.493498 20.0006 0)
(0.493498 20.0006 0)
(0.493498 20.0006 0)
(0.493498 20.0006 0)
(0.493498 20.0006 0)
(0.493498 20.0006 0)
(0.493498 20.0006 0)
(0.493498 20.0006 0)
(0.493498 20.0006 0)
(0.493498 20.0006 0)
(0.493498 20.0006 0)
(0.493498 20.0006 0)
(0.493498 20.0006 0)
(0.493498 20.0006 0)
(0.493498 20.0006 0)
(0.493498 20.0006 0)
(0.493498 20.0006 0)
(0.493498 20.0006 0)
(0.493498 20.0006 0)
(0.493498 20.0006 0)
(0.493498 20.0006 0)
(0.493498 20.0006 0)
(0.493498 20.0006 0)
(0.493498 20.0006 0)
(0.493498 20.0006 0)
(0.493498 20.0006 0)
(0.493498 20.0006 0)
(0.493498 20.0006 0)
(0.493498 20.0006 0)
(0.493498 20.0006 0)
(0.493498 20.0006 0)
(0.493498 20.0006 0)
(0.493498 20.0006 0)
(0.493499 20.0006 0)
(0.4935 20.0006 0)
(0.493501 20.0006 0)
(0.493502 20.0006 0)
(0.493505 20.0006 0)
(0.493509 20.0006 0)
(0.493515 20.0006 0)
(0.493525 20.0005 0)
(0.49354 20.0005 0)
(0.493563 20.0004 0)
(0.4936 20.0004 0)
(0.493659 20.0002 0)
(0.493757 20.0001 0)
(0.493926 19.9998 0)
(0.494218 19.9994 0)
(0.494751 19.9988 0)
(0.4957 19.998 0)
(0.497499 19.9971 0)
(0.50031 19.996 0)
(0.504738 19.995 0)
(0.358115 19.5944 0)
(0.367546 19.6585 0)
(0.388494 19.7293 0)
(0.404047 19.7878 0)
(0.413413 19.834 0)
(0.419815 19.8698 0)
(0.424218 19.8982 0)
(0.427754 19.9206 0)
(0.43054 19.9383 0)
(0.432829 19.9523 0)
(0.434674 19.9634 0)
(0.436171 19.9721 0)
(0.437368 19.9788 0)
(0.438322 19.9841 0)
(0.439075 19.9882 0)
(0.439665 19.9913 0)
(0.440123 19.9937 0)
(0.440477 19.9955 0)
(0.440748 19.9968 0)
(0.440955 19.9978 0)
(0.441111 19.9986 0)
(0.441228 19.9992 0)
(0.441315 19.9996 0)
(0.44138 19.9999 0)
(0.441428 20.0001 0)
(0.441463 20.0002 0)
(0.441489 20.0003 0)
(0.441508 20.0004 0)
(0.441521 20.0005 0)
(0.441531 20.0005 0)
(0.441538 20.0005 0)
(0.441543 20.0006 0)
(0.441547 20.0006 0)
(0.441549 20.0006 0)
(0.441551 20.0006 0)
(0.441552 20.0006 0)
(0.441553 20.0006 0)
(0.441554 20.0006 0)
(0.441555 20.0006 0)
(0.441555 20.0006 0)
(0.441555 20.0006 0)
(0.441555 20.0006 0)
(0.441555 20.0006 0)
(0.441555 20.0006 0)
(0.441555 20.0006 0)
(0.441555 20.0006 0)
(0.441555 20.0006 0)
(0.441555 20.0006 0)
(0.441555 20.0006 0)
(0.441556 20.0006 0)
(0.441556 20.0006 0)
(0.441556 20.0006 0)
(0.441556 20.0006 0)
(0.441556 20.0006 0)
(0.441556 20.0006 0)
(0.441556 20.0006 0)
(0.441556 20.0006 0)
(0.441556 20.0006 0)
(0.441556 20.0006 0)
(0.441556 20.0006 0)
(0.441555 20.0006 0)
(0.441555 20.0006 0)
(0.441555 20.0006 0)
(0.441555 20.0006 0)
(0.441555 20.0006 0)
(0.441555 20.0006 0)
(0.441555 20.0006 0)
(0.441555 20.0006 0)
(0.441555 20.0006 0)
(0.441556 20.0006 0)
(0.441556 20.0006 0)
(0.441556 20.0006 0)
(0.441556 20.0006 0)
(0.441556 20.0006 0)
(0.441556 20.0006 0)
(0.441556 20.0006 0)
(0.441556 20.0006 0)
(0.441556 20.0006 0)
(0.441556 20.0006 0)
(0.441556 20.0006 0)
(0.441557 20.0006 0)
(0.441557 20.0006 0)
(0.441558 20.0006 0)
(0.44156 20.0006 0)
(0.441563 20.0006 0)
(0.441566 20.0006 0)
(0.441572 20.0006 0)
(0.441582 20.0005 0)
(0.441596 20.0005 0)
(0.441619 20.0004 0)
(0.441654 20.0003 0)
(0.441713 20.0002 0)
(0.441809 20 0)
(0.441976 19.9997 0)
(0.442266 19.9992 0)
(0.442798 19.9986 0)
(0.443741 19.9976 0)
(0.445521 19.9963 0)
(0.448267 19.9946 0)
(0.452514 19.9931 0)
(0.315071 19.578 0)
(0.322638 19.6395 0)
(0.340877 19.7126 0)
(0.354748 19.7749 0)
(0.363367 19.8239 0)
(0.369283 19.862 0)
(0.373395 19.892 0)
(0.376692 19.9157 0)
(0.379295 19.9345 0)
(0.381433 19.9493 0)
(0.383159 19.961 0)
(0.384558 19.9702 0)
(0.385679 19.9774 0)
(0.386573 19.983 0)
(0.387278 19.9873 0)
(0.387831 19.9907 0)
(0.388261 19.9932 0)
(0.388593 19.9951 0)
(0.388848 19.9966 0)
(0.389042 19.9976 0)
(0.389189 19.9984 0)
(0.389299 19.999 0)
(0.389382 19.9995 0)
(0.389443 19.9998 0)
(0.389488 20 0)
(0.389522 20.0002 0)
(0.389546 20.0003 0)
(0.389564 20.0004 0)
(0.389577 20.0005 0)
(0.389586 20.0005 0)
(0.389593 20.0005 0)
(0.389598 20.0005 0)
(0.389601 20.0006 0)
(0.389604 20.0006 0)
(0.389605 20.0006 0)
(0.389606 20.0006 0)
(0.389607 20.0006 0)
(0.389608 20.0006 0)
(0.389608 20.0006 0)
(0.389609 20.0006 0)
(0.389609 20.0006 0)
(0.389609 20.0006 0)
(0.389609 20.0006 0)
(0.389609 20.0006 0)
(0.389609 20.0006 0)
(0.389609 20.0006 0)
(0.389609 20.0006 0)
(0.389609 20.0006 0)
(0.389609 20.0006 0)
(0.389609 20.0006 0)
(0.389609 20.0006 0)
(0.389609 20.0006 0)
(0.389609 20.0006 0)
(0.389609 20.0006 0)
(0.389609 20.0006 0)
(0.389609 20.0006 0)
(0.389609 20.0006 0)
(0.389609 20.0006 0)
(0.389609 20.0006 0)
(0.389609 20.0006 0)
(0.389609 20.0006 0)
(0.389609 20.0006 0)
(0.389609 20.0006 0)
(0.389609 20.0006 0)
(0.389609 20.0006 0)
(0.389609 20.0006 0)
(0.389609 20.0006 0)
(0.389609 20.0006 0)
(0.389609 20.0006 0)
(0.389609 20.0006 0)
(0.389609 20.0006 0)
(0.389609 20.0006 0)
(0.389609 20.0006 0)
(0.389609 20.0006 0)
(0.389609 20.0006 0)
(0.38961 20.0006 0)
(0.38961 20.0006 0)
(0.38961 20.0006 0)
(0.38961 20.0006 0)
(0.38961 20.0006 0)
(0.389611 20.0006 0)
(0.389611 20.0006 0)
(0.389612 20.0006 0)
(0.389614 20.0006 0)
(0.389616 20.0006 0)
(0.38962 20.0006 0)
(0.389625 20.0005 0)
(0.389634 20.0005 0)
(0.389648 20.0005 0)
(0.389669 20.0004 0)
(0.389703 20.0003 0)
(0.389758 20.0002 0)
(0.389851 19.9999 0)
(0.390011 19.9996 0)
(0.390291 19.9991 0)
(0.390805 19.9983 0)
(0.391715 19.9972 0)
(0.393423 19.9955 0)
(0.39603 19.9933 0)
(0.399991 19.9913 0)
(0.272415 19.564 0)
(0.278442 19.6232 0)
(0.294024 19.698 0)
(0.306129 19.7634 0)
(0.31385 19.815 0)
(0.319174 19.855 0)
(0.32291 19.8865 0)
(0.325902 19.9113 0)
(0.328268 19.931 0)
(0.330211 19.9466 0)
(0.331781 19.9589 0)
(0.333055 19.9686 0)
(0.334075 19.9762 0)
(0.334889 19.9821 0)
(0.335532 19.9866 0)
(0.336036 19.9901 0)
(0.336429 19.9928 0)
(0.336732 19.9948 0)
(0.336964 19.9963 0)
(0.337142 19.9975 0)
(0.337276 19.9983 0)
(0.337377 19.9989 0)
(0.337453 19.9994 0)
(0.337509 19.9997 0)
(0.33755 20 0)
(0.337581 20.0002 0)
(0.337604 20.0003 0)
(0.33762 20.0004 0)
(0.337632 20.0004 0)
(0.33764 20.0005 0)
(0.337647 20.0005 0)
(0.337651 20.0005 0)
(0.337654 20.0006 0)
(0.337656 20.0006 0)
(0.337658 20.0006 0)
(0.337659 20.0006 0)
(0.33766 20.0006 0)
(0.337661 20.0006 0)
(0.337661 20.0006 0)
(0.337661 20.0006 0)
(0.337662 20.0006 0)
(0.337662 20.0006 0)
(0.337662 20.0006 0)
(0.337662 20.0006 0)
(0.337662 20.0006 0)
(0.337662 20.0006 0)
(0.337662 20.0006 0)
(0.337662 20.0006 0)
(0.337662 20.0006 0)
(0.337662 20.0006 0)
(0.337662 20.0006 0)
(0.337662 20.0006 0)
(0.337662 20.0006 0)
(0.337662 20.0006 0)
(0.337662 20.0006 0)
(0.337662 20.0006 0)
(0.337662 20.0006 0)
(0.337662 20.0006 0)
(0.337662 20.0006 0)
(0.337662 20.0006 0)
(0.337662 20.0006 0)
(0.337662 20.0006 0)
(0.337662 20.0006 0)
(0.337662 20.0006 0)
(0.337662 20.0006 0)
(0.337662 20.0006 0)
(0.337662 20.0006 0)
(0.337662 20.0006 0)
(0.337662 20.0006 0)
(0.337662 20.0006 0)
(0.337662 20.0006 0)
(0.337662 20.0006 0)
(0.337662 20.0006 0)
(0.337662 20.0006 0)
(0.337662 20.0006 0)
(0.337662 20.0006 0)
(0.337662 20.0006 0)
(0.337662 20.0006 0)
(0.337662 20.0006 0)
(0.337663 20.0006 0)
(0.337663 20.0006 0)
(0.337664 20.0006 0)
(0.337665 20.0006 0)
(0.337666 20.0006 0)
(0.337668 20.0006 0)
(0.337672 20.0006 0)
(0.337677 20.0005 0)
(0.337685 20.0005 0)
(0.337697 20.0005 0)
(0.337717 20.0004 0)
(0.337748 20.0003 0)
(0.337799 20.0001 0)
(0.337885 19.9999 0)
(0.338034 19.9995 0)
(0.338296 19.999 0)
(0.338778 19.9981 0)
(0.339628 19.9968 0)
(0.341215 19.9948 0)
(0.343614 19.9921 0)
(0.347204 19.9896 0)
(0.230063 19.5523 0)
(0.234803 19.6094 0)
(0.247803 19.6855 0)
(0.258088 19.7534 0)
(0.264791 19.8073 0)
(0.269435 19.8489 0)
(0.27272 19.8817 0)
(0.27535 19.9075 0)
(0.277433 19.928 0)
(0.279143 19.9443 0)
(0.280526 19.9571 0)
(0.281647 19.9672 0)
(0.282547 19.9751 0)
(0.283265 19.9812 0)
(0.283832 19.986 0)
(0.284277 19.9896 0)
(0.284623 19.9924 0)
(0.284891 19.9945 0)
(0.285096 19.9961 0)
(0.285253 19.9973 0)
(0.285372 19.9982 0)
(0.285461 19.9988 0)
(0.285528 19.9993 0)
(0.285578 19.9997 0)
(0.285615 19.9999 0)
(0.285642 20.0001 0)
(0.285662 20.0003 0)
(0.285677 20.0004 0)
(0.285687 20.0004 0)
(0.285695 20.0005 0)
(0.2857 20.0005 0)
(0.285704 20.0005 0)
(0.285707 20.0005 0)
(0.285709 20.0006 0)
(0.285711 20.0006 0)
(0.285712 20.0006 0)
(0.285712 20.0006 0)
(0.285713 20.0006 0)
(0.285713 20.0006 0)
(0.285714 20.0006 0)
(0.285714 20.0006 0)
(0.285714 20.0006 0)
(0.285714 20.0006 0)
(0.285714 20.0006 0)
(0.285714 20.0006 0)
(0.285714 20.0006 0)
(0.285714 20.0006 0)
(0.285714 20.0006 0)
(0.285714 20.0006 0)
(0.285714 20.0006 0)
(0.285714 20.0006 0)
(0.285714 20.0006 0)
(0.285714 20.0006 0)
(0.285714 20.0006 0)
(0.285714 20.0006 0)
(0.285714 20.0006 0)
(0.285714 20.0006 0)
(0.285714 20.0006 0)
(0.285714 20.0006 0)
(0.285714 20.0006 0)
(0.285714 20.0006 0)
(0.285714 20.0006 0)
(0.285714 20.0006 0)
(0.285714 20.0006 0)
(0.285714 20.0006 0)
(0.285714 20.0006 0)
(0.285714 20.0006 0)
(0.285714 20.0006 0)
(0.285714 20.0006 0)
(0.285714 20.0006 0)
(0.285714 20.0006 0)
(0.285714 20.0006 0)
(0.285714 20.0006 0)
(0.285714 20.0006 0)
(0.285714 20.0006 0)
(0.285714 20.0006 0)
(0.285714 20.0006 0)
(0.285714 20.0006 0)
(0.285715 20.0006 0)
(0.285715 20.0006 0)
(0.285715 20.0006 0)
(0.285716 20.0006 0)
(0.285716 20.0006 0)
(0.285718 20.0006 0)
(0.28572 20.0006 0)
(0.285723 20.0006 0)
(0.285727 20.0005 0)
(0.285734 20.0005 0)
(0.285745 20.0005 0)
(0.285763 20.0004 0)
(0.285791 20.0003 0)
(0.285837 20.0001 0)
(0.285913 19.9998 0)
(0.286048 19.9995 0)
(0.286284 19.9988 0)
(0.286719 19.9979 0)
(0.287484 19.9964 0)
(0.288906 19.9942 0)
(0.291038 19.9909 0)
(0.294185 19.988 0)
(0.187946 19.5428 0)
(0.191592 19.598 0)
(0.202092 19.675 0)
(0.210527 19.7451 0)
(0.216121 19.8008 0)
(0.220013 19.8438 0)
(0.222784 19.8776 0)
(0.225003 19.9043 0)
(0.226762 19.9255 0)
(0.228207 19.9423 0)
(0.229375 19.9556 0)
(0.230323 19.966 0)
(0.231084 19.9742 0)
(0.231691 19.9805 0)
(0.232171 19.9854 0)
(0.232547 19.9892 0)
(0.23284 19.9921 0)
(0.233067 19.9943 0)
(0.233241 19.9959 0)
(0.233374 19.9972 0)
(0.233475 19.9981 0)
(0.233551 19.9988 0)
(0.233608 19.9993 0)
(0.23365 19.9996 0)
(0.233681 19.9999 0)
(0.233705 20.0001 0)
(0.233722 20.0002 0)
(0.233734 20.0003 0)
(0.233743 20.0004 0)
(0.23375 20.0005 0)
(0.233754 20.0005 0)
(0.233758 20.0005 0)
(0.23376 20.0005 0)
(0.233762 20.0006 0)
(0.233763 20.0006 0)
(0.233764 20.0006 0)
(0.233765 20.0006 0)
(0.233765 20.0006 0)
(0.233766 20.0006 0)
(0.233766 20.0006 0)
(0.233766 20.0006 0)
(0.233766 20.0006 0)
(0.233766 20.0006 0)
(0.233766 20.0006 0)
(0.233766 20.0006 0)
(0.233766 20.0006 0)
(0.233766 20.0006 0)
(0.233766 20.0006 0)
(0.233766 20.0006 0)
(0.233766 20.0006 0)
(0.233766 20.0006 0)
(0.233766 20.0006 0)
(0.233766 20.0006 0)
(0.233766 20.0006 0)
(0.233766 20.0006 0)
(0.233766 20.0006 0)
(0.233766 20.0006 0)
(0.233766 20.0006 0)
(0.233766 20.0006 0)
(0.233766 20.0006 0)
(0.233766 20.0006 0)
(0.233766 20.0006 0)
(0.233766 20.0006 0)
(0.233766 20.0006 0)
(0.233766 20.0006 0)
(0.233766 20.0006 0)
(0.233766 20.0006 0)
(0.233766 20.0006 0)
(0.233766 20.0006 0)
(0.233766 20.0006 0)
(0.233766 20.0006 0)
(0.233766 20.0006 0)
(0.233766 20.0006 0)
(0.233766 20.0006 0)
(0.233766 20.0006 0)
(0.233766 20.0006 0)
(0.233766 20.0006 0)
(0.233766 20.0006 0)
(0.233767 20.0006 0)
(0.233767 20.0006 0)
(0.233767 20.0006 0)
(0.233767 20.0006 0)
(0.233768 20.0006 0)
(0.233769 20.0006 0)
(0.233771 20.0006 0)
(0.233773 20.0005 0)
(0.233777 20.0005 0)
(0.233783 20.0005 0)
(0.233793 20.0004 0)
(0.233808 20.0004 0)
(0.233831 20.0003 0)
(0.233871 20.0001 0)
(0.233937 19.9998 0)
(0.234052 19.9994 0)
(0.234256 19.9987 0)
(0.234631 19.9977 0)
(0.235289 19.9961 0)
(0.236507 19.9936 0)
(0.238322 19.99 0)
(0.240969 19.9866 0)
(0.146008 19.5352 0)
(0.148707 19.5891 0)
(0.156784 19.6666 0)
(0.163352 19.7384 0)
(0.167768 19.7955 0)
(0.170851 19.8397 0)
(0.173058 19.8743 0)
(0.174825 19.9017 0)
(0.176228 19.9235 0)
(0.177379 19.9407 0)
(0.178311 19.9543 0)
(0.179068 19.965 0)
(0.179675 19.9734 0)
(0.180159 19.9799 0)
(0.180542 19.985 0)
(0.180843 19.9888 0)
(0.181077 19.9918 0)
(0.181259 19.9941 0)
(0.181398 19.9958 0)
(0.181504 19.997 0)
(0.181585 19.998 0)
(0.181645 19.9987 0)
(0.181691 19.9992 0)
(0.181725 19.9996 0)
(0.18175 19.9999 0)
(0.181769 20.0001 0)
(0.181782 20.0002 0)
(0.181792 20.0003 0)
(0.1818 20.0004 0)
(0.181805 20.0005 0)
(0.181809 20.0005 0)
(0.181811 20.0005 0)
(0.181813 20.0005 0)
(0.181815 20.0006 0)
(0.181816 20.0006 0)
(0.181816 20.0006 0)
(0.181817 20.0006 0)
(0.181817 20.0006 0)
(0.181818 20.0006 0)
(0.181818 20.0006 0)
(0.181818 20.0006 0)
(0.181818 20.0006 0)
(0.181818 20.0006 0)
(0.181818 20.0006 0)
(0.181818 20.0006 0)
(0.181818 20.0006 0)
(0.181818 20.0006 0)
(0.181818 20.0006 0)
(0.181818 20.0006 0)
(0.181818 20.0006 0)
(0.181818 20.0006 0)
(0.181818 20.0006 0)
(0.181818 20.0006 0)
(0.181818 20.0006 0)
(0.181818 20.0006 0)
(0.181818 20.0006 0)
(0.181818 20.0006 0)
(0.181818 20.0006 0)
(0.181818 20.0006 0)
(0.181818 20.0006 0)
(0.181818 20.0006 0)
(0.181818 20.0006 0)
(0.181818 20.0006 0)
(0.181818 20.0006 0)
(0.181818 20.0006 0)
(0.181818 20.0006 0)
(0.181818 20.0006 0)
(0.181818 20.0006 0)
(0.181818 20.0006 0)
(0.181818 20.0006 0)
(0.181818 20.0006 0)
(0.181818 20.0006 0)
(0.181818 20.0006 0)
(0.181818 20.0006 0)
(0.181818 20.0006 0)
(0.181818 20.0006 0)
(0.181818 20.0006 0)
(0.181818 20.0006 0)
(0.181818 20.0006 0)
(0.181819 20.0006 0)
(0.181819 20.0006 0)
(0.181819 20.0006 0)
(0.18182 20.0006 0)
(0.181821 20.0006 0)
(0.181822 20.0006 0)
(0.181824 20.0005 0)
(0.181827 20.0005 0)
(0.181832 20.0005 0)
(0.181839 20.0004 0)
(0.181851 20.0004 0)
(0.18187 20.0002 0)
(0.181902 20.0001 0)
(0.181955 19.9998 0)
(0.182049 19.9993 0)
(0.182214 19.9987 0)
(0.182518 19.9976 0)
(0.18305 19.9958 0)
(0.184032 19.9931 0)
(0.185487 19.9891 0)
(0.18759 19.9855 0)
(0.104202 19.5296 0)
(0.106059 19.5824 0)
(0.111778 19.6604 0)
(0.116472 19.7334 0)
(0.119659 19.7916 0)
(0.121891 19.8366 0)
(0.123495 19.8719 0)
(0.12478 19.8998 0)
(0.1258 19.9219 0)
(0.126638 19.9395 0)
(0.127316 19.9534 0)
(0.127866 19.9643 0)
(0.128308 19.9728 0)
(0.128661 19.9795 0)
(0.12894 19.9846 0)
(0.129159 19.9886 0)
(0.12933 19.9916 0)
(0.129462 19.9939 0)
(0.129563 19.9956 0)
(0.129641 19.997 0)
(0.1297 19.9979 0)
(0.129744 19.9987 0)
(0.129777 19.9992 0)
(0.129802 19.9996 0)
(0.12982 19.9999 0)
(0.129834 20.0001 0)
(0.129844 20.0002 0)
(0.129851 20.0003 0)
(0.129856 20.0004 0)
(0.12986 20.0005 0)
(0.129863 20.0005 0)
(0.129865 20.0005 0)
(0.129867 20.0005 0)
(0.129868 20.0006 0)
(0.129868 20.0006 0)
(0.129869 20.0006 0)
(0.129869 20.0006 0)
(0.12987 20.0006 0)
(0.12987 20.0006 0)
(0.12987 20.0006 0)
(0.12987 20.0006 0)
(0.12987 20.0006 0)
(0.12987 20.0006 0)
(0.12987 20.0006 0)
(0.12987 20.0006 0)
(0.12987 20.0006 0)
(0.12987 20.0006 0)
(0.12987 20.0006 0)
(0.12987 20.0006 0)
(0.12987 20.0006 0)
(0.12987 20.0006 0)
(0.12987 20.0006 0)
(0.12987 20.0006 0)
(0.12987 20.0006 0)
(0.12987 20.0006 0)
(0.12987 20.0006 0)
(0.12987 20.0006 0)
(0.12987 20.0006 0)
(0.12987 20.0006 0)
(0.12987 20.0006 0)
(0.12987 20.0006 0)
(0.12987 20.0006 0)
(0.12987 20.0006 0)
(0.12987 20.0006 0)
(0.12987 20.0006 0)
(0.12987 20.0006 0)
(0.12987 20.0006 0)
(0.12987 20.0006 0)
(0.12987 20.0006 0)
(0.12987 20.0006 0)
(0.12987 20.0006 0)
(0.12987 20.0006 0)
(0.12987 20.0006 0)
(0.12987 20.0006 0)
(0.12987 20.0006 0)
(0.12987 20.0006 0)
(0.12987 20.0006 0)
(0.12987 20.0006 0)
(0.12987 20.0006 0)
(0.12987 20.0006 0)
(0.129871 20.0006 0)
(0.129871 20.0006 0)
(0.129871 20.0006 0)
(0.129872 20.0006 0)
(0.129873 20.0006 0)
(0.129874 20.0005 0)
(0.129877 20.0005 0)
(0.12988 20.0005 0)
(0.129886 20.0004 0)
(0.129894 20.0004 0)
(0.129908 20.0002 0)
(0.129931 20 0)
(0.129971 19.9998 0)
(0.130039 19.9993 0)
(0.130161 19.9986 0)
(0.130385 19.9975 0)
(0.130776 19.9956 0)
(0.131496 19.9927 0)
(0.132559 19.9885 0)
(0.134084 19.9847 0)
(0.062486 19.526 0)
(0.0635728 19.5779 0)
(0.0669842 19.6562 0)
(0.0698007 19.73 0)
(0.0717261 19.7889 0)
(0.0730767 19.8345 0)
(0.0740501 19.8702 0)
(0.0748294 19.8984 0)
(0.0754491 19.9209 0)
(0.0759576 19.9387 0)
(0.0763692 19.9527 0)
(0.0767036 19.9638 0)
(0.0769721 19.9724 0)
(0.0771865 19.9792 0)
(0.0773562 19.9844 0)
(0.0774894 19.9884 0)
(0.0775932 19.9915 0)
(0.0776736 19.9938 0)
(0.0777353 19.9956 0)
(0.0777824 19.9969 0)
(0.0778182 19.9979 0)
(0.0778452 19.9986 0)
(0.0778654 19.9992 0)
(0.0778805 19.9996 0)
(0.0778917 19.9998 0)
(0.0779 20.0001 0)
(0.0779061 20.0002 0)
(0.0779105 20.0003 0)
(0.0779137 20.0004 0)
(0.0779161 20.0004 0)
(0.0779178 20.0005 0)
(0.077919 20.0005 0)
(0.0779199 20.0005 0)
(0.0779205 20.0005 0)
(0.077921 20.0006 0)
(0.0779213 20.0006 0)
(0.0779216 20.0006 0)
(0.0779218 20.0006 0)
(0.0779219 20.0006 0)
(0.077922 20.0006 0)
(0.077922 20.0006 0)
(0.077922 20.0006 0)
(0.077922 20.0006 0)
(0.0779221 20.0006 0)
(0.0779221 20.0006 0)
(0.0779221 20.0006 0)
(0.0779221 20.0006 0)
(0.0779221 20.0006 0)
(0.0779221 20.0006 0)
(0.0779221 20.0006 0)
(0.0779221 20.0006 0)
(0.0779221 20.0006 0)
(0.0779221 20.0006 0)
(0.0779221 20.0006 0)
(0.0779221 20.0006 0)
(0.0779221 20.0006 0)
(0.0779221 20.0006 0)
(0.0779221 20.0006 0)
(0.0779221 20.0006 0)
(0.0779221 20.0006 0)
(0.0779221 20.0006 0)
(0.0779221 20.0006 0)
(0.077922 20.0006 0)
(0.077922 20.0006 0)
(0.077922 20.0006 0)
(0.077922 20.0006 0)
(0.077922 20.0006 0)
(0.077922 20.0006 0)
(0.077922 20.0006 0)
(0.077922 20.0006 0)
(0.0779221 20.0006 0)
(0.0779221 20.0006 0)
(0.0779221 20.0006 0)
(0.0779221 20.0006 0)
(0.0779221 20.0006 0)
(0.0779221 20.0006 0)
(0.0779221 20.0006 0)
(0.0779222 20.0006 0)
(0.0779222 20.0006 0)
(0.0779223 20.0006 0)
(0.0779224 20.0006 0)
(0.0779225 20.0006 0)
(0.0779228 20.0006 0)
(0.0779231 20.0006 0)
(0.0779237 20.0006 0)
(0.0779246 20.0005 0)
(0.077926 20.0005 0)
(0.0779282 20.0005 0)
(0.0779315 20.0004 0)
(0.0779368 20.0003 0)
(0.0779454 20.0002 0)
(0.0779595 20 0)
(0.0779834 19.9997 0)
(0.0780254 19.9993 0)
(0.0780998 19.9985 0)
(0.0782367 19.9974 0)
(0.0784763 19.9955 0)
(0.0789159 19.9925 0)
(0.0795626 19.9881 0)
(0.0804872 19.9841 0)
(0.0208232 19.5241 0)
(0.021181 19.5757 0)
(0.0223148 19.6541 0)
(0.0232537 19.7283 0)
(0.0238976 19.7876 0)
(0.0243495 19.8334 0)
(0.0246756 19.8694 0)
(0.0249366 19.8978 0)
(0.0251441 19.9204 0)
(0.0253144 19.9383 0)
(0.0254523 19.9524 0)
(0.0255644 19.9635 0)
(0.0256544 19.9723 0)
(0.0257264 19.979 0)
(0.0257835 19.9843 0)
(0.0258283 19.9883 0)
(0.0258633 19.9914 0)
(0.0258903 19.9938 0)
(0.0259111 19.9955 0)
(0.025927 19.9969 0)
(0.0259391 19.9979 0)
(0.0259482 19.9986 0)
(0.025955 19.9991 0)
(0.0259601 19.9995 0)
(0.0259639 19.9998 0)
(0.0259666 20 0)
(0.0259687 20.0002 0)
(0.0259702 20.0003 0)
(0.0259712 20.0004 0)
(0.025972 20.0004 0)
(0.0259726 20.0005 0)
(0.025973 20.0005 0)
(0.0259733 20.0005 0)
(0.0259735 20.0005 0)
(0.0259737 20.0006 0)
(0.0259738 20.0006 0)
(0.0259739 20.0006 0)
(0.025974 20.0006 0)
(0.025974 20.0006 0)
(0.025974 20.0006 0)
(0.025974 20.0006 0)
(0.0259741 20.0006 0)
(0.025974 20.0006 0)
(0.025974 20.0006 0)
(0.025974 20.0006 0)
(0.025974 20.0006 0)
(0.025974 20.0006 0)
(0.025974 20.0006 0)
(0.025974 20.0006 0)
(0.025974 20.0006 0)
(0.025974 20.0006 0)
(0.0259741 20.0006 0)
(0.0259741 20.0006 0)
(0.0259741 20.0006 0)
(0.0259741 20.0006 0)
(0.0259741 20.0006 0)
(0.0259741 20.0006 0)
(0.0259741 20.0006 0)
(0.025974 20.0006 0)
(0.025974 20.0006 0)
(0.025974 20.0006 0)
(0.025974 20.0006 0)
(0.025974 20.0006 0)
(0.025974 20.0006 0)
(0.025974 20.0006 0)
(0.025974 20.0006 0)
(0.025974 20.0006 0)
(0.025974 20.0006 0)
(0.025974 20.0006 0)
(0.025974 20.0006 0)
(0.025974 20.0006 0)
(0.025974 20.0006 0)
(0.025974 20.0006 0)
(0.025974 20.0006 0)
(0.025974 20.0006 0)
(0.025974 20.0006 0)
(0.025974 20.0006 0)
(0.0259741 20.0006 0)
(0.0259741 20.0006 0)
(0.0259741 20.0006 0)
(0.0259741 20.0006 0)
(0.0259742 20.0006 0)
(0.0259742 20.0006 0)
(0.0259744 20.0006 0)
(0.0259746 20.0006 0)
(0.0259749 20.0005 0)
(0.0259753 20.0005 0)
(0.025976 20.0005 0)
(0.0259772 20.0004 0)
(0.0259789 20.0003 0)
(0.0259818 20.0002 0)
(0.0259865 20 0)
(0.0259946 19.9997 0)
(0.0260088 19.9993 0)
(0.0260338 19.9985 0)
(0.0260799 19.9973 0)
(0.0261605 19.9954 0)
(0.0263083 19.9924 0)
(0.0265255 19.9879 0)
(0.0268352 19.9838 0)
(-0.0208224 19.5241 0)
(-0.0211799 19.5757 0)
(-0.0223134 19.6541 0)
(-0.0232521 19.7283 0)
(-0.0238961 19.7876 0)
(-0.0243486 19.8334 0)
(-0.0246753 19.8694 0)
(-0.0249371 19.8978 0)
(-0.0251454 19.9204 0)
(-0.0253164 19.9383 0)
(-0.0254547 19.9524 0)
(-0.025567 19.9635 0)
(-0.025657 19.9723 0)
(-0.0257288 19.979 0)
(-0.0257854 19.9843 0)
(-0.0258298 19.9883 0)
(-0.0258644 19.9914 0)
(-0.0258912 19.9938 0)
(-0.0259117 19.9955 0)
(-0.0259274 19.9969 0)
(-0.0259393 19.9979 0)
(-0.0259483 19.9986 0)
(-0.025955 19.9991 0)
(-0.02596 19.9995 0)
(-0.0259638 19.9998 0)
(-0.0259665 20 0)
(-0.0259686 20.0002 0)
(-0.0259701 20.0003 0)
(-0.0259712 20.0004 0)
(-0.025972 20.0004 0)
(-0.0259726 20.0005 0)
(-0.025973 20.0005 0)
(-0.0259733 20.0005 0)
(-0.0259735 20.0005 0)
(-0.0259736 20.0006 0)
(-0.0259737 20.0006 0)
(-0.0259738 20.0006 0)
(-0.0259738 20.0006 0)
(-0.0259739 20.0006 0)
(-0.0259739 20.0006 0)
(-0.0259739 20.0006 0)
(-0.0259739 20.0006 0)
(-0.025974 20.0006 0)
(-0.025974 20.0006 0)
(-0.025974 20.0006 0)
(-0.025974 20.0006 0)
(-0.025974 20.0006 0)
(-0.025974 20.0006 0)
(-0.025974 20.0006 0)
(-0.025974 20.0006 0)
(-0.025974 20.0006 0)
(-0.025974 20.0006 0)
(-0.025974 20.0006 0)
(-0.025974 20.0006 0)
(-0.025974 20.0006 0)
(-0.025974 20.0006 0)
(-0.025974 20.0006 0)
(-0.025974 20.0006 0)
(-0.025974 20.0006 0)
(-0.025974 20.0006 0)
(-0.025974 20.0006 0)
(-0.025974 20.0006 0)
(-0.0259741 20.0006 0)
(-0.0259741 20.0006 0)
(-0.0259741 20.0006 0)
(-0.0259741 20.0006 0)
(-0.0259741 20.0006 0)
(-0.0259741 20.0006 0)
(-0.0259741 20.0006 0)
(-0.0259741 20.0006 0)
(-0.0259741 20.0006 0)
(-0.025974 20.0006 0)
(-0.025974 20.0006 0)
(-0.025974 20.0006 0)
(-0.025974 20.0006 0)
(-0.025974 20.0006 0)
(-0.025974 20.0006 0)
(-0.025974 20.0006 0)
(-0.0259741 20.0006 0)
(-0.0259741 20.0006 0)
(-0.0259741 20.0006 0)
(-0.0259742 20.0006 0)
(-0.0259743 20.0006 0)
(-0.0259744 20.0006 0)
(-0.0259746 20.0006 0)
(-0.0259749 20.0005 0)
(-0.0259754 20.0005 0)
(-0.0259761 20.0005 0)
(-0.0259773 20.0004 0)
(-0.0259791 20.0003 0)
(-0.0259819 20.0002 0)
(-0.0259867 20 0)
(-0.0259947 19.9997 0)
(-0.0260089 19.9993 0)
(-0.0260339 19.9985 0)
(-0.0260799 19.9973 0)
(-0.0261605 19.9954 0)
(-0.0263083 19.9924 0)
(-0.0265254 19.9879 0)
(-0.0268351 19.9838 0)
(-0.0624853 19.526 0)
(-0.0635717 19.5779 0)
(-0.0669829 19.6562 0)
(-0.0697991 19.73 0)
(-0.0717247 19.7889 0)
(-0.0730758 19.8345 0)
(-0.0740498 19.8702 0)
(-0.0748299 19.8984 0)
(-0.0754504 19.9209 0)
(-0.0759595 19.9387 0)
(-0.0763716 19.9527 0)
(-0.0767062 19.9638 0)
(-0.0769747 19.9724 0)
(-0.0771888 19.9792 0)
(-0.0773581 19.9844 0)
(-0.0774909 19.9884 0)
(-0.0775944 19.9915 0)
(-0.0776744 19.9938 0)
(-0.0777359 19.9956 0)
(-0.0777828 19.9969 0)
(-0.0778184 19.9979 0)
(-0.0778453 19.9986 0)
(-0.0778655 19.9992 0)
(-0.0778805 19.9996 0)
(-0.0778917 19.9998 0)
(-0.0778999 20.0001 0)
(-0.077906 20.0002 0)
(-0.0779104 20.0003 0)
(-0.0779137 20.0004 0)
(-0.0779161 20.0004 0)
(-0.0779178 20.0005 0)
(-0.077919 20.0005 0)
(-0.0779199 20.0005 0)
(-0.0779205 20.0005 0)
(-0.0779209 20.0006 0)
(-0.0779213 20.0006 0)
(-0.0779215 20.0006 0)
(-0.0779216 20.0006 0)
(-0.0779217 20.0006 0)
(-0.0779218 20.0006 0)
(-0.0779219 20.0006 0)
(-0.0779219 20.0006 0)
(-0.077922 20.0006 0)
(-0.077922 20.0006 0)
(-0.077922 20.0006 0)
(-0.077922 20.0006 0)
(-0.077922 20.0006 0)
(-0.0779221 20.0006 0)
(-0.0779221 20.0006 0)
(-0.0779221 20.0006 0)
(-0.0779221 20.0006 0)
(-0.077922 20.0006 0)
(-0.077922 20.0006 0)
(-0.077922 20.0006 0)
(-0.077922 20.0006 0)
(-0.077922 20.0006 0)
(-0.077922 20.0006 0)
(-0.077922 20.0006 0)
(-0.0779221 20.0006 0)
(-0.0779221 20.0006 0)
(-0.0779221 20.0006 0)
(-0.0779221 20.0006 0)
(-0.0779221 20.0006 0)
(-0.0779221 20.0006 0)
(-0.0779221 20.0006 0)
(-0.0779221 20.0006 0)
(-0.0779221 20.0006 0)
(-0.0779221 20.0006 0)
(-0.0779221 20.0006 0)
(-0.0779221 20.0006 0)
(-0.0779221 20.0006 0)
(-0.0779221 20.0006 0)
(-0.0779221 20.0006 0)
(-0.0779221 20.0006 0)
(-0.0779221 20.0006 0)
(-0.0779221 20.0006 0)
(-0.0779221 20.0006 0)
(-0.0779221 20.0006 0)
(-0.0779222 20.0006 0)
(-0.0779223 20.0006 0)
(-0.0779224 20.0006 0)
(-0.0779225 20.0006 0)
(-0.0779228 20.0006 0)
(-0.0779232 20.0006 0)
(-0.0779238 20.0006 0)
(-0.0779247 20.0005 0)
(-0.0779261 20.0005 0)
(-0.0779283 20.0005 0)
(-0.0779316 20.0004 0)
(-0.077937 20.0003 0)
(-0.0779455 20.0002 0)
(-0.0779596 20 0)
(-0.0779835 19.9997 0)
(-0.0780255 19.9993 0)
(-0.0780999 19.9985 0)
(-0.0782368 19.9974 0)
(-0.0784763 19.9955 0)
(-0.0789158 19.9925 0)
(-0.0795626 19.9881 0)
(-0.0804871 19.9841 0)
(-0.104201 19.5296 0)
(-0.106058 19.5824 0)
(-0.111777 19.6604 0)
(-0.11647 19.7334 0)
(-0.119658 19.7916 0)
(-0.12189 19.8366 0)
(-0.123495 19.8719 0)
(-0.12478 19.8998 0)
(-0.125802 19.9219 0)
(-0.12664 19.9395 0)
(-0.127318 19.9534 0)
(-0.127869 19.9643 0)
(-0.128311 19.9728 0)
(-0.128663 19.9795 0)
(-0.128942 19.9846 0)
(-0.129161 19.9886 0)
(-0.129331 19.9916 0)
(-0.129463 19.9939 0)
(-0.129564 19.9956 0)
(-0.129641 19.997 0)
(-0.1297 19.9979 0)
(-0.129744 19.9987 0)
(-0.129777 19.9992 0)
(-0.129802 19.9996 0)
(-0.12982 19.9999 0)
(-0.129834 20.0001 0)
(-0.129844 20.0002 0)
(-0.129851 20.0003 0)
(-0.129856 20.0004 0)
(-0.12986 20.0005 0)
(-0.129863 20.0005 0)
(-0.129865 20.0005 0)
(-0.129867 20.0005 0)
(-0.129868 20.0006 0)
(-0.129868 20.0006 0)
(-0.129869 20.0006 0)
(-0.129869 20.0006 0)
(-0.129869 20.0006 0)
(-0.12987 20.0006 0)
(-0.12987 20.0006 0)
(-0.12987 20.0006 0)
(-0.12987 20.0006 0)
(-0.12987 20.0006 0)
(-0.12987 20.0006 0)
(-0.12987 20.0006 0)
(-0.12987 20.0006 0)
(-0.12987 20.0006 0)
(-0.12987 20.0006 0)
(-0.12987 20.0006 0)
(-0.12987 20.0006 0)
(-0.12987 20.0006 0)
(-0.12987 20.0006 0)
(-0.12987 20.0006 0)
(-0.12987 20.0006 0)
(-0.12987 20.0006 0)
(-0.12987 20.0006 0)
(-0.12987 20.0006 0)
(-0.12987 20.0006 0)
(-0.12987 20.0006 0)
(-0.12987 20.0006 0)
(-0.12987 20.0006 0)
(-0.12987 20.0006 0)
(-0.12987 20.0006 0)
(-0.12987 20.0006 0)
(-0.12987 20.0006 0)
(-0.12987 20.0006 0)
(-0.12987 20.0006 0)
(-0.12987 20.0006 0)
(-0.12987 20.0006 0)
(-0.12987 20.0006 0)
(-0.12987 20.0006 0)
(-0.12987 20.0006 0)
(-0.12987 20.0006 0)
(-0.12987 20.0006 0)
(-0.12987 20.0006 0)
(-0.12987 20.0006 0)
(-0.12987 20.0006 0)
(-0.12987 20.0006 0)
(-0.12987 20.0006 0)
(-0.12987 20.0006 0)
(-0.129871 20.0006 0)
(-0.129871 20.0006 0)
(-0.129871 20.0006 0)
(-0.129872 20.0006 0)
(-0.129873 20.0006 0)
(-0.129874 20.0005 0)
(-0.129877 20.0005 0)
(-0.12988 20.0005 0)
(-0.129886 20.0004 0)
(-0.129895 20.0004 0)
(-0.129909 20.0002 0)
(-0.129932 20 0)
(-0.129971 19.9998 0)
(-0.130039 19.9993 0)
(-0.130161 19.9986 0)
(-0.130385 19.9975 0)
(-0.130776 19.9956 0)
(-0.131496 19.9927 0)
(-0.132559 19.9885 0)
(-0.134084 19.9847 0)
(-0.146007 19.5352 0)
(-0.148706 19.5891 0)
(-0.156782 19.6666 0)
(-0.16335 19.7384 0)
(-0.167766 19.7955 0)
(-0.17085 19.8397 0)
(-0.173058 19.8743 0)
(-0.174825 19.9017 0)
(-0.176229 19.9235 0)
(-0.177381 19.9407 0)
(-0.178313 19.9543 0)
(-0.17907 19.965 0)
(-0.179677 19.9734 0)
(-0.180162 19.9799 0)
(-0.180544 19.985 0)
(-0.180845 19.9888 0)
(-0.181079 19.9918 0)
(-0.181259 19.9941 0)
(-0.181398 19.9958 0)
(-0.181504 19.997 0)
(-0.181585 19.998 0)
(-0.181646 19.9987 0)
(-0.181691 19.9992 0)
(-0.181725 19.9996 0)
(-0.18175 19.9999 0)
(-0.181769 20.0001 0)
(-0.181782 20.0002 0)
(-0.181792 20.0003 0)
(-0.181799 20.0004 0)
(-0.181805 20.0005 0)
(-0.181809 20.0005 0)
(-0.181811 20.0005 0)
(-0.181813 20.0005 0)
(-0.181815 20.0006 0)
(-0.181816 20.0006 0)
(-0.181816 20.0006 0)
(-0.181817 20.0006 0)
(-0.181817 20.0006 0)
(-0.181817 20.0006 0)
(-0.181818 20.0006 0)
(-0.181818 20.0006 0)
(-0.181818 20.0006 0)
(-0.181818 20.0006 0)
(-0.181818 20.0006 0)
(-0.181818 20.0006 0)
(-0.181818 20.0006 0)
(-0.181818 20.0006 0)
(-0.181818 20.0006 0)
(-0.181818 20.0006 0)
(-0.181818 20.0006 0)
(-0.181818 20.0006 0)
(-0.181818 20.0006 0)
(-0.181818 20.0006 0)
(-0.181818 20.0006 0)
(-0.181818 20.0006 0)
(-0.181818 20.0006 0)
(-0.181818 20.0006 0)
(-0.181818 20.0006 0)
(-0.181818 20.0006 0)
(-0.181818 20.0006 0)
(-0.181818 20.0006 0)
(-0.181818 20.0006 0)
(-0.181818 20.0006 0)
(-0.181818 20.0006 0)
(-0.181818 20.0006 0)
(-0.181818 20.0006 0)
(-0.181818 20.0006 0)
(-0.181818 20.0006 0)
(-0.181818 20.0006 0)
(-0.181818 20.0006 0)
(-0.181818 20.0006 0)
(-0.181818 20.0006 0)
(-0.181818 20.0006 0)
(-0.181818 20.0006 0)
(-0.181818 20.0006 0)
(-0.181818 20.0006 0)
(-0.181818 20.0006 0)
(-0.181818 20.0006 0)
(-0.181818 20.0006 0)
(-0.181819 20.0006 0)
(-0.181819 20.0006 0)
(-0.181819 20.0006 0)
(-0.18182 20.0006 0)
(-0.181821 20.0006 0)
(-0.181822 20.0006 0)
(-0.181824 20.0005 0)
(-0.181827 20.0005 0)
(-0.181832 20.0005 0)
(-0.18184 20.0004 0)
(-0.181852 20.0004 0)
(-0.181871 20.0002 0)
(-0.181902 20.0001 0)
(-0.181955 19.9998 0)
(-0.182049 19.9993 0)
(-0.182214 19.9987 0)
(-0.182518 19.9976 0)
(-0.18305 19.9958 0)
(-0.184032 19.9931 0)
(-0.185487 19.9891 0)
(-0.18759 19.9855 0)
(-0.187945 19.5428 0)
(-0.191591 19.598 0)
(-0.202091 19.675 0)
(-0.210526 19.7451 0)
(-0.21612 19.8008 0)
(-0.220012 19.8438 0)
(-0.222784 19.8776 0)
(-0.225003 19.9043 0)
(-0.226764 19.9255 0)
(-0.228209 19.9423 0)
(-0.229377 19.9556 0)
(-0.230326 19.966 0)
(-0.231086 19.9741 0)
(-0.231693 19.9805 0)
(-0.232172 19.9854 0)
(-0.232549 19.9892 0)
(-0.232841 19.9921 0)
(-0.233068 19.9943 0)
(-0.233242 19.9959 0)
(-0.233375 19.9972 0)
(-0.233475 19.9981 0)
(-0.233551 19.9988 0)
(-0.233608 19.9993 0)
(-0.23365 19.9996 0)
(-0.233681 19.9999 0)
(-0.233705 20.0001 0)
(-0.233721 20.0002 0)
(-0.233734 20.0003 0)
(-0.233743 20.0004 0)
(-0.23375 20.0005 0)
(-0.233754 20.0005 0)
(-0.233758 20.0005 0)
(-0.23376 20.0005 0)
(-0.233762 20.0006 0)
(-0.233763 20.0006 0)
(-0.233764 20.0006 0)
(-0.233765 20.0006 0)
(-0.233765 20.0006 0)
(-0.233765 20.0006 0)
(-0.233766 20.0006 0)
(-0.233766 20.0006 0)
(-0.233766 20.0006 0)
(-0.233766 20.0006 0)
(-0.233766 20.0006 0)
(-0.233766 20.0006 0)
(-0.233766 20.0006 0)
(-0.233766 20.0006 0)
(-0.233766 20.0006 0)
(-0.233766 20.0006 0)
(-0.233766 20.0006 0)
(-0.233766 20.0006 0)
(-0.233766 20.0006 0)
(-0.233766 20.0006 0)
(-0.233766 20.0006 0)
(-0.233766 20.0006 0)
(-0.233766 20.0006 0)
(-0.233766 20.0006 0)
(-0.233766 20.0006 0)
(-0.233766 20.0006 0)
(-0.233766 20.0006 0)
(-0.233766 20.0006 0)
(-0.233766 20.0006 0)
(-0.233766 20.0006 0)
(-0.233766 20.0006 0)
(-0.233766 20.0006 0)
(-0.233766 20.0006 0)
(-0.233766 20.0006 0)
(-0.233766 20.0006 0)
(-0.233766 20.0006 0)
(-0.233766 20.0006 0)
(-0.233766 20.0006 0)
(-0.233766 20.0006 0)
(-0.233766 20.0006 0)
(-0.233766 20.0006 0)
(-0.233766 20.0006 0)
(-0.233766 20.0006 0)
(-0.233766 20.0006 0)
(-0.233766 20.0006 0)
(-0.233767 20.0006 0)
(-0.233767 20.0006 0)
(-0.233767 20.0006 0)
(-0.233767 20.0006 0)
(-0.233768 20.0006 0)
(-0.233769 20.0006 0)
(-0.233771 20.0006 0)
(-0.233773 20.0005 0)
(-0.233777 20.0005 0)
(-0.233783 20.0005 0)
(-0.233793 20.0004 0)
(-0.233808 20.0004 0)
(-0.233832 20.0003 0)
(-0.233871 20.0001 0)
(-0.233937 19.9998 0)
(-0.234052 19.9994 0)
(-0.234256 19.9987 0)
(-0.234631 19.9977 0)
(-0.235289 19.9961 0)
(-0.236507 19.9936 0)
(-0.238321 19.99 0)
(-0.240969 19.9866 0)
(-0.230062 19.5523 0)
(-0.234802 19.6094 0)
(-0.247802 19.6855 0)
(-0.258087 19.7534 0)
(-0.26479 19.8073 0)
(-0.269435 19.8489 0)
(-0.27272 19.8817 0)
(-0.27535 19.9075 0)
(-0.277434 19.928 0)
(-0.279145 19.9443 0)
(-0.280528 19.9571 0)
(-0.28165 19.9672 0)
(-0.282549 19.9751 0)
(-0.283267 19.9812 0)
(-0.283833 19.986 0)
(-0.284278 19.9896 0)
(-0.284624 19.9924 0)
(-0.284891 19.9945 0)
(-0.285097 19.9961 0)
(-0.285253 19.9973 0)
(-0.285372 19.9982 0)
(-0.285461 19.9988 0)
(-0.285528 19.9993 0)
(-0.285578 19.9997 0)
(-0.285615 19.9999 0)
(-0.285642 20.0001 0)
(-0.285662 20.0003 0)
(-0.285676 20.0004 0)
(-0.285687 20.0004 0)
(-0.285695 20.0005 0)
(-0.2857 20.0005 0)
(-0.285704 20.0005 0)
(-0.285707 20.0005 0)
(-0.285709 20.0006 0)
(-0.285711 20.0006 0)
(-0.285712 20.0006 0)
(-0.285712 20.0006 0)
(-0.285713 20.0006 0)
(-0.285713 20.0006 0)
(-0.285713 20.0006 0)
(-0.285714 20.0006 0)
(-0.285714 20.0006 0)
(-0.285714 20.0006 0)
(-0.285714 20.0006 0)
(-0.285714 20.0006 0)
(-0.285714 20.0006 0)
(-0.285714 20.0006 0)
(-0.285714 20.0006 0)
(-0.285714 20.0006 0)
(-0.285714 20.0006 0)
(-0.285714 20.0006 0)
(-0.285714 20.0006 0)
(-0.285714 20.0006 0)
(-0.285714 20.0006 0)
(-0.285714 20.0006 0)
(-0.285714 20.0006 0)
(-0.285714 20.0006 0)
(-0.285714 20.0006 0)
(-0.285714 20.0006 0)
(-0.285714 20.0006 0)
(-0.285714 20.0006 0)
(-0.285714 20.0006 0)
(-0.285714 20.0006 0)
(-0.285714 20.0006 0)
(-0.285714 20.0006 0)
(-0.285714 20.0006 0)
(-0.285714 20.0006 0)
(-0.285714 20.0006 0)
(-0.285714 20.0006 0)
(-0.285714 20.0006 0)
(-0.285714 20.0006 0)
(-0.285714 20.0006 0)
(-0.285714 20.0006 0)
(-0.285714 20.0006 0)
(-0.285714 20.0006 0)
(-0.285714 20.0006 0)
(-0.285714 20.0006 0)
(-0.285714 20.0006 0)
(-0.285715 20.0006 0)
(-0.285715 20.0006 0)
(-0.285715 20.0006 0)
(-0.285716 20.0006 0)
(-0.285716 20.0006 0)
(-0.285718 20.0006 0)
(-0.28572 20.0006 0)
(-0.285723 20.0006 0)
(-0.285727 20.0005 0)
(-0.285734 20.0005 0)
(-0.285746 20.0005 0)
(-0.285763 20.0004 0)
(-0.285791 20.0003 0)
(-0.285837 20.0001 0)
(-0.285914 19.9998 0)
(-0.286048 19.9995 0)
(-0.286284 19.9988 0)
(-0.286719 19.9979 0)
(-0.287484 19.9964 0)
(-0.288906 19.9942 0)
(-0.291038 19.9909 0)
(-0.294185 19.988 0)
(-0.272415 19.564 0)
(-0.278442 19.6232 0)
(-0.294023 19.698 0)
(-0.306128 19.7634 0)
(-0.313849 19.815 0)
(-0.319173 19.855 0)
(-0.32291 19.8865 0)
(-0.325902 19.9113 0)
(-0.328269 19.931 0)
(-0.330213 19.9466 0)
(-0.331783 19.9589 0)
(-0.333057 19.9686 0)
(-0.334078 19.9762 0)
(-0.334891 19.9821 0)
(-0.335534 19.9866 0)
(-0.336038 19.9901 0)
(-0.33643 19.9928 0)
(-0.336732 19.9948 0)
(-0.336965 19.9963 0)
(-0.337142 19.9975 0)
(-0.337276 19.9983 0)
(-0.337377 19.9989 0)
(-0.337453 19.9994 0)
(-0.337509 19.9997 0)
(-0.33755 20 0)
(-0.337581 20.0002 0)
(-0.337603 20.0003 0)
(-0.33762 20.0004 0)
(-0.337632 20.0004 0)
(-0.33764 20.0005 0)
(-0.337647 20.0005 0)
(-0.337651 20.0005 0)
(-0.337654 20.0006 0)
(-0.337656 20.0006 0)
(-0.337658 20.0006 0)
(-0.337659 20.0006 0)
(-0.33766 20.0006 0)
(-0.337661 20.0006 0)
(-0.337661 20.0006 0)
(-0.337661 20.0006 0)
(-0.337661 20.0006 0)
(-0.337662 20.0006 0)
(-0.337662 20.0006 0)
(-0.337662 20.0006 0)
(-0.337662 20.0006 0)
(-0.337662 20.0006 0)
(-0.337662 20.0006 0)
(-0.337662 20.0006 0)
(-0.337662 20.0006 0)
(-0.337662 20.0006 0)
(-0.337662 20.0006 0)
(-0.337662 20.0006 0)
(-0.337662 20.0006 0)
(-0.337662 20.0006 0)
(-0.337662 20.0006 0)
(-0.337662 20.0006 0)
(-0.337662 20.0006 0)
(-0.337662 20.0006 0)
(-0.337662 20.0006 0)
(-0.337662 20.0006 0)
(-0.337662 20.0006 0)
(-0.337662 20.0006 0)
(-0.337662 20.0006 0)
(-0.337662 20.0006 0)
(-0.337662 20.0006 0)
(-0.337662 20.0006 0)
(-0.337662 20.0006 0)
(-0.337662 20.0006 0)
(-0.337662 20.0006 0)
(-0.337662 20.0006 0)
(-0.337662 20.0006 0)
(-0.337662 20.0006 0)
(-0.337662 20.0006 0)
(-0.337662 20.0006 0)
(-0.337662 20.0006 0)
(-0.337662 20.0006 0)
(-0.337662 20.0006 0)
(-0.337662 20.0006 0)
(-0.337662 20.0006 0)
(-0.337663 20.0006 0)
(-0.337663 20.0006 0)
(-0.337664 20.0006 0)
(-0.337665 20.0006 0)
(-0.337666 20.0006 0)
(-0.337668 20.0006 0)
(-0.337672 20.0006 0)
(-0.337677 20.0005 0)
(-0.337685 20.0005 0)
(-0.337697 20.0005 0)
(-0.337717 20.0004 0)
(-0.337748 20.0003 0)
(-0.3378 20.0001 0)
(-0.337885 19.9999 0)
(-0.338035 19.9995 0)
(-0.338296 19.999 0)
(-0.338778 19.9981 0)
(-0.339628 19.9968 0)
(-0.341215 19.9948 0)
(-0.343614 19.9921 0)
(-0.347203 19.9896 0)
(-0.31507 19.578 0)
(-0.322637 19.6395 0)
(-0.340876 19.7126 0)
(-0.354747 19.7749 0)
(-0.363366 19.8239 0)
(-0.369282 19.862 0)
(-0.373396 19.892 0)
(-0.376693 19.9157 0)
(-0.379297 19.9345 0)
(-0.381435 19.9493 0)
(-0.383161 19.961 0)
(-0.38456 19.9702 0)
(-0.385681 19.9774 0)
(-0.386575 19.983 0)
(-0.38728 19.9873 0)
(-0.387832 19.9907 0)
(-0.388262 19.9932 0)
(-0.388594 19.9951 0)
(-0.388849 19.9966 0)
(-0.389042 19.9976 0)
(-0.389189 19.9984 0)
(-0.389299 19.999 0)
(-0.389382 19.9995 0)
(-0.389443 19.9998 0)
(-0.389488 20 0)
(-0.389522 20.0002 0)
(-0.389546 20.0003 0)
(-0.389564 20.0004 0)
(-0.389577 20.0005 0)
(-0.389586 20.0005 0)
(-0.389593 20.0005 0)
(-0.389598 20.0005 0)
(-0.389601 20.0006 0)
(-0.389603 20.0006 0)
(-0.389605 20.0006 0)
(-0.389606 20.0006 0)
(-0.389607 20.0006 0)
(-0.389608 20.0006 0)
(-0.389608 20.0006 0)
(-0.389609 20.0006 0)
(-0.389609 20.0006 0)
(-0.389609 20.0006 0)
(-0.389609 20.0006 0)
(-0.389609 20.0006 0)
(-0.389609 20.0006 0)
(-0.389609 20.0006 0)
(-0.389609 20.0006 0)
(-0.389609 20.0006 0)
(-0.389609 20.0006 0)
(-0.389609 20.0006 0)
(-0.389609 20.0006 0)
(-0.389609 20.0006 0)
(-0.389609 20.0006 0)
(-0.389609 20.0006 0)
(-0.389609 20.0006 0)
(-0.389609 20.0006 0)
(-0.389609 20.0006 0)
(-0.389609 20.0006 0)
(-0.389609 20.0006 0)
(-0.389609 20.0006 0)
(-0.389609 20.0006 0)
(-0.389609 20.0006 0)
(-0.389609 20.0006 0)
(-0.389609 20.0006 0)
(-0.389609 20.0006 0)
(-0.389609 20.0006 0)
(-0.389609 20.0006 0)
(-0.389609 20.0006 0)
(-0.389609 20.0006 0)
(-0.389609 20.0006 0)
(-0.389609 20.0006 0)
(-0.389609 20.0006 0)
(-0.389609 20.0006 0)
(-0.389609 20.0006 0)
(-0.389609 20.0006 0)
(-0.38961 20.0006 0)
(-0.38961 20.0006 0)
(-0.38961 20.0006 0)
(-0.38961 20.0006 0)
(-0.38961 20.0006 0)
(-0.389611 20.0006 0)
(-0.389611 20.0006 0)
(-0.389612 20.0006 0)
(-0.389614 20.0006 0)
(-0.389616 20.0006 0)
(-0.38962 20.0006 0)
(-0.389626 20.0005 0)
(-0.389634 20.0005 0)
(-0.389648 20.0005 0)
(-0.389669 20.0004 0)
(-0.389703 20.0003 0)
(-0.389759 20.0002 0)
(-0.389851 19.9999 0)
(-0.390011 19.9996 0)
(-0.390291 19.9991 0)
(-0.390806 19.9983 0)
(-0.391715 19.9972 0)
(-0.393423 19.9955 0)
(-0.39603 19.9933 0)
(-0.399991 19.9913 0)
(-0.358115 19.5944 0)
(-0.367545 19.6585 0)
(-0.388493 19.7293 0)
(-0.404046 19.7878 0)
(-0.413412 19.834 0)
(-0.419815 19.8698 0)
(-0.424219 19.8982 0)
(-0.427755 19.9206 0)
(-0.430541 19.9383 0)
(-0.43283 19.9523 0)
(-0.434676 19.9634 0)
(-0.436173 19.9721 0)
(-0.43737 19.9788 0)
(-0.438324 19.9841 0)
(-0.439076 19.9882 0)
(-0.439666 19.9913 0)
(-0.440124 19.9937 0)
(-0.440478 19.9955 0)
(-0.440749 19.9968 0)
(-0.440955 19.9978 0)
(-0.441111 19.9986 0)
(-0.441228 19.9992 0)
(-0.441315 19.9996 0)
(-0.44138 19.9999 0)
(-0.441428 20.0001 0)
(-0.441463 20.0002 0)
(-0.441489 20.0003 0)
(-0.441508 20.0004 0)
(-0.441521 20.0005 0)
(-0.441531 20.0005 0)
(-0.441538 20.0005 0)
(-0.441543 20.0006 0)
(-0.441547 20.0006 0)
(-0.441549 20.0006 0)
(-0.441551 20.0006 0)
(-0.441552 20.0006 0)
(-0.441553 20.0006 0)
(-0.441554 20.0006 0)
(-0.441554 20.0006 0)
(-0.441555 20.0006 0)
(-0.441555 20.0006 0)
(-0.441555 20.0006 0)
(-0.441555 20.0006 0)
(-0.441555 20.0006 0)
(-0.441555 20.0006 0)
(-0.441555 20.0006 0)
(-0.441555 20.0006 0)
(-0.441555 20.0006 0)
(-0.441556 20.0006 0)
(-0.441556 20.0006 0)
(-0.441556 20.0006 0)
(-0.441555 20.0006 0)
(-0.441555 20.0006 0)
(-0.441555 20.0006 0)
(-0.441556 20.0006 0)
(-0.441556 20.0006 0)
(-0.441556 20.0006 0)
(-0.441556 20.0006 0)
(-0.441556 20.0006 0)
(-0.441556 20.0006 0)
(-0.441556 20.0006 0)
(-0.441556 20.0006 0)
(-0.441556 20.0006 0)
(-0.441556 20.0006 0)
(-0.441556 20.0006 0)
(-0.441556 20.0006 0)
(-0.441556 20.0006 0)
(-0.441556 20.0006 0)
(-0.441556 20.0006 0)
(-0.441556 20.0006 0)
(-0.441556 20.0006 0)
(-0.441556 20.0006 0)
(-0.441556 20.0006 0)
(-0.441556 20.0006 0)
(-0.441556 20.0006 0)
(-0.441556 20.0006 0)
(-0.441556 20.0006 0)
(-0.441556 20.0006 0)
(-0.441556 20.0006 0)
(-0.441556 20.0006 0)
(-0.441557 20.0006 0)
(-0.441557 20.0006 0)
(-0.441558 20.0006 0)
(-0.44156 20.0006 0)
(-0.441563 20.0006 0)
(-0.441567 20.0006 0)
(-0.441573 20.0006 0)
(-0.441582 20.0005 0)
(-0.441596 20.0005 0)
(-0.441619 20.0004 0)
(-0.441655 20.0003 0)
(-0.441713 20.0002 0)
(-0.441809 20 0)
(-0.441976 19.9997 0)
(-0.442266 19.9992 0)
(-0.442798 19.9986 0)
(-0.443741 19.9976 0)
(-0.44552 19.9963 0)
(-0.448267 19.9946 0)
(-0.452513 19.9931 0)
(-0.401656 19.6136 0)
(-0.413363 19.6802 0)
(-0.437024 19.748 0)
(-0.454128 19.8022 0)
(-0.464053 19.845 0)
(-0.47082 19.8785 0)
(-0.475416 19.905 0)
(-0.479117 19.926 0)
(-0.482026 19.9426 0)
(-0.484417 19.9557 0)
(-0.486343 19.966 0)
(-0.487903 19.9741 0)
(-0.489151 19.9804 0)
(-0.490144 19.9853 0)
(-0.490927 19.9891 0)
(-0.49154 19.992 0)
(-0.492016 19.9942 0)
(-0.492384 19.9959 0)
(-0.492665 19.9971 0)
(-0.492879 19.9981 0)
(-0.49304 19.9988 0)
(-0.493161 19.9993 0)
(-0.493251 19.9997 0)
(-0.493318 19.9999 0)
(-0.493368 20.0001 0)
(-0.493404 20.0003 0)
(-0.49343 20.0004 0)
(-0.493449 20.0004 0)
(-0.493463 20.0005 0)
(-0.493473 20.0005 0)
(-0.49348 20.0005 0)
(-0.493485 20.0006 0)
(-0.493489 20.0006 0)
(-0.493492 20.0006 0)
(-0.493493 20.0006 0)
(-0.493495 20.0006 0)
(-0.493496 20.0006 0)
(-0.493496 20.0006 0)
(-0.493497 20.0006 0)
(-0.493497 20.0006 0)
(-0.493497 20.0006 0)
(-0.493497 20.0006 0)
(-0.493497 20.0006 0)
(-0.493498 20.0006 0)
(-0.493498 20.0006 0)
(-0.493498 20.0006 0)
(-0.493498 20.0006 0)
(-0.493498 20.0006 0)
(-0.493498 20.0006 0)
(-0.493498 20.0006 0)
(-0.493498 20.0006 0)
(-0.493498 20.0006 0)
(-0.493498 20.0006 0)
(-0.493498 20.0006 0)
(-0.493498 20.0006 0)
(-0.493498 20.0006 0)
(-0.493498 20.0006 0)
(-0.493498 20.0006 0)
(-0.493498 20.0006 0)
(-0.493498 20.0006 0)
(-0.493498 20.0006 0)
(-0.493498 20.0006 0)
(-0.493498 20.0006 0)
(-0.493498 20.0006 0)
(-0.493498 20.0006 0)
(-0.493498 20.0006 0)
(-0.493498 20.0006 0)
(-0.493498 20.0006 0)
(-0.493498 20.0006 0)
(-0.493498 20.0006 0)
(-0.493498 20.0006 0)
(-0.493498 20.0006 0)
(-0.493498 20.0006 0)
(-0.493498 20.0006 0)
(-0.493498 20.0006 0)
(-0.493498 20.0006 0)
(-0.493498 20.0006 0)
(-0.493498 20.0006 0)
(-0.493498 20.0006 0)
(-0.493498 20.0006 0)
(-0.493499 20.0006 0)
(-0.4935 20.0006 0)
(-0.493501 20.0006 0)
(-0.493502 20.0006 0)
(-0.493505 20.0006 0)
(-0.493509 20.0006 0)
(-0.493515 20.0006 0)
(-0.493525 20.0005 0)
(-0.49354 20.0005 0)
(-0.493563 20.0004 0)
(-0.4936 20.0004 0)
(-0.493659 20.0002 0)
(-0.493757 20.0001 0)
(-0.493926 19.9998 0)
(-0.494218 19.9994 0)
(-0.494751 19.9988 0)
(-0.495699 19.998 0)
(-0.497499 19.9971 0)
(-0.50031 19.996 0)
(-0.504738 19.995 0)
(-0.445833 19.6358 0)
(-0.460337 19.7046 0)
(-0.486626 19.7686 0)
(-0.505092 19.8179 0)
(-0.515348 19.8571 0)
(-0.522336 19.8879 0)
(-0.527017 19.9124 0)
(-0.530802 19.9318 0)
(-0.533766 19.9472 0)
(-0.536205 19.9592 0)
(-0.538167 19.9688 0)
(-0.539756 19.9762 0)
(-0.541025 19.982 0)
(-0.542034 19.9865 0)
(-0.542829 19.99 0)
(-0.543451 19.9927 0)
(-0.543934 19.9947 0)
(-0.544306 19.9963 0)
(-0.544591 19.9974 0)
(-0.544807 19.9983 0)
(-0.544969 19.9989 0)
(-0.545091 19.9994 0)
(-0.545182 19.9998 0)
(-0.545249 20 0)
(-0.545299 20.0002 0)
(-0.545335 20.0003 0)
(-0.545361 20.0004 0)
(-0.54538 20.0005 0)
(-0.545394 20.0005 0)
(-0.545404 20.0005 0)
(-0.545411 20.0006 0)
(-0.545416 20.0006 0)
(-0.54542 20.0006 0)
(-0.545422 20.0006 0)
(-0.545424 20.0006 0)
(-0.545425 20.0006 0)
(-0.545426 20.0006 0)
(-0.545427 20.0006 0)
(-0.545427 20.0006 0)
(-0.545427 20.0006 0)
(-0.545428 20.0006 0)
(-0.545428 20.0006 0)
(-0.545428 20.0006 0)
(-0.545428 20.0006 0)
(-0.545428 20.0006 0)
(-0.545428 20.0006 0)
(-0.545428 20.0006 0)
(-0.545428 20.0006 0)
(-0.545428 20.0006 0)
(-0.545428 20.0006 0)
(-0.545428 20.0006 0)
(-0.545428 20.0006 0)
(-0.545428 20.0006 0)
(-0.545428 20.0006 0)
(-0.545428 20.0006 0)
(-0.545428 20.0006 0)
(-0.545428 20.0006 0)
(-0.545428 20.0006 0)
(-0.545428 20.0006 0)
(-0.545428 20.0006 0)
(-0.545428 20.0006 0)
(-0.545428 20.0006 0)
(-0.545428 20.0006 0)
(-0.545428 20.0006 0)
(-0.545428 20.0006 0)
(-0.545428 20.0006 0)
(-0.545428 20.0006 0)
(-0.545428 20.0006 0)
(-0.545428 20.0006 0)
(-0.545428 20.0006 0)
(-0.545428 20.0006 0)
(-0.545428 20.0006 0)
(-0.545428 20.0006 0)
(-0.545428 20.0006 0)
(-0.545428 20.0006 0)
(-0.545428 20.0006 0)
(-0.545428 20.0006 0)
(-0.545428 20.0006 0)
(-0.545429 20.0006 0)
(-0.545429 20.0006 0)
(-0.545429 20.0006 0)
(-0.54543 20.0006 0)
(-0.545431 20.0006 0)
(-0.545433 20.0006 0)
(-0.545435 20.0006 0)
(-0.545439 20.0006 0)
(-0.545446 20.0006 0)
(-0.545455 20.0005 0)
(-0.54547 20.0005 0)
(-0.545494 20.0005 0)
(-0.54553 20.0004 0)
(-0.54559 20.0003 0)
(-0.545687 20.0001 0)
(-0.545853 19.9999 0)
(-0.546139 19.9995 0)
(-0.546659 19.9991 0)
(-0.547584 19.9985 0)
(-0.54935 19.9978 0)
(-0.552142 19.9973 0)
(-0.556627 19.997 0)
(-0.490824 19.6614 0)
(-0.508775 19.732 0)
(-0.537459 19.7909 0)
(-0.55702 19.8348 0)
(-0.567333 19.87 0)
(-0.574386 19.898 0)
(-0.579032 19.9204 0)
(-0.582811 19.9381 0)
(-0.58576 19.9521 0)
(-0.588189 19.9631 0)
(-0.590139 19.9717 0)
(-0.591717 19.9785 0)
(-0.592976 19.9838 0)
(-0.593977 19.9879 0)
(-0.594764 19.9911 0)
(-0.595379 19.9935 0)
(-0.595856 19.9953 0)
(-0.596224 19.9967 0)
(-0.596504 19.9978 0)
(-0.596717 19.9986 0)
(-0.596877 19.9991 0)
(-0.596996 19.9996 0)
(-0.597085 19.9999 0)
(-0.597151 20.0001 0)
(-0.597199 20.0002 0)
(-0.597234 20.0004 0)
(-0.597259 20.0004 0)
(-0.597278 20.0005 0)
(-0.597291 20.0005 0)
(-0.5973 20.0006 0)
(-0.597307 20.0006 0)
(-0.597312 20.0006 0)
(-0.597315 20.0006 0)
(-0.597318 20.0006 0)
(-0.597319 20.0006 0)
(-0.597321 20.0006 0)
(-0.597321 20.0006 0)
(-0.597322 20.0006 0)
(-0.597322 20.0006 0)
(-0.597323 20.0006 0)
(-0.597323 20.0006 0)
(-0.597323 20.0006 0)
(-0.597323 20.0006 0)
(-0.597323 20.0006 0)
(-0.597323 20.0006 0)
(-0.597323 20.0006 0)
(-0.597323 20.0006 0)
(-0.597323 20.0006 0)
(-0.597323 20.0006 0)
(-0.597323 20.0006 0)
(-0.597323 20.0006 0)
(-0.597323 20.0006 0)
(-0.597323 20.0006 0)
(-0.597323 20.0006 0)
(-0.597323 20.0006 0)
(-0.597323 20.0006 0)
(-0.597323 20.0006 0)
(-0.597323 20.0006 0)
(-0.597323 20.0006 0)
(-0.597323 20.0006 0)
(-0.597323 20.0006 0)
(-0.597323 20.0006 0)
(-0.597323 20.0006 0)
(-0.597323 20.0006 0)
(-0.597323 20.0006 0)
(-0.597323 20.0006 0)
(-0.597323 20.0006 0)
(-0.597323 20.0006 0)
(-0.597323 20.0006 0)
(-0.597323 20.0006 0)
(-0.597323 20.0006 0)
(-0.597323 20.0006 0)
(-0.597323 20.0006 0)
(-0.597323 20.0006 0)
(-0.597323 20.0006 0)
(-0.597324 20.0006 0)
(-0.597324 20.0006 0)
(-0.597324 20.0006 0)
(-0.597324 20.0006 0)
(-0.597324 20.0006 0)
(-0.597325 20.0006 0)
(-0.597325 20.0006 0)
(-0.597326 20.0006 0)
(-0.597328 20.0006 0)
(-0.597331 20.0006 0)
(-0.597334 20.0006 0)
(-0.597341 20.0006 0)
(-0.59735 20.0006 0)
(-0.597365 20.0005 0)
(-0.597387 20.0005 0)
(-0.597423 20.0004 0)
(-0.597481 20.0003 0)
(-0.597575 20.0002 0)
(-0.597734 20 0)
(-0.598006 19.9997 0)
(-0.598498 19.9993 0)
(-0.599374 19.9989 0)
(-0.60105 19.9985 0)
(-0.603737 19.9986 0)
(-0.608131 19.9988 0)
(-0.536843 19.6912 0)
(-0.559034 19.7622 0)
(-0.589647 19.8149 0)
(-0.609938 19.8527 0)
(-0.619991 19.8837 0)
(-0.626936 19.9087 0)
(-0.631421 19.9288 0)
(-0.635102 19.9447 0)
(-0.637958 19.9573 0)
(-0.640314 19.9671 0)
(-0.6422 19.9749 0)
(-0.643726 19.9809 0)
(-0.644941 19.9856 0)
(-0.645906 19.9893 0)
(-0.646665 19.9921 0)
(-0.647257 19.9943 0)
(-0.647715 19.9959 0)
(-0.648068 19.9972 0)
(-0.648336 19.9981 0)
(-0.648539 19.9988 0)
(-0.648692 19.9993 0)
(-0.648805 19.9997 0)
(-0.64889 20 0)
(-0.648952 20.0002 0)
(-0.648997 20.0003 0)
(-0.64903 20.0004 0)
(-0.649054 20.0005 0)
(-0.649071 20.0005 0)
(-0.649083 20.0005 0)
(-0.649092 20.0006 0)
(-0.649098 20.0006 0)
(-0.649103 20.0006 0)
(-0.649106 20.0006 0)
(-0.649108 20.0006 0)
(-0.64911 20.0006 0)
(-0.649111 20.0006 0)
(-0.649111 20.0006 0)
(-0.649112 20.0006 0)
(-0.649112 20.0006 0)
(-0.649112 20.0006 0)
(-0.649113 20.0006 0)
(-0.649113 20.0006 0)
(-0.649113 20.0006 0)
(-0.649113 20.0006 0)
(-0.649113 20.0006 0)
(-0.649113 20.0006 0)
(-0.649113 20.0006 0)
(-0.649113 20.0006 0)
(-0.649113 20.0006 0)
(-0.649113 20.0006 0)
(-0.649113 20.0006 0)
(-0.649113 20.0006 0)
(-0.649113 20.0006 0)
(-0.649113 20.0006 0)
(-0.649113 20.0006 0)
(-0.649113 20.0006 0)
(-0.649113 20.0006 0)
(-0.649113 20.0006 0)
(-0.649113 20.0006 0)
(-0.649113 20.0006 0)
(-0.649113 20.0006 0)
(-0.649113 20.0006 0)
(-0.649113 20.0006 0)
(-0.649113 20.0006 0)
(-0.649113 20.0006 0)
(-0.649113 20.0006 0)
(-0.649113 20.0006 0)
(-0.649113 20.0006 0)
(-0.649113 20.0006 0)
(-0.649113 20.0006 0)
(-0.649113 20.0006 0)
(-0.649113 20.0006 0)
(-0.649113 20.0006 0)
(-0.649113 20.0006 0)
(-0.649113 20.0006 0)
(-0.649113 20.0006 0)
(-0.649113 20.0006 0)
(-0.649113 20.0006 0)
(-0.649114 20.0006 0)
(-0.649114 20.0006 0)
(-0.649114 20.0006 0)
(-0.649115 20.0006 0)
(-0.649116 20.0006 0)
(-0.649117 20.0006 0)
(-0.64912 20.0006 0)
(-0.649124 20.0006 0)
(-0.649129 20.0006 0)
(-0.649138 20.0006 0)
(-0.649152 20.0005 0)
(-0.649174 20.0005 0)
(-0.649208 20.0005 0)
(-0.649263 20.0004 0)
(-0.649351 20.0002 0)
(-0.649499 20.0001 0)
(-0.64975 19.9998 0)
(-0.650201 19.9995 0)
(-0.651003 19.9993 0)
(-0.652538 19.9992 0)
(-0.65503 19.9997 0)
(-0.659156 20.0005 0)
(-0.584096 19.7257 0)
(-0.611465 19.7952 0)
(-0.643177 19.8402 0)
(-0.663719 19.8715 0)
(-0.673153 19.8981 0)
(-0.679809 19.92 0)
(-0.684002 19.9377 0)
(-0.687483 19.9517 0)
(-0.690164 19.9627 0)
(-0.692381 19.9714 0)
(-0.694149 19.9781 0)
(-0.695579 19.9834 0)
(-0.696716 19.9876 0)
(-0.697617 19.9908 0)
(-0.698324 19.9933 0)
(-0.698876 19.9951 0)
(-0.699302 19.9966 0)
(-0.699628 19.9977 0)
(-0.699876 19.9985 0)
(-0.700064 19.9991 0)
(-0.700204 19.9995 0)
(-0.700308 19.9998 0)
(-0.700385 20.0001 0)
(-0.700442 20.0002 0)
(-0.700483 20.0004 0)
(-0.700512 20.0004 0)
(-0.700534 20.0005 0)
(-0.700549 20.0005 0)
(-0.70056 20.0006 0)
(-0.700568 20.0006 0)
(-0.700573 20.0006 0)
(-0.700577 20.0006 0)
(-0.70058 20.0006 0)
(-0.700582 20.0006 0)
(-0.700583 20.0006 0)
(-0.700584 20.0006 0)
(-0.700585 20.0006 0)
(-0.700585 20.0006 0)
(-0.700585 20.0006 0)
(-0.700586 20.0006 0)
(-0.700586 20.0006 0)
(-0.700586 20.0006 0)
(-0.700586 20.0006 0)
(-0.700586 20.0006 0)
(-0.700586 20.0006 0)
(-0.700586 20.0006 0)
(-0.700586 20.0006 0)
(-0.700586 20.0006 0)
(-0.700586 20.0006 0)
(-0.700586 20.0006 0)
(-0.700586 20.0006 0)
(-0.700586 20.0006 0)
(-0.700586 20.0006 0)
(-0.700586 20.0006 0)
(-0.700586 20.0006 0)
(-0.700586 20.0006 0)
(-0.700586 20.0006 0)
(-0.700586 20.0006 0)
(-0.700586 20.0006 0)
(-0.700586 20.0006 0)
(-0.700586 20.0006 0)
(-0.700586 20.0006 0)
(-0.700586 20.0006 0)
(-0.700586 20.0006 0)
(-0.700586 20.0006 0)
(-0.700586 20.0006 0)
(-0.700586 20.0006 0)
(-0.700586 20.0006 0)
(-0.700586 20.0006 0)
(-0.700586 20.0006 0)
(-0.700586 20.0006 0)
(-0.700586 20.0006 0)
(-0.700586 20.0006 0)
(-0.700586 20.0006 0)
(-0.700586 20.0006 0)
(-0.700586 20.0006 0)
(-0.700586 20.0006 0)
(-0.700586 20.0006 0)
(-0.700586 20.0006 0)
(-0.700587 20.0006 0)
(-0.700587 20.0006 0)
(-0.700588 20.0006 0)
(-0.700589 20.0006 0)
(-0.70059 20.0006 0)
(-0.700592 20.0006 0)
(-0.700596 20.0006 0)
(-0.700601 20.0006 0)
(-0.700609 20.0006 0)
(-0.700622 20.0006 0)
(-0.700642 20.0005 0)
(-0.700673 20.0005 0)
(-0.700723 20.0004 0)
(-0.700804 20.0003 0)
(-0.700937 20.0001 0)
(-0.701162 20 0)
(-0.70156 19.9997 0)
(-0.702268 19.9996 0)
(-0.703614 19.9998 0)
(-0.705821 20.0007 0)
(-0.709477 20.002 0)
(-0.632595 19.766 0)
(-0.666161 19.8306 0)
(-0.697593 19.8664 0)
(-0.717782 19.891 0)
(-0.726211 19.913 0)
(-0.732397 19.9317 0)
(-0.736162 19.9469 0)
(-0.73934 19.9589 0)
(-0.741761 19.9683 0)
(-0.743768 19.9757 0)
(-0.745362 19.9815 0)
(-0.74665 19.986 0)
(-0.747671 19.9896 0)
(-0.748479 19.9923 0)
(-0.749112 19.9944 0)
(-0.749604 19.996 0)
(-0.749983 19.9972 0)
(-0.750273 19.9981 0)
(-0.750493 19.9988 0)
(-0.750658 19.9993 0)
(-0.750781 19.9997 0)
(-0.750871 20 0)
(-0.750938 20.0002 0)
(-0.750987 20.0003 0)
(-0.751022 20.0004 0)
(-0.751048 20.0005 0)
(-0.751066 20.0005 0)
(-0.751079 20.0006 0)
(-0.751088 20.0006 0)
(-0.751094 20.0006 0)
(-0.751099 20.0006 0)
(-0.751102 20.0006 0)
(-0.751104 20.0006 0)
(-0.751106 20.0006 0)
(-0.751107 20.0006 0)
(-0.751107 20.0006 0)
(-0.751108 20.0006 0)
(-0.751108 20.0006 0)
(-0.751108 20.0006 0)
(-0.751109 20.0006 0)
(-0.751109 20.0006 0)
(-0.751109 20.0006 0)
(-0.751109 20.0006 0)
(-0.751109 20.0006 0)
(-0.751109 20.0006 0)
(-0.751109 20.0006 0)
(-0.751109 20.0006 0)
(-0.751109 20.0006 0)
(-0.751109 20.0006 0)
(-0.751109 20.0006 0)
(-0.751109 20.0006 0)
(-0.751109 20.0006 0)
(-0.751109 20.0006 0)
(-0.751109 20.0006 0)
(-0.751109 20.0006 0)
(-0.751109 20.0006 0)
(-0.751109 20.0006 0)
(-0.751109 20.0006 0)
(-0.751109 20.0006 0)
(-0.751109 20.0006 0)
(-0.751109 20.0006 0)
(-0.751109 20.0006 0)
(-0.751109 20.0006 0)
(-0.751109 20.0006 0)
(-0.751109 20.0006 0)
(-0.751109 20.0006 0)
(-0.751109 20.0006 0)
(-0.751109 20.0006 0)
(-0.751109 20.0006 0)
(-0.751109 20.0006 0)
(-0.751109 20.0006 0)
(-0.751109 20.0006 0)
(-0.751109 20.0006 0)
(-0.751109 20.0006 0)
(-0.751109 20.0006 0)
(-0.751109 20.0006 0)
(-0.751109 20.0006 0)
(-0.751109 20.0006 0)
(-0.751109 20.0006 0)
(-0.751109 20.0006 0)
(-0.75111 20.0006 0)
(-0.75111 20.0006 0)
(-0.751111 20.0006 0)
(-0.751112 20.0006 0)
(-0.751114 20.0006 0)
(-0.751117 20.0006 0)
(-0.751122 20.0006 0)
(-0.751129 20.0006 0)
(-0.751141 20.0006 0)
(-0.751158 20.0006 0)
(-0.751186 20.0005 0)
(-0.75123 20.0005 0)
(-0.751301 20.0004 0)
(-0.751416 20.0002 0)
(-0.751609 20.0001 0)
(-0.751947 19.9999 0)
(-0.752543 19.9999 0)
(-0.753663 20.0002 0)
(-0.755503 20.0015 0)
(-0.758456 20.0032 0)
(-0.68149 19.8132 0)
(-0.722129 19.868 0)
(-0.751124 19.8931 0)
(-0.770238 19.9109 0)
(-0.777271 19.9284 0)
(-0.782809 19.9439 0)
(-0.786013 19.9564 0)
(-0.788783 19.9664 0)
(-0.790854 19.9741 0)
(-0.79258 19.9802 0)
(-0.793941 19.985 0)
(-0.79504 19.9887 0)
(-0.795907 19.9916 0)
(-0.796593 19.9939 0)
(-0.797128 19.9956 0)
(-0.797543 19.9969 0)
(-0.79786 19.9979 0)
(-0.798102 19.9986 0)
(-0.798284 19.9992 0)
(-0.79842 19.9996 0)
(-0.798521 19.9999 0)
(-0.798595 20.0001 0)
(-0.798649 20.0003 0)
(-0.798687 20.0004 0)
(-0.798715 20.0005 0)
(-0.798735 20.0005 0)
(-0.798749 20.0006 0)
(-0.798759 20.0006 0)
(-0.798766 20.0006 0)
(-0.798771 20.0006 0)
(-0.798774 20.0006 0)
(-0.798777 20.0006 0)
(-0.798778 20.0006 0)
(-0.798779 20.0007 0)
(-0.79878 20.0007 0)
(-0.79878 20.0007 0)
(-0.798781 20.0007 0)
(-0.798781 20.0007 0)
(-0.798781 20.0007 0)
(-0.798781 20.0007 0)
(-0.798781 20.0007 0)
(-0.798781 20.0007 0)
(-0.798781 20.0007 0)
(-0.798781 20.0007 0)
(-0.798781 20.0007 0)
(-0.798781 20.0007 0)
(-0.798781 20.0007 0)
(-0.798781 20.0007 0)
(-0.798781 20.0007 0)
(-0.798781 20.0007 0)
(-0.798781 20.0007 0)
(-0.798781 20.0007 0)
(-0.798781 20.0007 0)
(-0.798781 20.0007 0)
(-0.798781 20.0007 0)
(-0.798781 20.0007 0)
(-0.798781 20.0007 0)
(-0.798781 20.0007 0)
(-0.798781 20.0007 0)
(-0.798781 20.0007 0)
(-0.798781 20.0007 0)
(-0.798781 20.0007 0)
(-0.798781 20.0007 0)
(-0.798781 20.0007 0)
(-0.798781 20.0007 0)
(-0.798781 20.0007 0)
(-0.798781 20.0007 0)
(-0.798781 20.0007 0)
(-0.798781 20.0007 0)
(-0.798781 20.0007 0)
(-0.798781 20.0007 0)
(-0.798781 20.0007 0)
(-0.798781 20.0007 0)
(-0.798781 20.0007 0)
(-0.798781 20.0007 0)
(-0.798782 20.0007 0)
(-0.798782 20.0007 0)
(-0.798782 20.0007 0)
(-0.798782 20.0007 0)
(-0.798782 20.0007 0)
(-0.798782 20.0007 0)
(-0.798782 20.0007 0)
(-0.798783 20.0007 0)
(-0.798784 20.0007 0)
(-0.798786 20.0006 0)
(-0.798788 20.0006 0)
(-0.798792 20.0006 0)
(-0.798798 20.0006 0)
(-0.798808 20.0006 0)
(-0.798822 20.0006 0)
(-0.798846 20.0006 0)
(-0.798882 20.0005 0)
(-0.798941 20.0004 0)
(-0.799037 20.0003 0)
(-0.799194 20.0002 0)
(-0.799466 20.0001 0)
(-0.799942 20.0002 0)
(-0.800809 20.0006 0)
(-0.802212 20.002 0)
(-0.804218 20.0039 0)
(-0.726929 19.8691 0)
(-0.774748 19.9063 0)
(-0.798094 19.9196 0)
(-0.815319 19.9312 0)
(-0.8206 19.9442 0)
(-0.825333 19.9564 0)
(-0.827845 19.9662 0)
(-0.830103 19.9741 0)
(-0.831737 19.9802 0)
(-0.83311 19.9849 0)
(-0.83418 19.9886 0)
(-0.835044 19.9915 0)
(-0.835722 19.9938 0)
(-0.836256 19.9955 0)
(-0.836669 19.9969 0)
(-0.836988 19.9979 0)
(-0.83723 19.9987 0)
(-0.837413 19.9992 0)
(-0.837549 19.9997 0)
(-0.83765 20 0)
(-0.837723 20.0002 0)
(-0.837776 20.0004 0)
(-0.837815 20.0005 0)
(-0.837842 20.0006 0)
(-0.837861 20.0007 0)
(-0.837874 20.0007 0)
(-0.837884 20.0007 0)
(-0.83789 20.0007 0)
(-0.837894 20.0008 0)
(-0.837897 20.0008 0)
(-0.837899 20.0008 0)
(-0.8379 20.0008 0)
(-0.837901 20.0008 0)
(-0.837902 20.0008 0)
(-0.837902 20.0008 0)
(-0.837902 20.0008 0)
(-0.837903 20.0008 0)
(-0.837903 20.0008 0)
(-0.837903 20.0008 0)
(-0.837903 20.0008 0)
(-0.837903 20.0008 0)
(-0.837903 20.0008 0)
(-0.837903 20.0008 0)
(-0.837903 20.0008 0)
(-0.837903 20.0008 0)
(-0.837903 20.0008 0)
(-0.837903 20.0008 0)
(-0.837903 20.0008 0)
(-0.837903 20.0008 0)
(-0.837903 20.0008 0)
(-0.837903 20.0008 0)
(-0.837903 20.0008 0)
(-0.837903 20.0008 0)
(-0.837903 20.0008 0)
(-0.837903 20.0008 0)
(-0.837903 20.0008 0)
(-0.837903 20.0008 0)
(-0.837903 20.0008 0)
(-0.837903 20.0008 0)
(-0.837903 20.0008 0)
(-0.837903 20.0008 0)
(-0.837903 20.0008 0)
(-0.837903 20.0008 0)
(-0.837903 20.0008 0)
(-0.837903 20.0008 0)
(-0.837903 20.0008 0)
(-0.837903 20.0008 0)
(-0.837903 20.0008 0)
(-0.837903 20.0008 0)
(-0.837903 20.0008 0)
(-0.837903 20.0008 0)
(-0.837903 20.0008 0)
(-0.837903 20.0008 0)
(-0.837903 20.0008 0)
(-0.837903 20.0008 0)
(-0.837903 20.0008 0)
(-0.837903 20.0008 0)
(-0.837903 20.0008 0)
(-0.837903 20.0008 0)
(-0.837903 20.0008 0)
(-0.837903 20.0008 0)
(-0.837904 20.0008 0)
(-0.837904 20.0008 0)
(-0.837905 20.0008 0)
(-0.837906 20.0008 0)
(-0.837908 20.0008 0)
(-0.837911 20.0008 0)
(-0.837915 20.0008 0)
(-0.837922 20.0008 0)
(-0.837934 20.0007 0)
(-0.837952 20.0007 0)
(-0.83798 20.0007 0)
(-0.838025 20.0006 0)
(-0.838099 20.0005 0)
(-0.838219 20.0005 0)
(-0.838422 20.0004 0)
(-0.838774 20.0005 0)
(-0.839379 20.001 0)
(-0.84031 20.0024 0)
(-0.84116 20.0043 0)
(-0.755224 19.9351 0)
(-0.807983 19.9434 0)
(-0.821253 19.9453 0)
(-0.835731 19.9517 0)
(-0.839004 19.9605 0)
(-0.842791 19.9693 0)
(-0.844498 19.9764 0)
(-0.846144 19.982 0)
(-0.847261 19.9864 0)
(-0.848217 19.9898 0)
(-0.848946 19.9925 0)
(-0.849534 19.9945 0)
(-0.84999 19.9961 0)
(-0.850346 19.9974 0)
(-0.850619 19.9983 0)
(-0.850826 19.9991 0)
(-0.850981 19.9996 0)
(-0.851095 20 0)
(-0.851179 20.0003 0)
(-0.851239 20.0006 0)
(-0.851282 20.0007 0)
(-0.851312 20.0008 0)
(-0.851332 20.0009 0)
(-0.851346 20.001 0)
(-0.851355 20.001 0)
(-0.851361 20.0011 0)
(-0.851365 20.0011 0)
(-0.851368 20.0011 0)
(-0.851369 20.0011 0)
(-0.85137 20.0011 0)
(-0.851371 20.0011 0)
(-0.851371 20.0011 0)
(-0.851371 20.0011 0)
(-0.851371 20.0011 0)
(-0.851371 20.0011 0)
(-0.851371 20.0011 0)
(-0.851371 20.0011 0)
(-0.851371 20.0011 0)
(-0.851371 20.0011 0)
(-0.851371 20.0011 0)
(-0.851371 20.0011 0)
(-0.851371 20.0011 0)
(-0.851371 20.0011 0)
(-0.851371 20.0011 0)
(-0.851371 20.0011 0)
(-0.851371 20.0011 0)
(-0.851371 20.0011 0)
(-0.851371 20.0011 0)
(-0.851371 20.0011 0)
(-0.851371 20.0011 0)
(-0.851371 20.0011 0)
(-0.851371 20.0011 0)
(-0.851371 20.0011 0)
(-0.851371 20.0011 0)
(-0.851371 20.0011 0)
(-0.851371 20.0011 0)
(-0.851371 20.0011 0)
(-0.851371 20.0011 0)
(-0.851371 20.0011 0)
(-0.851371 20.0011 0)
(-0.851371 20.0011 0)
(-0.851371 20.0011 0)
(-0.851371 20.0011 0)
(-0.851371 20.0011 0)
(-0.851371 20.0011 0)
(-0.851371 20.0011 0)
(-0.851371 20.0011 0)
(-0.851371 20.0011 0)
(-0.851371 20.0011 0)
(-0.851371 20.0011 0)
(-0.851371 20.0011 0)
(-0.851371 20.0011 0)
(-0.851371 20.0011 0)
(-0.851371 20.0011 0)
(-0.851371 20.0011 0)
(-0.851371 20.0011 0)
(-0.851371 20.0011 0)
(-0.851371 20.0011 0)
(-0.851371 20.0011 0)
(-0.851371 20.0011 0)
(-0.851371 20.0011 0)
(-0.851371 20.0011 0)
(-0.851372 20.0011 0)
(-0.851372 20.0011 0)
(-0.851373 20.0011 0)
(-0.851374 20.0011 0)
(-0.851376 20.0011 0)
(-0.851379 20.0011 0)
(-0.851383 20.0011 0)
(-0.851391 20.0011 0)
(-0.851403 20.0011 0)
(-0.851422 20.001 0)
(-0.851453 20.001 0)
(-0.851503 20.0009 0)
(-0.851585 20.0009 0)
(-0.851721 20.0008 0)
(-0.851955 20.0009 0)
(-0.852309 20.0014 0)
(-0.852784 20.0026 0)
(-0.852462 20.0042 0)
(-0.720726 20.0024 0)
(-0.770264 19.9753 0)
(-0.768881 19.969 0)
(-0.779696 19.9717 0)
(-0.780936 19.9767 0)
(-0.783623 19.9821 0)
(-0.784458 19.9864 0)
(-0.785415 19.9898 0)
(-0.785966 19.9924 0)
(-0.786465 19.9944 0)
(-0.786823 19.996 0)
(-0.787113 19.9973 0)
(-0.787331 19.9982 0)
(-0.787498 19.999 0)
(-0.787621 19.9995 0)
(-0.78771 20 0)
(-0.787774 20.0003 0)
(-0.787817 20.0005 0)
(-0.787847 20.0007 0)
(-0.787866 20.0009 0)
(-0.787877 20.001 0)
(-0.787884 20.001 0)
(-0.787887 20.0011 0)
(-0.787888 20.0011 0)
(-0.787888 20.0011 0)
(-0.787887 20.0011 0)
(-0.787886 20.0012 0)
(-0.787885 20.0012 0)
(-0.787884 20.0012 0)
(-0.787883 20.0012 0)
(-0.787882 20.0012 0)
(-0.787881 20.0012 0)
(-0.787881 20.0012 0)
(-0.78788 20.0012 0)
(-0.78788 20.0012 0)
(-0.78788 20.0012 0)
(-0.787879 20.0012 0)
(-0.787879 20.0012 0)
(-0.787879 20.0012 0)
(-0.787879 20.0012 0)
(-0.787879 20.0012 0)
(-0.787879 20.0012 0)
(-0.787879 20.0012 0)
(-0.787879 20.0012 0)
(-0.787879 20.0012 0)
(-0.787879 20.0012 0)
(-0.787879 20.0012 0)
(-0.787879 20.0012 0)
(-0.787879 20.0012 0)
(-0.787879 20.0012 0)
(-0.787879 20.0012 0)
(-0.787879 20.0012 0)
(-0.787879 20.0012 0)
(-0.787879 20.0012 0)
(-0.787879 20.0012 0)
(-0.787879 20.0012 0)
(-0.787879 20.0012 0)
(-0.787879 20.0012 0)
(-0.787879 20.0012 0)
(-0.787879 20.0012 0)
(-0.787879 20.0012 0)
(-0.787879 20.0012 0)
(-0.787879 20.0012 0)
(-0.787879 20.0012 0)
(-0.787879 20.0012 0)
(-0.787879 20.0012 0)
(-0.787879 20.0012 0)
(-0.787879 20.0012 0)
(-0.787879 20.0012 0)
(-0.787879 20.0012 0)
(-0.787879 20.0012 0)
(-0.787879 20.0012 0)
(-0.787879 20.0012 0)
(-0.787879 20.0012 0)
(-0.787879 20.0012 0)
(-0.787879 20.0012 0)
(-0.787879 20.0012 0)
(-0.787879 20.0012 0)
(-0.787879 20.0012 0)
(-0.787879 20.0012 0)
(-0.787879 20.0012 0)
(-0.787879 20.0012 0)
(-0.787879 20.0012 0)
(-0.787879 20.0012 0)
(-0.787879 20.0012 0)
(-0.78788 20.0012 0)
(-0.78788 20.0012 0)
(-0.787882 20.0012 0)
(-0.787884 20.0012 0)
(-0.787887 20.0012 0)
(-0.787893 20.0012 0)
(-0.787902 20.0011 0)
(-0.787918 20.0011 0)
(-0.787945 20.0011 0)
(-0.78799 20.001 0)
(-0.788064 20.001 0)
(-0.788193 20.0011 0)
(-0.788336 20.0014 0)
(-0.788457 20.0022 0)
(-0.7874 20.0032 0)
(-0.473683 20.031 0)
(-0.499796 19.9956 0)
(-0.486487 19.9897 0)
(-0.492132 19.9903 0)
(-0.491842 19.9918 0)
(-0.493104 19.9936 0)
(-0.493153 19.9951 0)
(-0.49341 19.9962 0)
(-0.493454 19.9971 0)
(-0.493531 19.9978 0)
(-0.493562 19.9983 0)
(-0.49359 19.9987 0)
(-0.493603 19.999 0)
(-0.493609 19.9993 0)
(-0.493607 19.9995 0)
(-0.493602 19.9996 0)
(-0.493593 19.9997 0)
(-0.493583 19.9998 0)
(-0.493573 19.9998 0)
(-0.493563 19.9999 0)
(-0.493553 19.9999 0)
(-0.493545 19.9999 0)
(-0.493537 20 0)
(-0.493531 20 0)
(-0.493526 20 0)
(-0.493521 20 0)
(-0.493518 20 0)
(-0.493515 20 0)
(-0.493513 20 0)
(-0.493511 20 0)
(-0.49351 20 0)
(-0.493509 20 0)
(-0.493508 20 0)
(-0.493508 20 0)
(-0.493508 20 0)
(-0.493507 20 0)
(-0.493507 20 0)
(-0.493507 20 0)
(-0.493507 20 0)
(-0.493507 20 0)
(-0.493507 20 0)
(-0.493507 20 0)
(-0.493507 20 0)
(-0.493507 20 0)
(-0.493507 20 0)
(-0.493507 20 0)
(-0.493507 20 0)
(-0.493507 20 0)
(-0.493507 20 0)
(-0.493507 20 0)
(-0.493507 20 0)
(-0.493507 20 0)
(-0.493507 20 0)
(-0.493507 20 0)
(-0.493507 20 0)
(-0.493507 20 0)
(-0.493507 20 0)
(-0.493507 20 0)
(-0.493507 20 0)
(-0.493507 20 0)
(-0.493507 20 0)
(-0.493507 20 0)
(-0.493507 20 0)
(-0.493507 20 0)
(-0.493507 20 0)
(-0.493507 20 0)
(-0.493507 20 0)
(-0.493507 20 0)
(-0.493507 20 0)
(-0.493507 20 0)
(-0.493507 20 0)
(-0.493507 20 0)
(-0.493507 20 0)
(-0.493507 20 0)
(-0.493507 20 0)
(-0.493507 20 0)
(-0.493507 20 0)
(-0.493507 20 0)
(-0.493506 20 0)
(-0.493506 20 0)
(-0.493506 20 0)
(-0.493506 20 0)
(-0.493506 20 0)
(-0.493506 20 0)
(-0.493506 20 0)
(-0.493506 20 0)
(-0.493506 20 0)
(-0.493506 20 0)
(-0.493506 20 0)
(-0.493506 20 0)
(-0.493506 20 0)
(-0.493508 20 0)
(-0.49351 20 0)
(-0.493516 20 0)
(-0.493527 20 0)
(-0.493548 19.9999 0)
(-0.49359 20 0)
(-0.493595 20.0001 0)
(-0.493551 20.0004 0)
(-0.492789 20.0007 0)
)
;

boundaryField
{
    inlet
    {
        type            zeroGradient;
    }
    outlet
    {
        type            zeroGradient;
    }
    lowerWall
    {
        type            fixedValue;
        value           uniform (0 20 0);
    }
    upperWall
    {
        type            fixedValue;
        value           uniform (0 20 0);
    }
    frontAndBack
    {
        type            empty;
    }
}


// ************************************************************************* //
