/*--------------------------------*- C++ -*----------------------------------*\
| =========                 |                                                 |
| \\      /  F ield         | OpenFOAM: The Open Source CFD Toolbox           |
|  \\    /   O peration     | Version:  v1906                                 |
|   \\  /    A nd           | Web:      www.OpenFOAM.com                      |
|    \\/     M anipulation  |                                                 |
\*---------------------------------------------------------------------------*/
FoamFile
{
    version     2.0;
    format      ascii;
    class       surfaceScalarField;
    location    "1";
    object      phi;
}
// * * * * * * * * * * * * * * * * * * * * * * * * * * * * * * * * * * * * * //

dimensions      [0 3 -1 0 0 0 0];
oriented        oriented;


internalField   nonuniform List<scalar> 
7860
(
0.0026655
0.0023345
0.0026027
6.27952e-05
0.00261643
-1.37253e-05
0.00260114
1.52847e-05
0.00260693
-5.79001e-06
0.00259995
6.98201e-06
0.00260184
-1.89144e-06
0.00259878
3.06266e-06
0.00259934
-5.52712e-07
0.00259802
1.31954e-06
0.00259818
-1.61591e-07
0.00259764
5.43044e-07
0.00259769
-5.68886e-08
0.00259748
2.13293e-07
0.00259751
-2.58054e-08
0.00259742
7.96977e-08
0.00259744
-1.27984e-08
0.00259741
2.99069e-08
0.00259741
-6.17104e-09
0.0025974
1.08999e-08
0.00259741
-3.21784e-09
0.0025974
4.00965e-09
0.0025974
-5.71936e-10
0.0025974
9.78633e-10
0.0025974
-9.26686e-10
0.0025974
7.31354e-10
0.0025974
-1.24046e-10
0.0025974
5.31535e-11
0.0025974
-4.17958e-10
0.0025974
-1.55704e-10
0.0025974
2.85212e-10
0.0025974
1.73558e-11
0.0025974
7.58468e-11
0.0025974
-7.53767e-11
0.0025974
-3.07877e-10
0.0025974
5.89954e-11
0.0025974
5.2429e-11
0.0025974
-4.54929e-10
0.0025974
1.08949e-11
0.0025974
1.52861e-10
0.0025974
1.01009e-10
0.0025974
1.03546e-10
0.0025974
1.45617e-10
0.0025974
-1.24314e-10
0.0025974
2.37409e-10
0.0025974
-2.20101e-11
0.0025974
-1.22834e-10
0.0025974
4.29707e-12
0.0025974
7.29637e-11
0.0025974
-1.17888e-10
0.0025974
9.9122e-11
0.0025974
-9.11525e-11
0.0025974
1.53572e-12
0.0025974
3.84958e-11
0.0025974
-1.60916e-11
0.0025974
7.96384e-11
0.0025974
-2.1128e-11
0.0025974
2.35289e-11
0.0025974
-3.31281e-11
0.0025974
-1.52725e-11
0.0025974
-4.05409e-11
0.0025974
-7.78316e-11
0.0025974
-2.26207e-11
0.0025974
-6.96456e-12
0.0025974
-1.63543e-11
0.0025974
1.09746e-10
0.0025974
5.10346e-11
0.0025974
3.87764e-11
0.0025974
1.80365e-10
0.0025974
-7.22497e-11
0.0025974
1.91793e-10
0.0025974
-5.43518e-11
0.0025974
9.26363e-11
0.0025974
2.17914e-11
0.0025974
4.40593e-11
0.0025974
-2.0773e-12
0.0025974
7.67079e-11
0.0025974
-1.14324e-11
0.0025974
2.07996e-11
0.0025974
-8.06801e-11
0.0025974
-6.36053e-11
0.0025974
1.18125e-11
0.0025974
-1.2135e-10
0.0025974
5.35618e-11
0.0025974
5.46403e-12
0.0025974
6.3281e-11
0.0025974
1.66114e-10
0.0025974
1.1376e-10
0.0025974
3.06369e-10
0.0025974
4.95801e-10
0.0025974
1.2514e-09
0.0025974
1.87543e-09
0.00259739
4.97246e-09
0.00259738
7.65705e-09
0.00259737
1.83809e-08
0.00259735
2.0385e-08
0.00259729
5.38507e-08
0.00259732
-2.70661e-08
0.00259628
1.03783e-06
-2.60972e-07
0.00439901
0.00293549
0.0043428
0.000118996
0.00435481
-2.57296e-05
0.00433629
3.38079e-05
0.00434243
-1.19375e-05
0.00433363
1.57893e-05
0.00433546
-3.72008e-06
0.00433148
7.03879e-06
0.00433189
-9.58093e-07
0.00433013
3.07863e-06
0.00433019
-2.2021e-07
0.00432945
1.28281e-06
0.00432945
-6.36262e-08
0.00432916
5.07141e-07
0.00432917
-3.12872e-08
0.00432905
1.90971e-07
0.00432906
-1.89669e-08
0.00432902
7.10857e-08
0.00432902
-1.07141e-08
0.00432901
2.57242e-08
0.00432901
-5.49826e-09
0.004329
8.84238e-09
0.00432901
-1.39386e-09
0.004329
3.00247e-09
0.004329
-1.95768e-09
0.004329
1.248e-09
0.004329
-6.80943e-10
0.004329
-1.9379e-10
0.004329
-6.56637e-10
0.004329
-3.43236e-10
0.00432901
4.3992e-10
0.00432901
3.45786e-10
0.00432901
1.71431e-10
0.00432901
-9.78838e-11
0.00432901
-4.59843e-10
0.00432901
-2.15393e-10
0.00432901
4.27969e-10
0.00432901
-3.60575e-10
0.00432901
2.24808e-10
0.00432901
7.5338e-10
0.00432901
6.39237e-10
0.00432901
3.97277e-10
0.00432901
5.34427e-10
0.00432901
-1.61297e-10
0.00432901
4.24704e-10
0.00432901
1.63428e-10
0.004329
-9.63085e-11
0.004329
3.86147e-11
0.004329
3.8814e-10
0.004329
-2.44638e-10
0.004329
6.81726e-11
0.004329
-2.95304e-10
0.004329
-2.49902e-10
0.00432901
-1.9154e-10
0.004329
-1.02201e-10
0.004329
-1.43731e-10
0.004329
5.08979e-11
0.004329
-4.00902e-11
0.004329
-6.46255e-11
0.004329
-1.19959e-10
0.00432901
-9.97469e-11
0.00432901
-3.0041e-10
0.00432901
-7.16728e-11
0.00432901
-1.62895e-10
0.00432901
1.95605e-11
0.00432901
2.47145e-10
0.004329
2.2198e-10
0.004329
1.81046e-10
0.004329
4.34524e-10
0.004329
-4.89025e-11
0.004329
3.31924e-10
0.004329
-8.32924e-11
0.004329
1.23695e-10
0.004329
-2.35781e-11
0.004329
7.82763e-11
0.004329
-4.52539e-11
0.004329
1.03921e-10
0.004329
-1.83497e-11
0.004329
-9.07793e-12
0.004329
-2.61252e-10
0.004329
-1.14086e-10
0.004329
-1.25169e-10
0.004329
-1.6538e-10
0.004329
5.63967e-12
0.004329
8.19139e-11
0.004329
1.27731e-10
0.004329
3.64161e-10
0.004329
2.82439e-10
0.004329
8.15319e-10
0.004329
1.26183e-09
0.004329
3.21038e-09
0.00432899
5.06015e-09
0.00432899
1.26159e-08
0.00432897
1.98651e-08
0.00432895
4.71437e-08
0.00432891
5.21658e-08
0.00432881
1.56682e-07
0.00432881
-3.02526e-08
0.00432707
2.78245e-06
5.32082e-06
0.0049528
0.00298269
0.00492555
0.000146244
0.00492824
-2.84157e-05
0.00491576
4.62867e-05
0.00491836
-1.45398e-05
0.00491184
2.23142e-05
0.00491228
-4.1617e-06
0.00490917
1.01562e-05
0.00490901
-7.98737e-07
0.00490756
4.5244e-06
0.00490738
-3.98082e-08
0.00490675
1.90941e-06
0.00490666
3.12995e-08
0.00490641
7.60266e-07
0.00490637
5.35212e-09
0.00490627
2.87574e-07
0.00490626
-8.26784e-09
0.00490623
1.06578e-07
0.00490622
-8.60265e-09
0.00490621
3.81829e-08
0.00490621
-4.87777e-09
0.00490621
1.26862e-08
0.00490621
-1.54987e-09
0.0049062
4.94158e-09
0.0049062
-2.52607e-09
0.0049062
1.49313e-09
0.0049062
-1.16017e-09
0.0049062
-5.43704e-10
0.00490621
-6.65345e-10
0.00490621
-4.87591e-10
0.00490621
4.75984e-10
0.00490621
7.486e-10
0.00490621
2.29498e-10
0.00490621
-1.04817e-10
0.00490621
-4.87398e-10
0.00490621
-6.50397e-10
0.00490621
8.6903e-10
0.00490621
-3.65456e-11
0.00490621
4.12497e-10
0.00490621
1.39296e-09
0.00490621
1.25614e-09
0.00490621
6.65178e-10
0.00490621
9.30059e-10
0.00490621
-1.60829e-10
0.00490621
5.22627e-10
0.00490621
4.27165e-10
0.00490621
4.74506e-11
0.00490621
7.6023e-11
0.0049062
7.99741e-10
0.0049062
-3.25891e-10
0.0049062
-1.93e-11
0.0049062
-5.2024e-10
0.00490621
-5.94005e-10
0.00490621
-5.01453e-10
0.00490621
-1.86253e-10
0.0049062
-4.55397e-10
0.0049062
1.99084e-10
0.0049062
-8.1941e-11
0.0049062
-7.40357e-11
0.0049062
-2.23663e-10
0.00490621
-1.61361e-10
0.00490621
-5.60315e-10
0.00490621
-1.53465e-10
0.00490621
-3.71282e-10
0.00490621
5.79827e-11
0.00490621
3.7873e-10
0.00490621
4.38054e-10
0.0049062
3.63961e-10
0.0049062
6.98369e-10
0.0049062
1.44933e-11
0.0049062
4.01619e-10
0.0049062
-1.40782e-10
0.0049062
6.7604e-11
0.0049062
-1.6113e-10
0.0049062
5.95282e-11
0.0049062
-1.25453e-10
0.0049062
1.10854e-10
0.0049062
5.25557e-12
0.0049062
-1.94111e-11
0.0049062
-4.26938e-10
0.0049062
-1.32516e-10
0.0049062
-3.04088e-10
0.0049062
-1.76213e-10
0.0049062
-7.73631e-11
0.0049062
1.69394e-10
0.0049062
2.19952e-10
0.0049062
5.67258e-10
0.0049062
5.26319e-10
0.0049062
1.39594e-09
0.0049062
2.15105e-09
0.0049062
5.26412e-09
0.00490619
8.5861e-09
0.00490619
2.04843e-08
0.00490617
3.27179e-08
0.00490614
7.7346e-08
0.00490611
8.49941e-08
0.00490598
2.85687e-07
0.00490595
-1.582e-09
0.00490368
5.05581e-06
1.40698e-05
0.00513072
0.00285197
0.00511658
0.000160378
0.00511675
-2.85776e-05
0.00510785
5.51871e-05
0.00510904
-1.57331e-05
0.00510402
2.73336e-05
0.00510397
-4.10935e-06
0.00510149
1.26373e-05
0.00510114
-4.52618e-07
0.00509995
5.71667e-06
0.00509969
2.15632e-07
0.00509916
2.44118e-06
0.00509903
1.59795e-07
0.00509881
9.79011e-07
0.00509876
5.70127e-08
0.00509868
3.7234e-07
0.00509866
9.51307e-09
0.00509863
1.37979e-07
0.00509862
-3.57876e-09
0.00509861
4.88413e-08
0.00509861
-2.84497e-09
0.00509861
1.6163e-08
0.00509861
-1.66071e-09
0.0050986
6.5395e-09
0.0050986
-2.65021e-09
0.0050986
1.74387e-09
0.0050986
-1.53537e-09
0.0050986
-1.00557e-09
0.00509861
-5.5418e-10
0.00509861
-4.42835e-10
0.00509861
3.89647e-10
0.00509861
1.0208e-09
0.00509861
2.44068e-10
0.00509861
-6.29032e-11
0.00509861
-3.48207e-10
0.00509861
-1.16241e-09
0.00509861
1.17621e-09
0.00509861
3.74914e-10
0.00509861
6.29532e-10
0.00509861
1.93547e-09
0.00509861
1.81083e-09
0.00509861
9.02019e-10
0.00509861
1.36148e-09
0.00509861
-1.1253e-10
0.00509861
5.64074e-10
0.00509861
6.90873e-10
0.00509861
3.4708e-10
0.0050986
1.13984e-10
0.0050986
1.19287e-09
0.0050986
-3.23555e-10
0.0050986
-9.88691e-11
0.0050986
-7.50954e-10
0.0050986
-9.50358e-10
0.00509861
-8.24181e-10
0.00509861
-2.51851e-10
0.0050986
-7.59383e-10
0.0050986
3.32826e-10
0.0050986
-8.42636e-11
0.0050986
-9.62548e-11
0.0050986
-3.12614e-10
0.00509861
-2.74708e-10
0.00509861
-8.39751e-10
0.00509861
-2.57494e-10
0.00509861
-5.80067e-10
0.00509861
7.25447e-11
0.00509861
5.02888e-10
0.00509861
6.89512e-10
0.0050986
5.79931e-10
0.0050986
9.7732e-10
0.0050986
9.24561e-11
0.0050986
4.72611e-10
0.0050986
-2.23846e-10
0.0050986
-9.06306e-12
0.0050986
-3.64376e-10
0.0050986
1.99307e-11
0.0050986
-2.00263e-10
0.0050986
1.27888e-10
0.0050986
4.34299e-11
0.0050986
1.24424e-11
0.0050986
-5.39495e-10
0.0050986
-1.47878e-10
0.0050986
-4.78755e-10
0.0050986
-2.05906e-10
0.0050986
-1.54574e-10
0.0050986
2.24442e-10
0.0050986
3.34104e-10
0.0050986
7.68596e-10
0.0050986
8.14228e-10
0.0050986
1.99006e-09
0.0050986
3.03897e-09
0.0050986
7.20721e-09
0.00509859
1.19266e-08
0.00509859
2.77698e-08
0.00509857
4.44693e-08
0.00509855
1.05702e-07
0.00509852
1.1497e-07
0.00509838
4.25125e-07
0.00509832
5.14947e-08
0.00509583
7.54689e-06
2.28424e-05
0.00518452
0.00266746
0.00517763
0.000167266
0.00517701
-2.79596e-05
0.00517083
6.13716e-05
0.00517128
-1.61879e-05
0.00516751
3.11076e-05
0.00516726
-3.86429e-06
0.00516532
1.45836e-05
0.00516493
-6.40218e-08
0.00516397
6.67714e-06
0.0051637
4.85252e-07
0.00516326
2.88001e-06
0.00516312
2.9605e-07
0.00516294
1.16344e-06
0.00516288
1.13526e-07
0.00516281
4.4491e-07
0.00516279
2.99193e-08
0.00516276
1.65079e-07
0.00516275
3.02076e-09
0.00516275
5.79789e-08
0.00516274
-2.89025e-10
0.00516274
1.92684e-08
0.00516274
-1.41174e-09
0.00516274
7.98485e-09
0.00516274
-2.6373e-09
0.00516274
1.89385e-09
0.00516274
-1.74322e-09
0.00516274
-1.4535e-09
0.00516274
-4.315e-10
0.00516274
-3.79453e-10
0.00516274
2.78979e-10
0.00516274
1.31971e-09
0.00516274
2.595e-10
0.00516274
-1.16256e-10
0.00516274
-2.3057e-10
0.00516274
-1.69328e-09
0.00516274
1.37726e-09
0.00516274
7.27987e-10
0.00516274
7.50675e-10
0.00516274
2.39442e-09
0.00516274
2.34648e-09
0.00516274
1.08506e-09
0.00516274
1.7074e-09
0.00516274
-4.50227e-11
0.00516274
6.08286e-10
0.00516274
9.14481e-10
0.00516274
6.89395e-10
0.00516274
1.53801e-10
0.00516274
1.56529e-09
0.00516274
-2.90313e-10
0.00516274
-2.21787e-10
0.00516274
-9.63945e-10
0.00516274
-1.31209e-09
0.00516274
-1.15448e-09
0.00516274
-2.78839e-10
0.00516274
-1.0298e-09
0.00516274
4.7718e-10
0.00516274
-4.49712e-11
0.00516274
-1.27197e-10
0.00516274
-4.04504e-10
0.00516274
-4.12376e-10
0.00516274
-1.13675e-09
0.00516274
-3.89336e-10
0.00516274
-7.88278e-10
0.00516274
1.03166e-10
0.00516274
6.34244e-10
0.00516274
9.74014e-10
0.00516274
8.23574e-10
0.00516274
1.27158e-09
0.00516274
1.85054e-10
0.00516274
5.29037e-10
0.00516274
-3.16286e-10
0.00516274
-1.10449e-10
0.00516274
-5.75945e-10
0.00516274
-2.94459e-11
0.00516274
-2.54728e-10
0.00516274
1.67129e-10
0.00516274
1.14227e-10
0.00516274
8.73134e-11
0.00516274
-6.20839e-10
0.00516274
-1.43608e-10
0.00516274
-6.35265e-10
0.00516274
-2.52792e-10
0.00516274
-2.22531e-10
0.00516274
2.60686e-10
0.00516274
4.43104e-10
0.00516273
9.67676e-10
0.00516273
1.08896e-09
0.00516273
2.55638e-09
0.00516273
3.85743e-09
0.00516273
8.9322e-09
0.00516273
1.4886e-08
0.00516272
3.41245e-08
0.00516271
5.45322e-08
0.00516269
1.30865e-07
0.00516266
1.4075e-07
0.00516252
5.64684e-07
0.00516246
1.09861e-07
0.00516011
9.89985e-06
3.04645e-05
0.00519751
0.00246995
0.00519557
0.00016921
0.00519468
-2.70691e-05
0.00519075
6.53013e-05
0.00519074
-1.61824e-05
0.00518808
3.37683e-05
0.00518774
-3.5196e-06
0.0051863
1.60229e-05
0.00518592
3.17924e-07
0.00518518
7.41715e-06
0.00518493
7.38064e-07
0.00518458
3.22964e-06
0.00518445
4.24256e-07
0.0051843
1.31377e-06
0.00518424
1.68361e-07
0.00518418
5.04528e-07
0.00518416
5.08202e-08
0.00518414
1.87496e-07
0.00518413
1.02524e-08
0.00518412
6.54804e-08
0.00518412
2.46472e-09
0.00518412
2.19526e-08
0.00518412
-1.00917e-09
0.00518412
9.20134e-09
0.00518412
-2.50067e-09
0.00518412
1.95416e-09
0.00518412
-1.83073e-09
0.00518412
-1.90157e-09
0.00518412
-3.05641e-10
0.00518412
-2.52243e-10
0.00518412
1.29486e-10
0.00518412
1.57466e-09
0.00518412
2.68512e-10
0.00518412
-2.35514e-10
0.00518412
-9.74133e-11
0.00518412
-2.19828e-09
0.00518412
1.473e-09
0.00518412
1.08295e-09
0.00518412
8.65338e-10
0.00518412
2.77406e-09
0.00518412
2.85489e-09
0.00518412
1.2515e-09
0.00518412
2.00631e-09
0.00518412
5.4406e-11
0.00518412
6.69412e-10
0.00518412
1.10346e-09
0.00518412
1.08684e-09
0.00518412
1.95127e-10
0.00518412
1.87559e-09
0.00518412
-2.23719e-10
0.00518412
-3.83421e-10
0.00518412
-1.18254e-09
0.00518412
-1.66135e-09
0.00518412
-1.50921e-09
0.00518412
-2.80251e-10
0.00518412
-1.26401e-09
0.00518412
5.88114e-10
0.00518412
1.09319e-11
0.00518412
-1.70578e-10
0.00518412
-5.10314e-10
0.00518412
-5.82476e-10
0.00518412
-1.45733e-09
0.00518412
-5.26495e-10
0.00518412
-9.89859e-10
0.00518412
1.48589e-10
0.00518412
7.72285e-10
0.00518412
1.2922e-09
0.00518412
1.097e-09
0.00518412
1.58059e-09
0.00518412
3.00788e-10
0.00518411
5.94593e-10
0.00518411
-3.90697e-10
0.00518411
-2.11017e-10
0.00518411
-7.79051e-10
0.00518411
-7.92733e-11
0.00518411
-2.79931e-10
0.00518411
2.15394e-10
0.00518411
1.92276e-10
0.00518411
1.94192e-10
0.00518411
-6.75623e-10
0.00518411
-1.2856e-10
0.00518411
-7.70971e-10
0.00518411
-3.10139e-10
0.00518411
-2.83022e-10
0.00518411
2.82178e-10
0.00518411
5.29168e-10
0.00518411
1.15509e-09
0.00518411
1.33075e-09
0.00518411
3.06444e-09
0.00518411
4.57122e-09
0.00518411
1.03791e-08
0.00518411
1.73596e-08
0.0051841
3.93837e-08
0.00518409
6.26934e-08
0.00518407
1.52139e-07
0.00518405
1.61853e-07
0.00518392
6.95664e-07
0.00518386
1.6564e-07
0.00518184
1.19197e-05
3.66295e-05
0.00519751
0.00227244
0.00519931
0.000167418
0.0051983
-2.60633e-05
0.00519631
6.72912e-05
0.00519598
-1.58553e-05
0.00519433
3.54217e-05
0.00519394
-3.1304e-06
0.00519298
1.69855e-05
0.00519263
6.69728e-07
0.00519211
7.93905e-06
0.00519188
9.63431e-07
0.00519162
3.48579e-06
0.00519151
5.39477e-07
0.00519139
1.42719e-06
0.00519134
2.18747e-07
0.0051913
5.50453e-07
0.00519128
7.04871e-08
0.00519126
2.05011e-07
0.00519125
1.73793e-08
0.00519125
7.1362e-08
0.00519125
5.10317e-09
0.00519124
2.4117e-08
0.00519124
-4.58945e-10
0.00519124
1.01905e-08
0.00519124
-2.30198e-09
0.00519124
1.91935e-09
0.00519124
-1.80058e-09
0.00519124
-2.31707e-09
0.00519124
-2.11808e-10
0.00519124
-1.10706e-10
0.00519124
-3.52431e-11
0.00519124
1.79603e-09
0.00519124
2.72698e-10
0.00519124
-4.17758e-10
0.00519124
3.68887e-11
0.00519124
-2.63915e-09
0.00519124
1.4798e-09
0.00519124
1.4098e-09
0.00519124
9.67234e-10
0.00519124
3.08683e-09
0.00519124
3.33245e-09
0.00519124
1.40177e-09
0.00519124
2.25325e-09
0.00519124
1.82736e-10
0.00519124
7.64968e-10
0.00519124
1.24855e-09
0.00519124
1.50065e-09
0.00519124
2.45116e-10
0.00519124
2.1153e-09
0.00519124
-1.44481e-10
0.00519124
-5.80916e-10
0.00519124
-1.40483e-09
0.00519124
-1.98676e-09
0.00519124
-1.8799e-09
0.00519124
-2.62797e-10
0.00519124
-1.45285e-09
0.00519124
6.71856e-10
0.00519124
7.3364e-11
0.00519124
-2.24249e-10
0.00519124
-6.26044e-10
0.00519124
-7.75029e-10
0.00519124
-1.79369e-09
0.00519124
-6.67387e-10
0.00519124
-1.18102e-09
0.00519124
2.14052e-10
0.00519124
9.1035e-10
0.00519124
1.63631e-09
0.00519124
1.39659e-09
0.00519124
1.8985e-09
0.00519124
4.35919e-10
0.00519124
6.63568e-10
0.00519124
-4.42423e-10
0.00519124
-3.07326e-10
0.00519124
-9.68166e-10
0.00519124
-1.28674e-10
0.00519124
-2.81534e-10
0.00519124
2.70063e-10
0.00519124
2.73779e-10
0.00519124
3.18572e-10
0.00519124
-7.09552e-10
0.00519124
-1.06945e-10
0.00519124
-8.87042e-10
0.00519124
-3.7544e-10
0.00519124
-3.41208e-10
0.00519124
2.94045e-10
0.00519124
5.89023e-10
0.00519124
1.32776e-09
0.00519124
1.53424e-09
0.00519124
3.49847e-09
0.00519124
5.15791e-09
0.00519124
1.15149e-08
0.00519123
1.9294e-08
0.00519123
4.34123e-08
0.00519122
6.887e-08
0.00519121
1.69128e-07
0.00519119
1.78048e-07
0.00519107
8.11329e-07
0.00519102
2.16701e-07
0.00518943
1.35176e-05
4.12886e-05
0.00519374
0.00207869
0.0051985
0.000162665
0.0051974
-2.49636e-05
0.0051971
6.75883e-05
0.00519653
-1.52814e-05
0.00519579
3.61544e-05
0.00519539
-2.72839e-06
0.00519488
1.75008e-05
0.00519457
9.73946e-07
0.00519426
8.25e-06
0.00519407
1.15131e-06
0.00519391
3.64912e-06
0.00519381
6.36135e-07
0.00519374
1.50309e-06
0.00519369
2.61905e-07
0.00519366
5.82256e-07
0.00519365
8.7683e-08
0.00519363
2.17405e-07
0.00519363
2.39345e-08
0.00519362
7.54058e-08
0.00519362
7.54109e-09
0.00519362
2.56941e-08
0.00519362
1.56345e-10
0.00519362
1.09228e-08
0.00519362
-2.05927e-09
0.00519362
1.80044e-09
0.00519362
-1.67212e-09
0.00519362
-2.68726e-09
0.00519362
-1.62115e-10
0.00519362
3.90052e-11
0.00519362
-2.05107e-10
0.00519362
1.96502e-09
0.00519362
2.73546e-10
0.00519362
-6.46062e-10
0.00519362
1.76508e-10
0.00519362
-3.00726e-09
0.00519362
1.41807e-09
0.00519362
1.71119e-09
0.00519362
1.08522e-09
0.00519362
3.34302e-09
0.00519362
3.77256e-09
0.00519362
1.55227e-09
0.00519362
2.4648e-09
0.00519362
3.3831e-10
0.00519362
9.06933e-10
0.00519362
1.35415e-09
0.00519362
1.91775e-09
0.00519362
3.05795e-10
0.00519362
2.28161e-09
0.00519362
-6.13437e-11
0.00519362
-8.02953e-10
0.00519362
-1.63611e-09
0.00519362
-2.27661e-09
0.00519362
-2.25814e-09
0.00519362
-2.34373e-10
0.00519362
-1.59432e-09
0.00519362
7.20935e-10
0.00519362
1.36507e-10
0.00519362
-2.86511e-10
0.00519362
-7.52702e-10
0.00519362
-9.84435e-10
0.00519362
-2.14459e-09
0.00519362
-8.09833e-10
0.00519362
-1.36077e-09
0.00519362
2.95791e-10
0.00519362
1.04684e-09
0.00519362
1.99141e-09
0.00519362
1.71348e-09
0.00519362
2.22093e-09
0.00519362
5.89509e-10
0.00519362
7.43572e-10
0.00519362
-4.69945e-10
0.00519362
-3.90917e-10
0.00519362
-1.14049e-09
0.00519362
-1.74938e-10
0.00519362
-2.62374e-10
0.00519362
3.28127e-10
0.00519362
3.48659e-10
0.00519362
4.47564e-10
0.00519361
-7.28819e-10
0.00519361
-8.81391e-11
0.00519361
-9.9208e-10
0.00519361
-4.50155e-10
0.00519361
-4.01158e-10
0.00519361
2.97954e-10
0.00519361
6.23286e-10
0.00519361
1.47971e-09
0.00519361
1.69747e-09
0.00519361
3.84877e-09
0.00519361
5.60439e-09
0.00519361
1.23245e-08
0.00519361
2.06523e-08
0.00519361
4.62114e-08
0.0051936
7.2928e-08
0.00519359
1.81604e-07
0.00519358
1.89193e-07
0.00519348
9.0641e-07
0.00519344
2.59919e-07
0.0051923
1.4662e-05
4.44616e-05
0.0051892
0.00188949
0.00519636
0.000155501
0.00519515
-2.37458e-05
0.00519633
6.64063e-05
0.00519556
-1.45093e-05
0.00519567
3.60448e-05
0.00519527
-2.33242e-06
0.00519518
1.75964e-05
0.00519493
1.21983e-06
0.00519482
8.3583e-06
0.00519468
1.29488e-06
0.00519461
3.72134e-06
0.00519453
7.10258e-07
0.00519449
1.54126e-06
0.00519446
2.95927e-07
0.00519444
5.99447e-07
0.00519443
1.01723e-07
0.00519442
2.24393e-07
0.00519441
2.94643e-08
0.00519441
7.76562e-08
0.00519441
9.59362e-09
0.00519441
2.66354e-08
0.00519441
7.75315e-10
0.00519441
1.1382e-08
0.00519441
-1.77974e-09
0.00519441
1.60285e-09
0.00519441
-1.47423e-09
0.00519441
-3.00235e-09
0.00519441
-1.64452e-10
0.00519441
1.84107e-10
0.00519441
-3.7022e-10
0.00519441
2.06891e-09
0.00519441
2.72075e-10
0.00519441
-9.08494e-10
0.00519441
3.16224e-10
0.00519441
-3.29217e-09
0.00519441
1.29301e-09
0.00519441
1.97743e-09
0.00519441
1.2275e-09
0.00519441
3.54121e-09
0.00519441
4.16221e-09
0.00519441
1.70207e-09
0.00519441
2.64633e-09
0.00519441
5.09622e-10
0.00519441
1.08775e-09
0.00519441
1.42689e-09
0.00519441
2.32462e-09
0.00519441
3.8419e-10
0.00519441
2.38216e-09
0.00519441
2.25533e-11
0.00519441
-1.03295e-09
0.00519441
-1.87855e-09
0.00519441
-2.518e-09
0.00519441
-2.63394e-09
0.00519441
-2.04535e-10
0.00519441
-1.6865e-09
0.00519441
7.40207e-10
0.00519441
1.9636e-10
0.00519441
-3.54883e-10
0.00519441
-8.90704e-10
0.00519441
-1.2013e-09
0.00519441
-2.49915e-09
0.00519441
-9.53206e-10
0.00519441
-1.52662e-09
0.00519441
3.8855e-10
0.00519441
1.18001e-09
0.00519441
2.3469e-09
0.00519441
2.03935e-09
0.00519441
2.54129e-09
0.00519441
7.51542e-10
0.00519441
8.28863e-10
0.00519441
-4.81524e-10
0.00519441
-4.59172e-10
0.00519441
-1.29801e-09
0.00519441
-2.19612e-10
0.00519441
-2.29736e-10
0.00519441
3.88359e-10
0.00519441
4.12114e-10
0.00519441
5.73526e-10
0.00519441
-7.38603e-10
0.00519441
-7.83746e-11
0.00519441
-1.08641e-09
0.00519441
-5.34503e-10
0.00519441
-4.65689e-10
0.00519441
2.93877e-10
0.00519441
6.33299e-10
0.00519441
1.60615e-09
0.00519441
1.81911e-09
0.00519441
4.10629e-09
0.00519441
5.9002e-09
0.0051944
1.28002e-08
0.0051944
2.14279e-08
0.0051944
4.77141e-08
0.0051944
7.50021e-08
0.00519439
1.89311e-07
0.00519439
1.95324e-07
0.00519432
9.76485e-07
0.00519428
2.93461e-07
0.0051936
1.53474e-05
4.62031e-05
0.00518482
0.00170467
0.00519398
0.000146347
0.00519261
-2.23807e-05
0.00519508
6.39376e-05
0.00519415
-1.35757e-05
0.00519502
3.51682e-05
0.00519465
-1.95548e-06
0.00519494
1.73002e-05
0.00519476
1.40097e-06
0.00519485
8.27327e-06
0.00519475
1.39017e-06
0.00519477
3.705e-06
0.00519472
7.59384e-07
0.00519472
1.54215e-06
0.00519469
3.19471e-07
0.00519469
6.01908e-07
0.00519468
1.12039e-07
0.00519468
2.2579e-07
0.00519468
3.37642e-08
0.00519468
7.80276e-08
0.00519467
1.11653e-08
0.00519467
2.69586e-08
0.00519467
1.31302e-09
0.00519467
1.15511e-08
0.00519467
-1.46693e-09
0.00519467
1.33728e-09
0.00519467
-1.23994e-09
0.00519467
-3.2595e-09
0.00519467
-2.17633e-10
0.00519467
3.1773e-10
0.00519467
-5.21916e-10
0.00519467
2.09278e-09
0.00519467
2.69429e-10
0.00519467
-1.19038e-09
0.00519467
4.45943e-10
0.00519467
-3.4862e-09
0.00519467
1.11324e-09
0.00519467
2.20077e-09
0.00519467
1.4017e-09
0.00519467
3.68576e-09
0.00519467
4.49576e-09
0.00519467
1.85134e-09
0.00519467
2.80583e-09
0.00519467
6.90524e-10
0.00519467
1.29656e-09
0.00519467
1.47835e-09
0.00519467
2.71092e-09
0.00519467
4.85453e-10
0.00519467
2.42769e-09
0.00519467
1.0164e-10
0.00519467
-1.25436e-09
0.00519467
-2.1364e-09
0.00519467
-2.70667e-09
0.00519467
-2.9954e-09
0.00519467
-1.8235e-10
0.00519467
-1.73173e-09
0.00519467
7.36441e-10
0.00519467
2.4901e-10
0.00519467
-4.24828e-10
0.00519467
-1.04293e-09
0.00519467
-1.41761e-09
0.00519467
-2.84495e-09
0.00519467
-1.09757e-09
0.00519467
-1.67611e-09
0.00519467
4.8612e-10
0.00519467
1.31138e-09
0.00519467
2.69475e-09
0.00519467
2.36561e-09
0.00519467
2.85449e-09
0.00519467
9.14285e-10
0.00519467
9.16055e-10
0.00519467
-4.84375e-10
0.00519467
-5.09511e-10
0.00519467
-1.4398e-09
0.00519467
-2.62656e-10
0.00519467
-1.90378e-10
0.00519467
4.52042e-10
0.00519467
4.61804e-10
0.00519467
6.91014e-10
0.00519467
-7.43328e-10
0.00519467
-8.14749e-11
0.00519467
-1.17014e-09
0.00519467
-6.28305e-10
0.00519467
-5.35621e-10
0.00519467
2.8189e-10
0.00519467
6.23973e-10
0.00519467
1.705e-09
0.00519467
1.90083e-09
0.00519467
4.26788e-09
0.00519467
6.04231e-09
0.00519467
1.2928e-08
0.00519467
2.16178e-08
0.00519467
4.79926e-08
0.00519467
7.51537e-08
0.00519467
1.92107e-07
0.00519466
1.96515e-07
0.00519462
1.01842e-06
0.0051946
3.16332e-07
0.00519436
1.55823e-05
4.65901e-05
0.00518088
0.0015238
0.00519168
0.000135543
0.00519015
-2.08464e-05
0.00519373
6.03567e-05
0.00519266
-1.25102e-05
0.00519423
3.35989e-05
0.00519388
-1.60693e-06
0.00519454
1.66418e-05
0.00519443
1.51396e-06
0.0051947
8.00608e-06
0.00519465
1.4352e-06
0.00519475
3.60383e-06
0.00519473
7.82159e-07
0.00519476
1.50677e-06
0.00519475
3.31693e-07
0.00519476
5.89925e-07
0.00519476
1.18144e-07
0.00519476
2.21666e-07
0.00519476
3.66143e-08
0.00519476
7.6478e-08
0.00519476
1.22396e-08
0.00519476
2.66296e-08
0.00519476
1.74589e-09
0.00519476
1.14232e-08
0.00519476
-1.14164e-09
0.00519476
1.02154e-09
0.00519476
-9.90374e-10
0.00519476
-3.45316e-09
0.00519476
-3.19562e-10
0.00519476
4.31007e-10
0.00519476
-6.49037e-10
0.00519476
2.03009e-09
0.00519476
2.68298e-10
0.00519476
-1.481e-09
0.00519476
5.52214e-10
0.00519476
-3.58741e-09
0.00519476
8.92294e-10
0.00519476
2.37192e-09
0.00519476
1.60972e-09
0.00519476
3.77886e-09
0.00519476
4.76413e-09
0.00519476
1.99487e-09
0.00519476
2.9462e-09
0.00519476
8.73693e-10
0.00519476
1.52587e-09
0.00519476
1.51369e-09
0.00519476
3.07532e-09
0.00519476
6.07583e-10
0.00519476
2.4322e-09
0.00519476
1.70886e-10
0.00519476
-1.45118e-09
0.00519476
-2.40547e-09
0.00519476
-2.84622e-09
0.00519476
-3.33038e-09
0.00519476
-1.73435e-10
0.00519476
-1.73226e-09
0.00519476
7.13007e-10
0.00519476
2.92047e-10
0.00519476
-4.89904e-10
0.00519476
-1.21015e-09
0.00519476
-1.62969e-09
0.00519476
-3.17304e-09
0.00519476
-1.244e-09
0.00519476
-1.80552e-09
0.00519476
5.8223e-10
0.00519476
1.44306e-09
0.00519476
3.02324e-09
0.00519476
2.67871e-09
0.00519476
3.15828e-09
0.00519476
1.0686e-09
0.00519476
1.00473e-09
0.00519476
-4.84199e-10
0.00519476
-5.43814e-10
0.00519476
-1.56103e-09
0.00519476
-3.03918e-10
0.00519476
-1.471e-10
0.00519476
5.18182e-10
0.00519476
4.98041e-10
0.00519476
7.95634e-10
0.00519476
-7.4299e-10
0.00519476
-9.6183e-11
0.00519476
-1.24498e-09
0.00519476
-7.28975e-10
0.00519476
-6.11012e-10
0.00519476
2.64011e-10
0.00519476
5.99004e-10
0.00519476
1.77346e-09
0.00519476
1.94072e-09
0.00519476
4.33285e-09
0.00519476
6.02938e-09
0.00519476
1.27305e-08
0.00519476
2.12404e-08
0.00519476
4.70751e-08
0.00519476
7.34518e-08
0.00519476
1.90007e-07
0.00519477
1.9288e-07
0.00519475
1.03041e-06
0.00519474
3.2794e-07
0.00519494
1.53852e-05
4.57141e-05
0.00517742
0.00134638
0.00518959
0.000123376
0.00518787
-1.91309e-05
0.00519241
5.58213e-05
0.00519124
-1.13374e-05
0.00519342
3.14097e-05
0.00519311
-1.29298e-06
0.0051941
1.56524e-05
0.00519406
1.55799e-06
0.00519449
7.5697e-06
0.0051945
1.42981e-06
0.00519468
3.42277e-06
0.00519468
7.7823e-07
0.00519475
1.43681e-06
0.00519475
3.32254e-07
0.00519478
5.64054e-07
0.00519478
1.19753e-07
0.00519479
2.122e-07
0.00519479
3.78634e-08
0.00519479
7.30496e-08
0.00519479
1.27657e-08
0.00519479
2.56607e-08
0.00519479
2.05325e-09
0.00519479
1.09953e-08
0.00519479
-8.12746e-10
0.00519479
6.6726e-10
0.00519479
-7.48305e-10
0.00519479
-3.5852e-09
0.00519479
-4.62967e-10
0.00519479
5.14274e-10
0.00519479
-7.44628e-10
0.00519479
1.87525e-09
0.00519479
2.69237e-10
0.00519479
-1.76232e-09
0.00519479
6.23158e-10
0.00519479
-3.59062e-09
0.00519479
6.47411e-10
0.00519479
2.48688e-09
0.00519479
1.84569e-09
0.00519479
3.82472e-09
0.00519479
4.96802e-09
0.00519479
2.1293e-09
0.00519479
3.06846e-09
0.00519479
1.05549e-09
0.00519479
1.75969e-09
0.00519479
1.54208e-09
0.00519479
3.40627e-09
0.00519479
7.49347e-10
0.00519479
2.40668e-09
0.00519479
2.23227e-10
0.00519479
-1.60919e-09
0.00519479
-2.68691e-09
0.00519479
-2.9419e-09
0.00519479
-3.62767e-09
0.00519479
-1.83605e-10
0.00519479
-1.69166e-09
0.00519479
6.79162e-10
0.00519479
3.21539e-10
0.00519479
-5.43912e-10
0.00519479
-1.39074e-09
0.00519479
-1.83171e-09
0.00519479
-3.47296e-09
0.00519479
-1.38724e-09
0.00519479
-1.9138e-09
0.00519479
6.72847e-10
0.00519479
1.57758e-09
0.00519479
3.32955e-09
0.00519479
2.97354e-09
0.00519479
3.44731e-09
0.00519479
1.21037e-09
0.00519479
1.0894e-09
0.00519479
-4.85141e-10
0.00519479
-5.61876e-10
0.00519479
-1.66182e-09
0.00519479
-3.42097e-10
0.00519479
-1.04569e-10
0.00519479
5.85736e-10
0.00519479
5.22981e-10
0.00519479
8.85846e-10
0.00519479
-7.38779e-10
0.00519479
-1.19984e-10
0.00519479
-1.30838e-09
0.00519479
-8.31366e-10
0.00519479
-6.89988e-10
0.00519479
2.40128e-10
0.00519479
5.66632e-10
0.00519479
1.81214e-09
0.00519479
1.94276e-09
0.00519479
4.30348e-09
0.00519479
5.8667e-09
0.00519479
1.2222e-08
0.00519479
2.0321e-08
0.00519479
4.50105e-08
0.00519479
6.99995e-08
0.0051948
1.83118e-07
0.00519481
1.8462e-07
0.00519483
1.01182e-06
0.00519483
3.28055e-07
0.00519543
1.47818e-05
4.36771e-05
0.00517444
0.00117194
0.00518773
0.000110085
0.00518583
-1.72312e-05
0.00519118
5.04748e-05
0.00518992
-1.00776e-05
0.00519266
2.86724e-05
0.00519238
-1.01699e-06
0.00519367
1.43648e-05
0.00519369
1.53461e-06
0.00519428
6.97868e-06
0.00519434
1.37543e-06
0.00519459
3.16785e-06
0.00519462
7.48152e-07
0.00519472
1.33453e-06
0.00519474
3.21258e-07
0.00519477
5.25105e-07
0.00519478
1.16827e-07
0.00519479
1.97659e-07
0.00519479
3.74649e-08
0.0051948
6.78191e-08
0.0051948
1.27147e-08
0.0051948
2.40787e-08
0.0051948
2.22498e-09
0.0051948
1.02783e-08
0.0051948
-5.03391e-10
0.0051948
2.87343e-10
0.0051948
-5.23561e-10
0.0051948
-3.6548e-09
0.0051948
-6.37661e-10
0.0051948
5.56924e-10
0.0051948
-7.98964e-10
0.0051948
1.63265e-09
0.0051948
2.77459e-10
0.0051948
-2.01647e-09
0.0051948
6.45725e-10
0.0051948
-3.5019e-09
0.0051948
4.01671e-10
0.0051948
2.54402e-09
0.0051948
2.10708e-09
0.0051948
3.82708e-09
0.0051948
5.10745e-09
0.0051948
2.25e-09
0.0051948
3.17109e-09
0.0051948
1.23169e-09
0.0051948
1.99085e-09
0.0051948
1.56754e-09
0.0051948
3.69881e-09
0.0051948
9.05447e-10
0.0051948
2.36157e-09
0.0051948
2.51069e-10
0.0051948
-1.72114e-09
0.0051948
-2.97357e-09
0.0051948
-3.00388e-09
0.0051948
-3.87675e-09
0.0051948
-2.1639e-10
0.0051948
-1.61421e-09
0.0051948
6.39137e-10
0.0051948
3.32154e-10
0.0051948
-5.81518e-10
0.0051948
-1.57933e-09
0.0051948
-2.02183e-09
0.0051948
-3.74088e-09
0.0051948
-1.52499e-09
0.0051948
-1.99958e-09
0.0051948
7.54764e-10
0.0051948
1.71594e-09
0.0051948
3.60836e-09
0.0051948
3.24081e-09
0.0051948
3.7184e-09
0.0051948
1.33661e-09
0.0051948
1.17059e-09
0.0051948
-4.8859e-10
0.0051948
-5.66178e-10
0.0051948
-1.73929e-09
0.0051948
-3.76099e-10
0.0051948
-6.23871e-11
0.0051948
6.53614e-10
0.0051948
5.39314e-10
0.0051948
9.6097e-10
0.0051948
-7.31658e-10
0.0051948
-1.49015e-10
0.0051948
-1.36154e-09
0.0051948
-9.30715e-10
0.0051948
-7.69818e-10
0.0051948
2.11438e-10
0.0051948
5.32068e-10
0.0051948
1.82149e-09
0.0051948
1.90825e-09
0.0051948
4.18484e-09
0.0051948
5.56076e-09
0.0051948
1.14204e-08
0.0051948
1.88935e-08
0.0051948
4.1871e-08
0.00519481
6.49271e-08
0.00519482
1.71647e-07
0.00519483
1.7202e-07
0.00519488
9.63093e-07
0.00519489
3.16804e-07
0.00519587
1.38038e-05
4.05891e-05
0.00517191
0.00100003
0.00518612
9.58783e-05
0.00518404
-1.51526e-05
0.00519006
4.44471e-05
0.00518874
-8.74791e-06
0.00519195
2.54577e-05
0.00519171
-7.79811e-07
0.00519326
1.28131e-05
0.00519335
1.44756e-06
0.00519408
6.2491e-06
0.00519418
1.27494e-06
0.0051945
2.84607e-06
0.00519456
6.93317e-07
0.00519469
1.20275e-06
0.00519471
2.99207e-07
0.00519476
4.74137e-07
0.00519477
1.09498e-07
0.00519479
1.7841e-07
0.00519479
3.54557e-08
0.0051948
6.09044e-08
0.0051948
1.20871e-08
0.0051948
2.19315e-08
0.0051948
2.26648e-09
0.0051948
9.29395e-09
0.0051948
-2.36196e-10
0.0051948
-1.08013e-10
0.0051948
-3.18751e-10
0.0051948
-3.66396e-09
0.0051948
-8.33121e-10
0.0051948
5.48808e-10
0.0051948
-8.03514e-10
0.0051948
1.31214e-09
0.0051948
2.9455e-10
0.00519481
-2.22262e-09
0.00519481
6.10344e-10
0.00519481
-3.33272e-09
0.00519481
1.7867e-10
0.00519481
2.54429e-09
0.00519481
2.39047e-09
0.00519481
3.78833e-09
0.00519481
5.18516e-09
0.00519481
2.35465e-09
0.00519481
3.25009e-09
0.00519481
1.40031e-09
0.00519481
2.21256e-09
0.0051948
1.59238e-09
0.0051948
3.94799e-09
0.0051948
1.06942e-09
0.0051948
2.30574e-09
0.0051948
2.4747e-10
0.0051948
-1.78404e-09
0.0051948
-3.25626e-09
0.0051948
-3.04311e-09
0.0051948
-4.0689e-09
0.0051948
-2.73114e-10
0.0051948
-1.50516e-09
0.0051948
5.97601e-10
0.0051948
3.19487e-10
0.0051948
-5.99152e-10
0.0051948
-1.76829e-09
0.00519481
-2.19942e-09
0.00519481
-3.97556e-09
0.00519481
-1.65465e-09
0.00519481
-2.06249e-09
0.00519481
8.25792e-10
0.00519481
1.85536e-09
0.0051948
3.85576e-09
0.0051948
3.473e-09
0.0051948
3.96807e-09
0.0051948
1.44609e-09
0.0051948
1.24877e-09
0.0051948
-4.93962e-10
0.0051948
-5.59321e-10
0.0051948
-1.79134e-09
0.0051948
-4.04834e-10
0.0051948
-1.98978e-11
0.0051948
7.20128e-10
0.0051948
5.48969e-10
0.0051948
1.02268e-09
0.0051948
-7.22996e-10
0.0051948
-1.79193e-10
0.0051948
-1.4061e-09
0.0051948
-1.02255e-09
0.0051948
-8.47835e-10
0.0051948
1.79334e-10
0.0051948
4.99244e-10
0.0051948
1.80226e-09
0.0051948
1.8383e-09
0.0051948
3.98402e-09
0.0051948
5.12076e-09
0.0051948
1.03521e-08
0.0051948
1.70038e-08
0.00519481
3.77478e-08
0.00519482
5.83888e-08
0.00519483
1.55905e-07
0.00519485
1.55438e-07
0.00519492
8.85693e-07
0.00519495
2.94671e-07
0.00519626
1.2488e-05
3.6567e-05
0.00516979
0.000830237
0.00518474
8.09322e-05
0.00518249
-1.29079e-05
0.00518908
3.78566e-05
0.0051877
-7.36271e-06
0.00519132
2.18355e-05
0.00519112
-5.80073e-07
0.0051929
1.10327e-05
0.00519305
1.30241e-06
0.0051939
5.39833e-06
0.00519404
1.13254e-06
0.00519442
2.46534e-06
0.0051945
6.15856e-07
0.00519466
1.04476e-06
0.00519469
2.66962e-07
0.00519475
4.1243e-07
0.00519476
9.8075e-08
0.00519479
1.54923e-07
0.00519479
3.19378e-08
0.0051948
5.24676e-08
0.0051948
1.09102e-08
0.0051948
1.92626e-08
0.0051948
2.19413e-09
0.0051948
8.07487e-09
0.0051948
-2.20885e-11
0.0051948
-5.14823e-10
0.0051948
-1.41859e-10
0.0051948
-3.62139e-09
0.0051948
-1.03819e-09
0.00519481
4.785e-10
0.00519481
-7.55221e-10
0.00519481
9.26085e-10
0.00519481
3.1382e-10
0.00519481
-2.35393e-09
0.00519481
5.10542e-10
0.00519481
-3.09019e-09
0.00519481
-5.73853e-12
0.00519481
2.49024e-09
0.00519481
2.68786e-09
0.00519481
3.70893e-09
0.00519481
5.21106e-09
0.00519481
2.44313e-09
0.00519481
3.30136e-09
0.00519481
1.5583e-09
0.00519481
2.41525e-09
0.00519481
1.61781e-09
0.00519481
4.14614e-09
0.00519481
1.23542e-09
0.00519481
2.24639e-09
0.00519481
2.07745e-10
0.00519481
-1.80172e-09
0.00519481
-3.52531e-09
0.00519481
-3.06936e-09
0.00519481
-4.19835e-09
0.00519481
-3.53672e-10
0.00519481
-1.37364e-09
0.00519481
5.66979e-10
0.00519481
2.78625e-10
0.00519481
-5.96645e-10
0.00519481
-1.94891e-09
0.00519481
-2.36213e-09
0.00519481
-4.16979e-09
0.00519481
-1.77471e-09
0.00519481
-2.09996e-09
0.00519481
8.8469e-10
0.00519481
1.98943e-09
0.00519481
4.07606e-09
0.00519481
3.66915e-09
0.00519481
4.19294e-09
0.00519481
1.53637e-09
0.0051948
1.31962e-09
0.0051948
-5.01271e-10
0.0051948
-5.44483e-10
0.0051948
-1.81763e-09
0.0051948
-4.297e-10
0.0051948
2.10904e-11
0.0051948
7.84795e-10
0.0051948
5.52911e-10
0.0051948
1.07486e-09
0.0051948
-7.14964e-10
0.0051948
-2.09375e-10
0.0051948
-1.4382e-09
0.0051948
-1.10359e-09
0.0051948
-9.20299e-10
0.0051948
1.43342e-10
0.0051948
4.7059e-10
0.0051948
1.75983e-09
0.0051948
1.73644e-09
0.0051948
3.7101e-09
0.0051948
4.55923e-09
0.0051948
9.04566e-09
0.00519481
1.47041e-08
0.00519481
3.27481e-08
0.00519482
5.05581e-08
0.00519484
1.36298e-07
0.00519486
1.35299e-07
0.00519496
7.81978e-07
0.00519499
2.62478e-07
0.00519661
1.08754e-05
3.17338e-05
0.00516807
0.000662169
0.0051836
6.54019e-05
0.00518121
-1.05157e-05
0.00518825
3.0812e-05
0.00518682
-5.93435e-06
0.00519078
1.78747e-05
0.00519062
-4.14492e-07
0.00519259
9.06002e-06
0.00519279
1.10637e-06
0.00519374
4.44485e-06
0.00519392
9.53514e-07
0.00519435
2.03432e-06
0.00519445
5.18544e-07
0.00519463
8.64285e-07
0.00519467
2.25699e-07
0.00519474
3.4146e-07
0.00519476
8.30181e-08
0.00519478
1.27759e-07
0.00519479
2.70693e-08
0.0051948
4.27135e-08
0.0051948
9.2334e-09
0.0051948
1.61321e-08
0.0051948
2.02538e-09
0.0051948
6.66043e-09
0.0051948
1.27986e-10
0.0051948
-9.2966e-10
0.0051948
7.08558e-12
0.00519481
-3.53174e-09
0.00519481
-1.24382e-09
0.00519481
3.37789e-10
0.00519481
-6.53131e-10
0.00519481
4.94689e-10
0.00519481
3.27073e-10
0.00519481
-2.39402e-09
0.00519481
3.49482e-10
0.00519481
-2.79557e-09
0.00519481
-1.36227e-10
0.00519481
2.38463e-09
0.00519481
2.99098e-09
0.00519481
3.5922e-09
0.00519481
5.18714e-09
0.00519481
2.51689e-09
0.00519481
3.32222e-09
0.00519481
1.70208e-09
0.00519481
2.597e-09
0.00519481
1.64306e-09
0.00519481
4.29228e-09
0.00519481
1.39515e-09
0.00519481
2.19056e-09
0.00519481
1.30842e-10
0.00519481
-1.77968e-09
0.00519481
-3.76993e-09
0.00519481
-3.09004e-09
0.00519481
-4.26236e-09
0.00519481
-4.53931e-10
0.00519481
-1.22804e-09
0.00519481
5.51907e-10
0.00519481
2.1005e-10
0.00519481
-5.76015e-10
0.00519481
-2.11201e-09
0.00519481
-2.50828e-09
0.00519481
-4.32551e-09
0.00519481
-1.88342e-09
0.00519481
-2.11231e-09
0.00519481
9.31344e-10
0.00519481
2.11229e-09
0.00519481
4.26681e-09
0.00519481
3.82475e-09
0.00519481
4.38812e-09
0.00519481
1.60692e-09
0.00519481
1.3828e-09
0.00519481
-5.08514e-10
0.0051948
-5.24003e-10
0.0051948
-1.81831e-09
0.0051948
-4.50141e-10
0.0051948
6.23522e-11
0.0051948
8.46475e-10
0.0051948
5.51219e-10
0.0051948
1.11988e-09
0.0051948
-7.07082e-10
0.0051948
-2.36593e-10
0.0051948
-1.45954e-09
0.0051948
-1.17104e-09
0.0051948
-9.84444e-10
0.0051948
1.04339e-10
0.0051948
4.47317e-10
0.0051948
1.69614e-09
0.0051948
1.60395e-09
0.0051948
3.37213e-09
0.0051948
3.89121e-09
0.00519481
7.53401e-09
0.00519481
1.20544e-08
0.00519481
2.69943e-08
0.00519482
4.16253e-08
0.00519485
1.13321e-07
0.00519487
1.12093e-07
0.005195
6.55095e-07
0.00519504
2.21363e-07
0.0051969
9.01034e-06
2.62173e-05
0.00516671
0.000495457
0.00518269
4.94245e-05
0.00518018
-7.99992e-06
0.00518757
2.34138e-05
0.00518611
-4.47345e-06
0.00519034
1.3644e-05
0.00519021
-2.78193e-07
0.00519233
6.93245e-06
0.00519257
8.68006e-07
0.00519361
3.4081e-06
0.00519382
7.44079e-07
0.00519429
1.56231e-06
0.0051944
4.04692e-07
0.0051946
6.65385e-07
0.00519465
1.76864e-07
0.00519473
2.62862e-07
0.00519475
6.49151e-08
0.00519478
9.75614e-08
0.00519479
2.10548e-08
0.0051948
3.18814e-08
0.0051948
7.12939e-09
0.0051948
1.26091e-08
0.0051948
1.78111e-09
0.0051948
5.09439e-09
0.0051948
2.14514e-10
0.0051948
-1.35152e-09
0.0051948
1.25746e-10
0.00519481
-3.40221e-09
0.00519481
-1.4436e-09
0.00519481
1.21163e-10
0.00519481
-5.0275e-10
0.00519481
3.71114e-11
0.00519481
3.21847e-10
0.00519481
-2.33298e-09
0.00519481
1.37866e-10
0.00519481
-2.46785e-09
0.00519481
-2.04624e-10
0.00519481
2.2307e-09
0.00519481
3.28764e-09
0.00519481
3.44246e-09
0.00519481
5.11645e-09
0.00519481
2.57865e-09
0.00519481
3.31164e-09
0.00519481
1.82823e-09
0.00519481
2.75573e-09
0.00519481
1.66633e-09
0.00519481
4.3856e-09
0.00519481
1.54077e-09
0.00519481
2.14217e-09
0.00519481
1.97837e-11
0.00519481
-1.72471e-09
0.00519481
-3.98072e-09
0.00519481
-3.10979e-09
0.00519481
-4.2628e-09
0.00519481
-5.66757e-10
0.00519481
-1.07707e-09
0.00519481
5.58588e-10
0.00519481
1.17602e-10
0.00519481
-5.40578e-10
0.00519481
-2.24952e-09
0.00519481
-2.63458e-09
0.00519481
-4.44213e-09
0.00519481
-1.97907e-09
0.00519481
-2.09997e-09
0.00519481
9.66165e-10
0.00519481
2.21808e-09
0.00519481
4.428e-09
0.00519481
3.93896e-09
0.00519481
4.54872e-09
0.00519481
1.65629e-09
0.00519481
1.43544e-09
0.00519481
-5.13253e-10
0.00519481
-4.99747e-10
0.00519481
-1.79473e-09
0.0051948
-4.66436e-10
0.0051948
1.03883e-10
0.0051948
9.04283e-10
0.0051948
5.43697e-10
0.0051948
1.15938e-09
0.0051948
-6.97798e-10
0.0051948
-2.57849e-10
0.0051948
-1.46933e-09
0.0051948
-1.22302e-09
0.0051948
-1.03834e-09
0.0051948
6.30404e-11
0.0051948
4.29943e-10
0.0051948
1.61549e-09
0.0051948
1.44382e-09
0.0051948
2.97968e-09
0.0051948
3.13439e-09
0.00519481
5.85292e-09
0.00519481
9.12001e-09
0.00519481
2.06215e-08
0.00519482
3.17956e-08
0.00519485
8.75494e-08
0.00519488
8.63623e-08
0.00519502
5.08862e-07
0.00519507
1.72747e-07
0.00519714
6.93996e-06
2.01494e-05
0.00516571
0.000329747
0.00518201
3.3123e-05
0.0051794
-5.38801e-06
0.00518706
1.57561e-05
0.00518557
-2.98929e-06
0.00519001
9.21114e-06
0.00518989
-1.65013e-07
0.00519214
4.68805e-06
0.00519241
5.96946e-07
0.00519351
2.30824e-06
0.00519374
5.11188e-07
0.00519424
1.05912e-06
0.00519437
2.78044e-07
0.00519458
4.5242e-07
0.00519464
1.22127e-07
0.00519472
1.78406e-07
0.00519475
4.44566e-08
0.00519478
6.50374e-08
0.00519478
1.4136e-08
0.0051948
2.02382e-08
0.0051948
4.69104e-09
0.0051948
8.77272e-09
0.0051948
1.48167e-09
0.0051948
3.42099e-09
0.0051948
2.45409e-10
0.00519481
-1.77854e-09
0.00519481
2.12588e-10
0.00519481
-3.23941e-09
0.00519481
-1.63051e-09
0.00519481
-1.73901e-10
0.00519481
-3.12632e-10
0.00519481
-4.23951e-10
0.00519481
2.88073e-10
0.00519481
-2.17144e-09
0.00519481
-1.08859e-10
0.00519481
-2.12944e-09
0.00519481
-2.07315e-10
0.00519481
2.0323e-09
0.00519481
3.56681e-09
0.00519481
3.26571e-09
0.00519481
4.99862e-09
0.00519481
2.63016e-09
0.00519481
3.27089e-09
0.00519481
1.93283e-09
0.00519481
2.892e-09
0.00519481
1.6865e-09
0.00519481
4.42745e-09
0.00519481
1.66712e-09
0.00519481
2.1027e-09
0.00519481
-1.19079e-10
0.00519481
-1.64591e-09
0.00519481
-4.14993e-09
0.00519481
-3.13024e-09
0.00519481
-4.20516e-09
0.00519481
-6.84243e-10
0.00519481
-9.30673e-10
0.00519481
5.89072e-10
0.00519481
6.6415e-12
0.00519481
-4.95115e-10
0.00519481
-2.35536e-09
0.00519481
-2.73801e-09
0.00519481
-4.52053e-09
0.00519481
-2.06038e-09
0.00519481
-2.06483e-09
0.00519481
9.9108e-10
0.00519481
2.30138e-09
0.00519481
4.55775e-09
0.00519481
4.01156e-09
0.00519481
4.66995e-09
0.00519481
1.68387e-09
0.00519481
1.47548e-09
0.00519481
-5.14274e-10
0.00519481
-4.73637e-10
0.00519481
-1.74876e-09
0.0051948
-4.78321e-10
0.0051948
1.45996e-10
0.0051948
9.5897e-10
0.0051948
5.3036e-10
0.0051948
1.19419e-09
0.0051948
-6.85702e-10
0.0051948
-2.71876e-10
0.0051948
-1.46775e-09
0.0051948
-1.25862e-09
0.0051948
-1.08022e-09
0.0051948
2.02804e-11
0.0051948
4.16921e-10
0.0051948
1.5219e-09
0.0051948
1.25966e-09
0.0051948
2.54229e-09
0.0051948
2.3086e-09
0.00519481
4.04068e-09
0.00519481
5.97081e-09
0.00519482
1.37754e-08
0.00519483
2.12857e-08
0.00519485
5.96211e-08
0.00519488
5.86964e-08
0.00519504
3.47638e-07
0.0051951
1.18289e-07
0.00519732
4.71371e-06
1.36652e-05
0.00516505
0.000164699
0.00518156
1.66108e-05
0.00517888
-2.71046e-06
0.00518671
7.92797e-06
0.00518521
-1.49022e-06
0.00518978
4.64377e-06
0.00518968
-6.78218e-08
0.005192
2.36549e-06
0.0051923
3.0364e-07
0.00519344
1.16601e-06
0.00519369
2.62344e-07
0.00519421
5.34956e-07
0.00519435
1.42671e-07
0.00519457
2.29962e-07
0.00519463
6.33348e-08
0.00519472
8.9963e-08
0.00519474
2.2405e-08
0.00519478
3.09474e-08
0.00519478
6.58353e-09
0.0051948
8.07015e-09
0.0051948
2.02731e-09
0.0051948
4.71067e-09
0.0051948
1.14714e-09
0.0051948
1.68241e-09
0.0051948
2.35475e-10
0.00519481
-2.20669e-09
0.00519481
2.6496e-10
0.00519481
-3.05065e-09
0.00519481
-1.7974e-09
0.00519481
-5.44438e-10
0.00519481
-9.35606e-11
0.00519481
-8.64861e-10
0.00519481
2.17254e-10
0.00519481
-1.91842e-09
0.00519481
-3.70747e-10
0.00519481
-1.80117e-09
0.00519481
-1.45778e-10
0.00519481
1.79497e-09
0.00519481
3.81653e-09
0.00519481
3.07104e-09
0.00519481
4.83269e-09
0.00519481
2.67177e-09
0.00519481
3.20369e-09
0.00519481
2.01165e-09
0.00519481
3.00648e-09
0.00519481
1.70208e-09
0.00519481
4.42036e-09
0.00519481
1.77121e-09
0.00519481
2.07122e-09
0.00519481
-2.76846e-10
0.00519481
-1.55188e-09
0.00519481
-4.27266e-09
0.00519481
-3.1503e-09
0.00519481
-4.09769e-09
0.00519481
-7.98558e-10
0.00519481
-7.97469e-10
0.00519481
6.42362e-10
0.00519481
-1.14898e-10
0.00519481
-4.4508e-10
0.00519481
-2.42561e-09
0.00519481
-2.81531e-09
0.00519481
-4.56168e-09
0.00519481
-2.12581e-09
0.00519481
-2.00983e-09
0.00519481
1.00757e-09
0.00519481
2.35798e-09
0.00519481
4.65373e-09
0.00519481
4.04322e-09
0.00519481
4.74742e-09
0.00519481
1.68958e-09
0.00519481
1.50079e-09
0.00519481
-5.10934e-10
0.00519481
-4.47272e-10
0.00519481
-1.68269e-09
0.0051948
-4.85423e-10
0.0051948
1.88015e-10
0.0051948
1.01058e-09
0.0051948
5.10705e-10
0.0051948
1.22487e-09
0.0051948
-6.69702e-10
0.0051948
-2.77819e-10
0.0051948
-1.45481e-09
0.0051948
-1.27751e-09
0.0051948
-1.10913e-09
0.0051948
-2.24995e-11
0.0051948
4.06041e-10
0.0051948
1.41889e-09
0.0051948
1.05555e-09
0.0051948
2.06948e-09
0.0051948
1.4352e-09
0.00519481
2.1378e-09
0.00519481
2.6796e-09
0.00519482
6.60978e-09
0.00519483
1.03212e-08
0.00519486
3.02251e-08
0.00519489
2.97196e-08
0.00519506
1.76192e-07
0.00519512
5.98293e-08
0.00519745
2.38264e-06
6.90207e-06
0.00516472
-2.06487e-08
0.00518134
-5.16836e-09
0.00517863
3.94749e-10
0.00518654
1.53064e-08
0.00518503
1.60507e-08
0.00518967
9.17819e-09
0.00518958
2.11568e-08
0.00519194
3.77706e-09
0.00519224
-9.21021e-10
0.00519341
2.51968e-09
0.00519366
5.41684e-09
0.0051942
2.69538e-10
0.00519434
2.86145e-09
0.00519457
2.72635e-09
0.00519463
2.45745e-09
0.00519472
-5.22056e-10
0.00519474
-4.32251e-10
0.00519477
-3.9136e-09
0.00519478
-1.31117e-09
0.0051948
-4.32539e-09
0.0051948
-7.42338e-10
0.0051948
5.17209e-10
0.0051948
7.98553e-10
0.0051948
-8.28238e-11
0.0051948
2.0345e-10
0.00519481
-2.62865e-09
0.00519481
2.79449e-10
0.00519481
-2.84361e-09
0.00519481
-1.93673e-09
0.00519481
-9.81646e-10
0.00519481
1.41014e-10
0.00519481
-1.26333e-09
0.00519481
1.05878e-10
0.00519481
-1.59028e-09
0.00519481
-6.2555e-10
0.00519481
-1.50052e-09
0.00519481
-2.56599e-11
0.00519481
1.52667e-09
0.00519481
4.02565e-09
0.00519481
2.86976e-09
0.00519481
4.61857e-09
0.00519481
2.70185e-09
0.00519481
3.11577e-09
0.00519481
2.06058e-09
0.00519481
3.10022e-09
0.00519481
1.71141e-09
0.00519481
4.36735e-09
0.00519481
1.85215e-09
0.00519481
2.04402e-09
0.00519481
-4.4342e-10
0.00519481
-1.45019e-09
0.00519481
-4.34663e-09
0.00519481
-3.16676e-09
0.00519481
-3.95052e-09
0.00519481
-9.02328e-10
0.00519481
-6.84108e-10
0.00519481
7.14399e-10
0.00519481
-2.3781e-10
0.00519481
-3.95625e-10
0.00519481
-2.45876e-09
0.00519481
-2.86338e-09
0.00519481
-4.5664e-09
0.00519481
-2.17353e-09
0.00519481
-1.93867e-09
0.00519481
1.0175e-09
0.00519481
2.38564e-09
0.00519481
4.71332e-09
0.00519481
4.03559e-09
0.00519481
4.77795e-09
0.00519481
1.67429e-09
0.00519481
1.51003e-09
0.00519481
-5.02772e-10
0.00519481
-4.2193e-10
0.00519481
-1.59905e-09
0.00519481
-4.8699e-10
0.0051948
2.28687e-10
0.0051948
1.05942e-09
0.0051948
4.84867e-10
0.0051948
1.25069e-09
0.0051948
-6.48683e-10
0.0051948
-2.75586e-10
0.0051948
-1.43054e-09
0.0051948
-1.27983e-09
0.0051948
-1.12479e-09
0.0051948
-6.35636e-11
0.0051948
3.94811e-10
0.0051948
1.31008e-09
0.0051948
8.36815e-10
0.0051948
1.57095e-09
0.0051948
5.36596e-10
0.00519481
1.86561e-10
0.00519481
-6.78953e-10
0.00519482
-7.15759e-10
0.00519483
-8.66829e-10
0.00519486
8.45695e-11
0.00519489
8.04698e-11
0.00519506
-4.3078e-10
0.00519513
-6.62238e-10
0.00519751
-1.08838e-09
-8.54516e-10
0.00516472
-0.00016474
0.00518134
-1.66212e-05
0.00517863
2.71129e-06
0.00518654
-7.89757e-06
0.00518503
1.52213e-06
0.00518967
-4.62548e-06
0.00518958
1.10023e-07
0.00519194
-2.35788e-06
0.00519224
-3.05476e-07
0.00519341
-1.16094e-06
0.00519366
-2.51542e-07
0.0051942
-5.34351e-07
0.00519434
-1.36985e-07
0.00519457
-2.24502e-07
0.00519463
-5.84675e-08
0.00519472
-9.10638e-08
0.00519474
-2.32307e-08
0.00519477
-3.87336e-08
0.00519478
-9.24409e-09
0.0051948
-1.66483e-08
0.0051948
-3.49369e-09
0.0051948
-3.70984e-09
0.0051948
4.57665e-10
0.0051948
-1.83994e-09
0.0051948
1.68714e-10
0.00519481
-3.03359e-09
0.00519481
2.52727e-10
0.00519481
-2.627e-09
0.00519481
-2.04064e-09
0.00519481
-1.47094e-09
0.00519481
3.77166e-10
0.00519481
-1.59979e-09
0.00519481
-4.4062e-11
0.00519481
-1.20764e-09
0.00519481
-8.50852e-10
0.00519481
-1.23987e-09
0.00519481
1.43651e-10
0.00519481
1.23803e-09
0.00519481
4.18411e-09
0.00519481
2.67425e-09
0.00519481
4.35828e-09
0.00519481
2.71704e-09
0.00519481
3.01396e-09
0.00519481
2.07623e-09
0.00519481
3.17348e-09
0.00519481
1.71261e-09
0.00519481
4.27143e-09
0.00519481
1.91097e-09
0.00519481
2.01585e-09
0.00519481
-6.08905e-10
0.00519481
-1.34668e-09
0.00519481
-4.37234e-09
0.00519481
-3.17503e-09
0.00519481
-3.7742e-09
0.00519481
-9.89895e-10
0.00519481
-5.94709e-10
0.00519481
7.98763e-10
0.00519481
-3.52603e-10
0.00519481
-3.50827e-10
0.00519481
-2.45562e-09
0.00519481
-2.87953e-09
0.00519481
-4.53537e-09
0.00519481
-2.20144e-09
0.00519481
-1.85552e-09
0.00519481
1.0225e-09
0.00519481
2.38395e-09
0.00519481
4.73403e-09
0.00519481
3.99088e-09
0.00519481
4.7596e-09
0.00519481
1.6398e-09
0.00519481
1.50251e-09
0.00519481
-4.8949e-10
0.00519481
-3.98416e-10
0.00519481
-1.5006e-09
0.00519481
-4.82003e-10
0.0051948
2.66059e-10
0.0051948
1.10525e-09
0.0051948
4.53416e-10
0.0051948
1.27014e-09
0.0051948
-6.22132e-10
0.0051948
-2.65828e-10
0.0051948
-1.39511e-09
0.0051948
-1.26613e-09
0.0051948
-1.12745e-09
0.0051948
-1.00986e-10
0.0051948
3.80898e-10
0.0051948
1.19845e-09
0.0051948
6.09396e-10
0.0051948
1.05672e-09
0.0051948
-3.64463e-10
0.00519481
-1.76951e-09
0.00519481
-4.02953e-09
0.00519482
-8.03876e-09
0.00519483
-1.20447e-08
0.00519486
-3.006e-08
0.00519489
-2.95604e-08
0.00519506
-1.77049e-07
0.00519513
-6.11531e-08
0.00519751
-2.38481e-06
-6.90377e-06
0.00516505
-0.000329787
0.00518156
-3.31337e-05
0.00517888
5.38894e-06
0.00518671
-1.57263e-05
0.00518521
3.02064e-06
0.00518978
-9.19303e-06
0.00518968
2.06875e-07
0.00519201
-4.68029e-06
0.0051923
-5.98761e-07
0.00519344
-2.30308e-06
0.00519369
-5.00485e-07
0.00519421
-1.05832e-06
0.00519435
-2.72465e-07
0.00519457
-4.4694e-07
0.00519463
-1.17392e-07
0.00519472
-1.79667e-07
0.00519474
-4.51738e-08
0.00519478
-7.27008e-08
0.00519478
-1.69069e-08
0.0051948
-2.86033e-08
0.0051948
-6.10381e-09
0.0051948
-7.87206e-09
0.0051948
1.47966e-10
0.0051948
-3.55715e-09
0.0051948
1.47904e-10
0.00519481
-3.40778e-09
0.00519481
1.82635e-10
0.00519481
-2.41027e-09
0.00519481
-2.10151e-09
0.00519481
-1.99277e-09
0.00519481
6.01283e-10
0.00519481
-1.85905e-09
0.00519481
-2.24827e-10
0.00519481
-7.9326e-10
0.00519481
-1.02629e-09
0.00519481
-1.02584e-09
0.00519481
3.49954e-10
0.00519481
9.42171e-10
0.00519481
4.28389e-09
0.00519481
2.49608e-09
0.00519481
4.05694e-09
0.00519481
2.71286e-09
0.00519481
2.90529e-09
0.00519481
2.05628e-09
0.00519481
3.22564e-09
0.00519481
1.70365e-09
0.00519481
4.13519e-09
0.00519481
1.94985e-09
0.00519481
1.98081e-09
0.00519481
-7.64908e-10
0.00519481
-1.24517e-09
0.00519481
-4.35252e-09
0.00519481
-3.17001e-09
0.00519481
-3.57863e-09
0.00519481
-1.05753e-09
0.00519481
-5.30837e-10
0.00519481
8.87627e-10
0.00519481
-4.50789e-10
0.00519481
-3.13318e-10
0.00519481
-2.41895e-09
0.00519481
-2.86165e-09
0.00519481
-4.46915e-09
0.00519481
-2.20739e-09
0.00519481
-1.76453e-09
0.00519481
1.02374e-09
0.00519481
2.35408e-09
0.00519481
4.7139e-09
0.00519481
3.91167e-09
0.00519481
4.69189e-09
0.00519481
1.58869e-09
0.00519481
1.47828e-09
0.00519481
-4.70859e-10
0.00519481
-3.76857e-10
0.00519481
-1.39032e-09
0.00519481
-4.69224e-10
0.0051948
2.97893e-10
0.0051948
1.14722e-09
0.0051948
4.17543e-10
0.0051948
1.28115e-09
0.0051948
-5.90178e-10
0.0051948
-2.49815e-10
0.0051948
-1.34895e-09
0.0051948
-1.23729e-09
0.0051948
-1.11787e-09
0.0051948
-1.32765e-10
0.0051948
3.62475e-10
0.0051948
1.08655e-09
0.0051948
3.79978e-10
0.0051948
5.373e-10
0.0051948
-1.24547e-09
0.00519481
-3.68625e-09
0.00519481
-7.29726e-09
0.00519482
-1.51963e-08
0.00519483
-2.29791e-08
0.00519486
-5.94677e-08
0.00519489
-5.85422e-08
0.00519506
-3.48481e-07
0.00519512
-1.1961e-07
0.00519745
-4.71585e-06
-1.36669e-05
0.00516571
-0.000495496
0.00518201
-4.94356e-05
0.0051794
8.00102e-06
0.00518706
-2.33851e-05
0.00518557
4.50387e-06
0.00519001
-1.36262e-05
0.00518989
3.19484e-07
0.00519214
-6.92445e-06
0.00519241
-8.69782e-07
0.00519351
-3.4028e-06
0.00519374
-7.33546e-07
0.00519425
-1.56121e-06
0.00519437
-3.99284e-07
0.00519459
-6.5988e-07
0.00519464
-1.72319e-07
0.00519472
-2.64362e-07
0.00519475
-6.54768e-08
0.00519478
-1.05021e-07
0.00519478
-2.39964e-08
0.0051948
-3.99072e-08
0.0051948
-8.4563e-09
0.0051948
-1.18733e-08
0.0051948
-1.06209e-10
0.0051948
-5.2041e-09
0.0051948
1.52478e-10
0.00519481
-3.73588e-09
0.00519481
6.98045e-11
0.00519481
-2.20308e-09
0.00519481
-2.11294e-09
0.00519481
-2.52434e-09
0.00519481
8.01146e-10
0.00519481
-2.03154e-09
0.00519481
-4.24053e-10
0.00519481
-3.70234e-10
0.00519481
-1.13569e-09
0.00519481
-8.59279e-10
0.00519481
5.78922e-10
0.00519481
6.53809e-10
0.00519481
4.31957e-09
0.00519481
2.34404e-09
0.00519481
3.72272e-09
0.00519481
2.68423e-09
0.00519481
2.79584e-09
0.00519481
1.99999e-09
0.00519481
3.25513e-09
0.00519481
1.68267e-09
0.00519481
3.96069e-09
0.00519481
1.97112e-09
0.00519481
1.93343e-09
0.00519481
-9.05267e-10
0.00519481
-1.14733e-09
0.00519481
-4.29136e-09
0.00519481
-3.14697e-09
0.00519481
-3.3723e-09
0.00519481
-1.10354e-09
0.00519481
-4.91657e-10
0.00519481
9.7283e-10
0.00519481
-5.25496e-10
0.00519481
-2.83912e-10
0.00519481
-2.35291e-09
0.00519481
-2.80839e-09
0.00519481
-4.36828e-09
0.00519481
-2.18955e-09
0.00519481
-1.66945e-09
0.00519481
1.02202e-09
0.00519481
2.29858e-09
0.00519481
4.65165e-09
0.00519481
3.80084e-09
0.00519481
4.57585e-09
0.00519481
1.52409e-09
0.00519481
1.43821e-09
0.00519481
-4.46839e-10
0.00519481
-3.56641e-10
0.00519481
-1.2713e-09
0.00519481
-4.47376e-10
0.0051948
3.22037e-10
0.0051948
1.18368e-09
0.0051948
3.78983e-10
0.0051948
1.28123e-09
0.0051948
-5.53541e-10
0.0051948
-2.29202e-10
0.0051948
-1.29283e-09
0.0051948
-1.19442e-09
0.0051948
-1.09714e-09
0.0051948
-1.57024e-10
0.0051948
3.38841e-10
0.0051948
9.76411e-10
0.0051948
1.55634e-10
0.0051948
2.34935e-11
0.0051948
-2.08476e-09
0.00519481
-5.5196e-09
0.00519481
-1.04088e-08
0.00519482
-2.2028e-08
0.00519483
-3.34398e-08
0.00519485
-8.74145e-08
0.00519488
-8.62157e-08
0.00519504
-5.09682e-07
0.0051951
-1.74064e-07
0.00519732
-6.94206e-06
-2.01511e-05
0.00516671
-0.000662207
0.00518269
-6.54137e-05
0.00518017
1.05171e-05
0.00518757
-3.07846e-05
0.00518611
5.96352e-06
0.00519034
-1.78574e-05
0.00519021
4.54971e-07
0.00519234
-9.05173e-06
0.00519257
-1.10808e-06
0.00519361
-4.43937e-06
0.00519382
-9.43225e-07
0.00519429
-2.03281e-06
0.00519441
-5.13362e-07
0.0051946
-8.58759e-07
0.00519465
-2.21363e-07
0.00519473
-3.43239e-07
0.00519475
-8.34092e-08
0.00519478
-1.34936e-07
0.00519479
-3.02236e-08
0.0051948
-5.0295e-08
0.0051948
-1.04459e-08
0.0051948
-1.56217e-08
0.0051948
-2.79973e-10
0.0051948
-6.75003e-09
0.0051948
1.87462e-10
0.00519481
-4.00265e-09
0.00519481
-8.16488e-11
0.00519481
-2.0151e-09
0.00519481
-2.07025e-09
0.00519481
-3.04123e-09
0.00519481
9.66566e-10
0.00519481
-2.11416e-09
0.00519481
-6.25998e-10
0.00519481
3.96656e-11
0.00519481
-1.16877e-09
0.00519481
-7.35918e-10
0.00519481
8.14988e-10
0.00519481
3.87819e-10
0.00519481
4.28854e-09
0.00519481
2.22269e-09
0.00519481
3.36626e-09
0.00519481
2.62697e-09
0.00519481
2.68993e-09
0.00519481
1.9085e-09
0.00519481
3.259e-09
0.00519481
1.64821e-09
0.00519481
3.74966e-09
0.00519481
1.97703e-09
0.00519481
1.87032e-09
0.00519481
-1.0263e-09
0.00519481
-1.05306e-09
0.00519481
-4.19393e-09
0.00519481
-3.10218e-09
0.00519481
-3.16182e-09
0.00519481
-1.12789e-09
0.00519481
-4.74562e-10
0.00519481
1.04686e-09
0.00519481
-5.72457e-10
0.00519481
-2.62043e-10
0.00519481
-2.2625e-09
0.00519481
-2.71937e-09
0.00519481
-4.23325e-09
0.00519481
-2.14677e-09
0.00519481
-1.57334e-09
0.00519481
1.01724e-09
0.00519481
2.22035e-09
0.00519481
4.54689e-09
0.00519481
3.66112e-09
0.00519481
4.41368e-09
0.00519481
1.4489e-09
0.00519481
1.38356e-09
0.00519481
-4.17783e-10
0.00519481
-3.36342e-10
0.00519481
-1.14676e-09
0.00519481
-4.15363e-10
0.0051948
3.36862e-10
0.0051948
1.21291e-09
0.0051948
3.39693e-10
0.0051948
1.2684e-09
0.0051948
-5.13489e-10
0.0051948
-2.05956e-10
0.0051948
-1.2279e-09
0.0051948
-1.13886e-09
0.0051948
-1.06648e-09
0.0051948
-1.72153e-10
0.0051948
3.10069e-10
0.0051948
8.69418e-10
0.0051948
-5.6479e-11
0.0051948
-4.72748e-10
0.0051948
-2.86188e-09
0.00519481
-7.22649e-09
0.00519481
-1.32936e-08
0.00519482
-2.83783e-08
0.00519483
-4.32031e-08
0.00519485
-1.1321e-07
0.00519488
-1.11956e-07
0.00519502
-6.55885e-07
0.00519507
-2.22671e-07
0.00519714
-9.01239e-06
-2.62189e-05
0.00516806
-0.000830272
0.0051836
-8.09446e-05
0.0051812
1.29095e-05
0.00518825
-3.78309e-05
0.00518682
7.3903e-06
0.00519078
-2.18188e-05
0.00519062
6.19481e-07
0.00519259
-1.10241e-05
0.00519279
-1.30403e-06
0.00519374
-5.39264e-06
0.00519392
-1.12257e-06
0.00519435
-2.46336e-06
0.00519445
-6.10943e-07
0.00519463
-1.03923e-06
0.00519467
-2.62811e-07
0.00519474
-4.14485e-07
0.00519476
-9.83165e-08
0.00519478
-1.61736e-07
0.00519479
-3.53259e-08
0.0051948
-5.95257e-08
0.0051948
-1.19822e-08
0.0051948
-1.90317e-08
0.0051948
-3.50535e-10
0.0051948
-8.16245e-09
0.0051948
2.51546e-10
0.00519481
-4.1948e-09
0.00519481
-2.62721e-10
0.00519481
-1.85504e-09
0.00519481
-1.97256e-09
0.00519481
-3.51972e-09
0.00519481
1.08969e-09
0.00519481
-2.11011e-09
0.00519481
-8.13976e-10
0.00519481
4.16394e-10
0.00519481
-1.12273e-09
0.00519481
-6.48114e-10
0.00519481
1.04211e-09
0.00519481
1.57282e-10
0.00519481
4.1913e-09
0.00519481
2.13111e-09
0.00519481
2.99979e-09
0.00519481
2.53793e-09
0.00519481
2.58897e-09
0.00519481
1.78488e-09
0.00519481
3.23356e-09
0.00519481
1.59959e-09
0.00519481
3.50365e-09
0.00519481
1.96789e-09
0.00519481
1.79053e-09
0.00519481
-1.12686e-09
0.00519481
-9.61213e-10
0.00519481
-4.06493e-09
0.00519481
-3.03306e-09
0.00519481
-2.95166e-09
0.00519481
-1.13223e-09
0.00519481
-4.76274e-10
0.00519481
1.10341e-09
0.00519481
-5.89909e-10
0.00519481
-2.45215e-10
0.00519481
-2.15305e-09
0.00519481
-2.59566e-09
0.00519481
-4.06478e-09
0.00519481
-2.07894e-09
0.00519481
-1.47822e-09
0.00519481
1.00917e-09
0.00519481
2.12305e-09
0.00519481
4.40009e-09
0.00519481
3.49553e-09
0.00519481
4.20907e-09
0.00519481
1.36607e-09
0.00519481
1.31635e-09
0.00519481
-3.84648e-10
0.00519481
-3.14079e-10
0.00519481
-1.01976e-09
0.0051948
-3.72447e-10
0.0051948
3.41724e-10
0.0051948
1.23178e-09
0.0051948
3.01978e-10
0.0051948
1.24039e-09
0.0051948
-4.71822e-10
0.0051948
-1.82273e-10
0.0051948
-1.15583e-09
0.0051948
-1.07205e-09
0.0051948
-1.02693e-09
0.0051948
-1.77085e-10
0.0051948
2.77976e-10
0.0051948
7.66455e-10
0.0051948
-2.49888e-10
0.0051948
-9.39878e-10
0.0051948
-3.5581e-09
0.00519481
-8.76578e-09
0.00519481
-1.58845e-08
0.00519481
-3.40999e-08
0.00519482
-5.20546e-08
0.00519485
-1.36214e-07
0.00519487
-1.35173e-07
0.005195
-7.82732e-07
0.00519504
-2.63772e-07
0.0051969
-1.08774e-05
-3.17354e-05
0.00516979
-0.00100006
0.00518474
-9.58914e-05
0.00518249
1.51546e-05
0.00518908
-4.44235e-05
0.0051877
8.77364e-06
0.00519132
-2.54418e-05
0.00519112
8.17873e-07
0.0051929
-1.28041e-05
0.00519305
-1.44905e-06
0.0051939
-6.2432e-06
0.00519404
-1.26536e-06
0.00519442
-2.84357e-06
0.0051945
-6.88703e-07
0.00519466
-1.19725e-06
0.00519469
-2.95182e-07
0.00519475
-4.76424e-07
0.00519476
-1.09643e-07
0.00519479
-1.8478e-07
0.00519479
-3.90777e-08
0.0051948
-6.73878e-08
0.0051948
-1.29934e-08
0.0051948
-2.20245e-08
0.0051948
-2.97202e-10
0.0051948
-9.40665e-09
0.0051948
3.38509e-10
0.00519481
-4.30241e-09
0.00519481
-4.59682e-10
0.00519481
-1.72838e-09
0.00519481
-1.82224e-09
0.00519481
-3.93792e-09
0.00519481
1.16488e-09
0.00519481
-2.029e-09
0.00519481
-9.72772e-10
0.00519481
7.42391e-10
0.00519481
-1.00232e-09
0.00519481
-5.85158e-10
0.00519481
1.24521e-09
0.00519481
-2.71148e-11
0.00519481
4.03035e-09
0.00519481
2.06391e-09
0.00519481
2.63539e-09
0.00519481
2.41503e-09
0.00519481
2.49281e-09
0.00519481
1.63368e-09
0.00519481
3.17349e-09
0.00519481
1.53648e-09
0.00519481
3.22386e-09
0.00519481
1.942e-09
0.00519481
1.69509e-09
0.00519481
-1.20648e-09
0.00519481
-8.69654e-10
0.00519481
-3.90788e-09
0.00519481
-2.9387e-09
0.00519481
-2.7446e-09
0.00519481
-1.11754e-09
0.00519481
-4.91554e-10
0.00519481
1.13912e-09
0.00519481
-5.77712e-10
0.00519481
-2.31513e-10
0.00519481
-2.02908e-09
0.00519481
-2.43918e-09
0.00519481
-3.86274e-09
0.00519481
-1.98653e-09
0.00519481
-1.38525e-09
0.00519481
9.97072e-10
0.00519481
2.01041e-09
0.00519481
4.21294e-09
0.00519481
3.30729e-09
0.00519481
3.96665e-09
0.00519481
1.27682e-09
0.00519481
1.2384e-09
0.00519481
-3.485e-10
0.00519481
-2.86712e-10
0.0051948
-8.93338e-10
0.0051948
-3.18862e-10
0.0051948
3.36789e-10
0.0051948
1.23823e-09
0.0051948
2.68299e-10
0.0051948
1.19547e-09
0.0051948
-4.29105e-10
0.0051948
-1.59215e-10
0.0051948
-1.07814e-09
0.0051948
-9.95336e-10
0.0051948
-9.79376e-10
0.0051948
-1.71125e-10
0.0051948
2.45136e-10
0.0051948
6.68878e-10
0.0051948
-4.17977e-10
0.0051948
-1.36605e-09
0.0051948
-4.1567e-09
0.0051948
-1.00992e-08
0.00519481
-1.81192e-08
0.00519481
-3.90558e-08
0.00519482
-5.97921e-08
0.00519484
-1.55851e-07
0.00519486
-1.55323e-07
0.00519496
-8.86407e-07
0.00519499
-2.95947e-07
0.00519661
-1.249e-05
-3.65685e-05
0.0051719
-0.00117197
0.00518611
-0.000110099
0.00518403
1.72335e-05
0.00519006
-5.04535e-05
0.00518874
1.01013e-05
0.00519195
-2.86575e-05
0.00519172
1.0534e-06
0.00519327
-1.43556e-05
0.00519335
-1.53596e-06
0.00519408
-6.97258e-06
0.00519418
-1.36628e-06
0.0051945
-3.16483e-06
0.00519456
-7.43857e-07
0.00519469
-1.32909e-06
0.00519471
-3.17281e-07
0.00519476
-5.27552e-07
0.00519477
-1.16951e-07
0.00519479
-2.03508e-07
0.00519479
-4.13011e-08
0.0051948
-7.37012e-08
0.0051948
-1.34288e-08
0.0051948
-2.45297e-08
0.0051948
-1.08424e-10
0.0051948
-1.04463e-08
0.0051948
4.39691e-10
0.0051948
-4.32054e-09
0.0051948
-6.56566e-10
0.0051948
-1.64077e-09
0.0051948
-1.62475e-09
0.00519481
-4.27731e-09
0.00519481
1.18979e-09
0.00519481
-1.88272e-09
0.00519481
-1.08987e-09
0.00519481
1.00475e-09
0.00519481
-8.19419e-10
0.00519481
-5.38006e-10
0.00519481
1.41059e-09
0.00519481
-1.61819e-10
0.00519481
3.81176e-09
0.00519481
2.01121e-09
0.00519481
2.28355e-09
0.00519481
2.25897e-09
0.00519481
2.39782e-09
0.00519481
1.46118e-09
0.00519481
3.07523e-09
0.00519481
1.45923e-09
0.00519481
2.91506e-09
0.00519481
1.89698e-09
0.00519481
1.5886e-09
0.00519481
-1.26639e-09
0.00519481
-7.75915e-10
0.00519481
-3.72606e-09
0.00519481
-2.81922e-09
0.00519481
-2.54189e-09
0.00519481
-1.08642e-09
0.00519481
-5.16599e-10
0.00519481
1.1485e-09
0.00519481
-5.38632e-10
0.00519481
-2.18989e-10
0.00519481
-1.89433e-09
0.00519481
-2.25363e-09
0.00519481
-3.63056e-09
0.00519481
-1.87208e-09
0.0051948
-1.29412e-09
0.00519481
9.79565e-10
0.00519481
1.88512e-09
0.00519481
3.98683e-09
0.00519481
3.09813e-09
0.00519481
3.69164e-09
0.00519481
1.18374e-09
0.0051948
1.15367e-09
0.0051948
-3.11241e-10
0.0051948
-2.51835e-10
0.0051948
-7.69478e-10
0.0051948
-2.55795e-10
0.0051948
3.23703e-10
0.0051948
1.22941e-09
0.0051948
2.40681e-10
0.0051948
1.13336e-09
0.0051948
-3.86325e-10
0.0051948
-1.37887e-10
0.0051948
-9.96574e-10
0.0051948
-9.10027e-10
0.0051948
-9.23993e-10
0.0051948
-1.54059e-10
0.0051948
2.13977e-10
0.0051948
5.76621e-10
0.0051948
-5.55828e-10
0.0051948
-1.73796e-09
0.0051948
-4.64293e-09
0.0051948
-1.11921e-08
0.00519481
-1.99411e-08
0.00519481
-4.31226e-08
0.00519482
-6.62283e-08
0.00519483
-1.71622e-07
0.00519485
-1.71918e-07
0.00519492
-9.63762e-07
0.00519495
-3.18053e-07
0.00519626
-1.38056e-05
-4.05905e-05
0.00517444
-0.0013464
0.00518773
-0.00012339
0.00518583
1.91336e-05
0.00519118
-5.58024e-05
0.00518992
1.13587e-05
0.00519266
-3.1396e-05
0.00519238
1.32741e-06
0.00519367
-1.5643e-05
0.00519369
-1.55917e-06
0.00519428
-7.56344e-06
0.00519434
-1.42114e-06
0.00519459
-3.41926e-06
0.00519462
-7.74261e-07
0.00519473
-1.43149e-06
0.00519474
-3.28246e-07
0.00519478
-5.66573e-07
0.00519478
-1.19936e-07
0.00519479
-2.17452e-07
0.00519479
-4.18836e-08
0.0051948
-7.83234e-08
0.0051948
-1.32602e-08
0.0051948
-2.64855e-08
0.0051948
2.17554e-10
0.0051948
-1.12459e-08
0.0051948
5.46726e-10
0.0051948
-4.24856e-09
0.0051948
-8.31885e-10
0.0051948
-1.59319e-09
0.0051948
-1.3864e-09
0.0051948
-4.52312e-09
0.0051948
1.16486e-09
0.0051948
-1.68908e-09
0.0051948
-1.15662e-09
0.0051948
1.19223e-09
0.0051948
-5.91698e-10
0.0051948
-5.00275e-10
0.0051948
1.52707e-09
0.0051948
-2.43508e-10
0.0051948
3.54081e-09
0.0051948
1.95996e-09
0.0051948
1.95413e-09
0.0051948
2.0734e-09
0.0051948
2.29594e-09
0.0051948
1.2743e-09
0.0051948
2.93133e-09
0.0051948
1.37004e-09
0.0051948
2.57769e-09
0.0051948
1.82954e-09
0.0051948
1.47577e-09
0.0051948
-1.30527e-09
0.0051948
-6.7853e-10
0.0051948
-3.51877e-09
0.0051948
-2.67517e-09
0.0051948
-2.34307e-09
0.0051948
-1.04037e-09
0.0051948
-5.48946e-10
0.0051948
1.13517e-09
0.0051948
-4.79213e-10
0.0051948
-2.05326e-10
0.0051948
-1.75267e-09
0.0051948
-2.04569e-09
0.0051948
-3.36557e-09
0.0051948
-1.73689e-09
0.0051948
-1.20485e-09
0.0051948
9.54196e-10
0.0051948
1.74782e-09
0.0051948
3.72618e-09
0.0051948
2.87252e-09
0.0051948
3.39025e-09
0.0051948
1.08464e-09
0.0051948
1.06413e-09
0.0051948
-2.75981e-10
0.0051948
-2.09571e-10
0.0051948
-6.51087e-10
0.0051948
-1.85321e-10
0.0051948
3.0513e-10
0.0051948
1.20355e-09
0.0051948
2.18764e-10
0.0051948
1.05697e-09
0.0051948
-3.46761e-10
0.0051948
-1.20539e-10
0.0051948
-9.13323e-10
0.0051948
-8.17616e-10
0.0051948
-8.60113e-10
0.0051948
-1.27416e-10
0.0051948
1.85992e-10
0.0051948
4.92856e-10
0.0051948
-6.62342e-10
0.0051948
-2.04454e-09
0.0051948
-5.00514e-09
0.0051948
-1.20144e-08
0.0051948
-2.13e-08
0.0051948
-4.61918e-08
0.00519481
-7.11931e-08
0.00519482
-1.83119e-07
0.00519483
-1.84531e-07
0.00519488
-1.01244e-06
0.00519489
-3.29268e-07
0.00519587
-1.47835e-05
-4.36784e-05
0.00517742
-0.00152382
0.00518958
-0.000135558
0.00518787
2.08495e-05
0.00519241
-6.03403e-05
0.00519124
1.2529e-05
0.00519343
-3.35865e-05
0.00519311
1.63903e-06
0.0051941
-1.66324e-05
0.00519406
-1.51499e-06
0.0051945
-7.99973e-06
0.0051945
-1.42699e-06
0.00519468
-3.59988e-06
0.00519469
-7.78513e-07
0.00519476
-1.50164e-06
0.00519476
-3.27592e-07
0.00519478
-5.92431e-07
0.00519478
-1.18466e-07
0.00519479
-2.26252e-07
0.00519479
-4.0769e-08
0.00519479
-8.11516e-08
0.00519479
-1.24887e-08
0.00519479
-2.78407e-08
0.00519479
6.69864e-10
0.00519479
-1.17745e-08
0.00519479
6.52261e-10
0.00519479
-4.09219e-09
0.00519479
-9.67705e-10
0.00519479
-1.5843e-09
0.00519479
-1.11591e-09
0.00519479
-4.6648e-09
0.00519479
1.09368e-09
0.00519479
-1.46065e-09
0.00519479
-1.16893e-09
0.00519479
1.30043e-09
0.00519479
-3.38286e-10
0.00519479
-4.6571e-10
0.00519479
1.58786e-09
0.00519479
-2.78604e-10
0.00519479
3.22564e-09
0.00519479
1.89851e-09
0.00519479
1.65525e-09
0.00519479
1.86284e-09
0.00519479
2.18136e-09
0.00519479
1.08009e-09
0.00519479
2.7416e-09
0.00519479
1.27111e-09
0.00519479
2.22018e-09
0.00519479
1.73616e-09
0.00519479
1.3611e-09
0.00519479
-1.32406e-09
0.00519479
-5.76702e-10
0.00519479
-3.28671e-09
0.00519479
-2.50834e-09
0.00519479
-2.1473e-09
0.00519479
-9.81602e-10
0.00519479
-5.83894e-10
0.00519479
1.09556e-09
0.00519479
-4.05577e-10
0.00519479
-1.89759e-10
0.00519479
-1.60633e-09
0.00519479
-1.82145e-09
0.00519479
-3.07387e-09
0.00519479
-1.58461e-09
0.00519479
-1.11579e-09
0.00519479
9.20367e-10
0.00519479
1.59991e-09
0.00519479
3.43318e-09
0.00519479
2.63176e-09
0.00519479
3.0685e-09
0.00519479
9.81757e-10
0.00519479
9.75252e-10
0.00519479
-2.43494e-10
0.00519479
-1.59196e-10
0.00519479
-5.39311e-10
0.00519479
-1.11096e-10
0.00519479
2.83772e-10
0.00519479
1.16037e-09
0.00519479
2.02523e-10
0.00519479
9.68459e-10
0.00519479
-3.10403e-10
0.00519479
-1.06204e-10
0.00519479
-8.2968e-10
0.00519479
-7.19298e-10
0.00519479
-7.87274e-10
0.00519479
-9.17274e-11
0.00519479
1.63181e-10
0.00519479
4.16974e-10
0.00519479
-7.35317e-10
0.00519479
-2.27551e-09
0.00519479
-5.23345e-09
0.00519479
-1.25417e-08
0.00519479
-2.21528e-08
0.00519479
-4.81717e-08
0.00519479
-7.45372e-08
0.0051948
-1.9003e-07
0.00519481
-1.92805e-07
0.00519483
-1.03099e-06
0.00519483
-3.29108e-07
0.00519543
-1.53869e-05
-4.57153e-05
0.00518087
-0.00170469
0.00519168
-0.000146361
0.00519014
2.2384e-05
0.00519372
-6.3924e-05
0.00519266
1.35917e-05
0.00519423
-3.51573e-05
0.00519389
1.9849e-06
0.00519454
-1.7291e-05
0.00519443
-1.40186e-06
0.0051947
-8.26689e-06
0.00519465
-1.38239e-06
0.00519475
-3.70068e-06
0.00519473
-7.56045e-07
0.00519477
-1.53727e-06
0.00519475
-3.15248e-07
0.00519477
-6.0433e-07
0.00519476
-1.12532e-07
0.00519476
-2.2966e-07
0.00519476
-3.79994e-08
0.00519476
-8.21101e-08
0.00519476
-1.11517e-08
0.00519476
-2.85484e-08
0.00519476
1.21866e-09
0.00519476
-1.20068e-08
0.00519476
7.50144e-10
0.00519476
-3.8612e-09
0.00519476
-1.04854e-09
0.00519476
-1.60778e-09
0.00519476
-8.23725e-10
0.00519476
-4.69427e-09
0.00519476
9.82627e-10
0.00519476
-1.20644e-09
0.00519476
-1.12794e-09
0.00519476
1.33137e-09
0.00519476
-7.86345e-11
0.00519476
-4.30967e-10
0.00519476
1.5911e-09
0.00519476
-2.75889e-10
0.00519476
2.87584e-09
0.00519476
1.81765e-09
0.00519476
1.39337e-09
0.00519476
1.63368e-09
0.00519476
2.05066e-09
0.00519476
8.85619e-10
0.00519476
2.51018e-09
0.00519476
1.16458e-09
0.00519476
1.85431e-09
0.00519476
1.61307e-09
0.00519476
1.24801e-09
0.00519476
-1.3235e-09
0.00519476
-4.71853e-10
0.00519476
-3.02999e-09
0.00519476
-2.32153e-09
0.00519476
-1.9531e-09
0.00519476
-9.12524e-10
0.00519476
-6.1868e-10
0.00519476
1.02782e-09
0.00519476
-3.24065e-10
0.00519476
-1.72324e-10
0.00519476
-1.4561e-09
0.00519476
-1.58726e-09
0.00519476
-2.76304e-09
0.00519476
-1.41834e-09
0.00519476
-1.02444e-09
0.00519476
8.78515e-10
0.00519476
1.44296e-09
0.00519476
3.11056e-09
0.00519476
2.37704e-09
0.00519476
2.73293e-09
0.00519476
8.76979e-10
0.00519476
8.92283e-10
0.00519476
-2.13878e-10
0.00519476
-1.01356e-10
0.00519476
-4.33889e-10
0.00519476
-3.76332e-11
0.00519476
2.6282e-10
0.00519476
1.09883e-09
0.00519476
1.91644e-10
0.00519476
8.70178e-10
0.00519476
-2.76524e-10
0.00519476
-9.32363e-11
0.00519476
-7.46441e-10
0.00519476
-6.16164e-10
0.00519476
-7.04254e-10
0.00519476
-4.86122e-11
0.00519476
1.47998e-10
0.00519476
3.48697e-10
0.00519476
-7.73312e-10
0.00519476
-2.42309e-09
0.00519476
-5.31953e-09
0.00519476
-1.27565e-08
0.00519476
-2.24649e-08
0.00519476
-4.89906e-08
0.00519476
-7.61282e-08
0.00519476
-1.92146e-07
0.00519477
-1.96456e-07
0.00519475
-1.01895e-06
0.00519474
-3.17444e-07
0.00519494
-1.55839e-05
-4.65912e-05
0.00518482
-0.00188951
0.00519397
-0.000155515
0.0051926
2.37494e-05
0.00519508
-6.63954e-05
0.00519415
1.45224e-05
0.00519502
-3.60355e-05
0.00519465
2.35879e-06
0.00519495
-1.75876e-05
0.00519476
-1.22061e-06
0.00519485
-8.352e-06
0.00519475
-1.28751e-06
0.00519477
-3.71674e-06
0.00519472
-7.07207e-07
0.00519472
-1.5367e-06
0.0051947
-2.91592e-07
0.00519469
-6.01736e-07
0.00519468
-1.02414e-07
0.00519468
-2.27514e-07
0.00519468
-3.37191e-08
0.00519467
-8.11518e-08
0.00519467
-9.3197e-09
0.00519467
-2.85788e-08
0.00519467
1.8313e-09
0.00519467
-1.1935e-08
0.00519467
8.42575e-10
0.00519467
-3.57043e-09
0.00519467
-1.06336e-09
0.00519467
-1.64862e-09
0.00519467
-5.17048e-10
0.00519467
-4.60871e-09
0.00519467
8.41874e-10
0.00519467
-9.37513e-10
0.00519468
-1.03694e-09
0.00519467
1.29025e-09
0.00519468
1.70135e-10
0.00519467
-3.93982e-10
0.00519467
1.54143e-09
0.00519467
-2.40766e-10
0.00519467
2.49888e-09
0.00519467
1.71252e-09
0.00519467
1.17473e-09
0.00519467
1.39371e-09
0.00519467
1.90368e-09
0.00519467
6.9884e-10
0.00519467
2.23951e-09
0.00519467
1.05642e-09
0.00519467
1.48692e-09
0.00519467
1.45991e-09
0.00519467
1.13832e-09
0.00519467
-1.30257e-09
0.00519467
-3.66601e-10
0.00519467
-2.74913e-09
0.00519467
-2.11742e-09
0.00519467
-1.75872e-09
0.00519467
-8.34437e-10
0.00519467
-6.48651e-10
0.00519467
9.37378e-10
0.00519467
-2.40818e-10
0.00519468
-1.54871e-10
0.00519467
-1.30219e-09
0.00519467
-1.34702e-09
0.00519467
-2.43748e-09
0.00519467
-1.238e-09
0.00519467
-9.29653e-10
0.00519467
8.28521e-10
0.00519467
1.28059e-09
0.00519467
2.76207e-09
0.00519467
2.1139e-09
0.00519467
2.38696e-09
0.00519467
7.6836e-10
0.00519467
8.15935e-10
0.00519467
-1.86318e-10
0.00519467
-3.80531e-11
0.00519467
-3.34813e-10
0.00519467
3.06874e-11
0.00519467
2.44845e-10
0.00519467
1.01968e-09
0.00519467
1.84913e-10
0.00519467
7.65482e-10
0.00519467
-2.44704e-10
0.00519467
-7.94472e-11
0.00519467
-6.63271e-10
0.00519467
-5.0923e-10
0.00519467
-6.10207e-10
0.00519467
-1.51962e-12
0.00519467
1.4265e-10
0.00519467
2.90283e-10
0.00519467
-7.77251e-10
0.00519467
-2.47983e-09
0.00519467
-5.25876e-09
0.00519467
-1.26457e-08
0.00519467
-2.22094e-08
0.00519467
-4.86012e-08
0.00519467
-7.58678e-08
0.00519467
-1.89354e-07
0.00519466
-1.95282e-07
0.00519462
-9.76974e-07
0.0051946
-2.94506e-07
0.00519436
-1.53489e-05
-4.62041e-05
0.0051892
-0.00207871
0.00519636
-0.000162678
0.00519514
2.49675e-05
0.00519632
-6.758e-05
0.00519555
1.52916e-05
0.00519567
-3.6147e-05
0.00519527
2.75139e-06
0.00519518
-1.74925e-05
0.00519493
-9.74613e-07
0.00519482
-8.24389e-06
0.00519468
-1.1443e-06
0.00519461
-3.64435e-06
0.00519453
-6.33346e-07
0.00519449
-1.49891e-06
0.00519446
-2.57506e-07
0.00519444
-5.84387e-07
0.00519443
-8.85458e-08
0.00519442
-2.19772e-07
0.00519442
-2.81262e-08
0.00519441
-7.83215e-08
0.00519441
-7.03563e-09
0.00519441
-2.79561e-08
0.00519441
2.47495e-09
0.00519441
-1.15512e-08
0.00519441
9.21825e-10
0.00519441
-3.23249e-09
0.00519441
-1.01083e-09
0.00519441
-1.69354e-09
0.00519441
-2.06121e-10
0.00519441
-4.40142e-09
0.00519441
6.78013e-10
0.00519441
-6.53195e-10
0.00519441
-9.02316e-10
0.00519441
1.19014e-09
0.00519441
3.95948e-10
0.00519441
-3.52576e-10
0.00519441
1.44636e-09
0.00519441
-1.80001e-10
0.00519441
2.10561e-09
0.00519441
1.58312e-09
0.00519441
1.00405e-09
0.00519441
1.15352e-09
0.00519441
1.74599e-09
0.00519441
5.27205e-10
0.00519441
1.94546e-09
0.00519441
9.48624e-10
0.00519441
1.13635e-09
0.00519441
1.27883e-09
0.00519441
1.03303e-09
0.00519441
-1.2611e-09
0.00519441
-2.67096e-10
0.00519441
-2.44523e-09
0.00519441
-1.90162e-09
0.00519441
-1.56353e-09
0.00519441
-7.47838e-10
0.00519441
-6.71281e-10
0.00519441
8.25838e-10
0.00519441
-1.62033e-10
0.00519441
-1.39118e-10
0.00519441
-1.14456e-09
0.00519441
-1.10534e-09
0.00519441
-2.10454e-09
0.00519441
-1.04785e-09
0.00519441
-8.29856e-10
0.00519441
7.7184e-10
0.00519441
1.11439e-09
0.00519441
2.39414e-09
0.00519441
1.84119e-09
0.00519441
2.03817e-09
0.00519441
6.5496e-10
0.00519441
7.4771e-10
0.00519441
-1.59198e-10
0.00519441
2.82993e-11
0.00519441
-2.3969e-10
0.00519441
8.93048e-11
0.00519441
2.30371e-10
0.00519441
9.25519e-10
0.00519441
1.81264e-10
0.00519441
6.57237e-10
0.00519441
-2.13218e-10
0.00519441
-6.02408e-11
0.00519441
-5.791e-10
0.00519441
-3.99813e-10
0.00519441
-5.06458e-10
0.00519441
4.70286e-11
0.00519441
1.47862e-10
0.00519441
2.41769e-10
0.00519441
-7.47985e-10
0.00519441
-2.44405e-09
0.00519441
-5.04664e-09
0.00519441
-1.21859e-08
0.0051944
-2.13689e-08
0.0051944
-4.69774e-08
0.0051944
-7.36844e-08
0.00519439
-1.81644e-07
0.00519439
-1.89168e-07
0.00519432
-9.06853e-07
0.00519428
-2.60885e-07
0.0051936
-1.46634e-05
-4.44625e-05
0.00519374
-0.00227244
0.00519849
-0.000167429
0.00519739
2.60674e-05
0.0051971
-6.72855e-05
0.00519652
1.58626e-05
0.00519579
-3.54161e-05
0.00519539
3.14975e-06
0.00519488
-1.6978e-05
0.00519458
-6.70269e-07
0.00519426
-7.93326e-06
0.00519408
-9.5683e-07
0.00519391
-3.48096e-06
0.00519382
-5.3694e-07
0.00519374
-1.42347e-06
0.0051937
-2.14359e-07
0.00519366
-5.52413e-07
0.00519365
-7.14717e-08
0.00519363
-2.06657e-07
0.00519363
-2.13997e-08
0.00519362
-7.37095e-08
0.00519362
-4.42793e-09
0.00519362
-2.66348e-08
0.00519362
3.0695e-09
0.00519362
-1.08678e-08
0.00519362
9.86819e-10
0.00519362
-2.86235e-09
0.00519362
-8.97206e-10
0.00519362
-1.72736e-09
0.00519362
1.01691e-10
0.00519362
-4.07319e-09
0.00519362
4.99828e-10
0.00519362
-3.59433e-10
0.00519362
-7.32205e-10
0.00519362
1.04186e-09
0.00519362
5.90288e-10
0.00519362
-3.08562e-10
0.00519362
1.31215e-09
0.00519362
-9.64867e-11
0.00519362
1.70704e-09
0.00519362
1.42756e-09
0.00519362
8.82392e-10
0.00519362
9.23988e-10
0.00519362
1.58085e-09
0.00519362
3.78144e-10
0.00519362
1.63911e-09
0.00519362
8.46582e-10
0.00519362
8.1205e-10
0.00519362
1.07701e-09
0.00519362
9.33694e-10
0.00519362
-1.19632e-09
0.00519362
-1.7745e-10
0.00519362
-2.11945e-09
0.00519362
-1.67702e-09
0.00519362
-1.36662e-09
0.00519362
-6.52225e-10
0.00519362
-6.85928e-10
0.00519362
7.00582e-10
0.00519362
-9.34162e-11
0.00519362
-1.26017e-10
0.00519362
-9.84114e-10
0.00519362
-8.6607e-10
0.00519362
-1.76864e-09
0.00519362
-8.48315e-10
0.00519362
-7.24354e-10
0.00519362
7.08304e-10
0.00519362
9.46003e-10
0.00519362
2.0124e-09
0.00519362
1.56294e-09
0.00519362
1.69068e-09
0.00519362
5.33091e-10
0.00519362
6.83235e-10
0.00519362
-1.33357e-10
0.00519362
9.10422e-11
0.00519362
-1.489e-10
0.00519362
1.34523e-10
0.00519362
2.18565e-10
0.00519362
8.19179e-10
0.00519362
1.77286e-10
0.00519362
5.50642e-10
0.00519362
-1.83399e-10
0.00519362
-3.39234e-11
0.00519362
-4.93601e-10
0.00519361
-2.90803e-10
0.00519361
-3.96107e-10
0.00519361
9.20656e-11
0.00519361
1.60069e-10
0.00519361
2.03012e-10
0.00519361
-6.916e-10
0.00519361
-2.3176e-09
0.00519361
-4.68277e-09
0.00519361
-1.13943e-08
0.00519361
-1.99414e-08
0.00519361
-4.40467e-08
0.0051936
-6.9519e-08
0.00519359
-1.69152e-07
0.00519358
-1.78041e-07
0.00519348
-8.11726e-07
0.00519344
-2.17577e-07
0.0051923
-1.35188e-05
-4.12893e-05
0.00519751
-0.00246995
0.0051993
-0.00016922
0.00519829
2.70733e-05
0.0051963
-6.52979e-05
0.00519598
1.6187e-05
0.00519433
-3.37645e-05
0.00519394
3.53509e-06
0.00519298
-1.60165e-05
0.00519263
-3.18296e-07
0.00519211
-7.4118e-06
0.00519188
-7.31948e-07
0.00519163
-3.2249e-06
0.00519151
-4.21967e-07
0.0051914
-1.31053e-06
0.00519135
-1.6408e-07
0.0051913
-5.06317e-07
0.00519128
-5.18859e-08
0.00519126
-1.88484e-07
0.00519125
-1.39666e-08
0.00519125
-6.72798e-08
0.00519124
-1.71557e-09
0.00519124
-2.4628e-08
0.00519124
3.5589e-09
0.00519124
-9.90546e-09
0.00519124
1.0381e-09
0.00519124
-2.46946e-09
0.00519124
-7.32168e-10
0.00519124
-1.73715e-09
0.00519124
3.95876e-10
0.00519124
-3.62702e-09
0.00519124
3.14891e-10
0.00519124
-6.69299e-11
0.00519124
-5.33275e-10
0.00519124
8.60322e-10
0.00519124
7.46596e-10
0.00519124
-2.59572e-10
0.00519124
1.14799e-09
0.00519124
6.80343e-12
0.00519124
1.31866e-09
0.00519124
1.24929e-09
0.00519124
8.04419e-10
0.00519124
7.18318e-10
0.00519124
1.41399e-09
0.00519124
2.57959e-10
0.00519124
1.33365e-09
0.00519124
7.55152e-10
0.00519124
5.23787e-10
0.00519124
8.61452e-10
0.00519124
8.38119e-10
0.00519124
-1.10573e-09
0.00519124
-1.0276e-10
0.00519124
-1.77585e-09
0.00519124
-1.44576e-09
0.00519124
-1.16634e-09
0.00519124
-5.45734e-10
0.00519124
-6.88255e-10
0.00519124
5.69724e-10
0.00519124
-3.7863e-11
0.00519124
-1.16178e-10
0.00519124
-8.22547e-10
0.00519124
-6.33382e-10
0.00519124
-1.43451e-09
0.00519124
-6.42492e-10
0.00519124
-6.13544e-10
0.00519124
6.36742e-10
0.00519124
7.77772e-10
0.00519124
1.62413e-09
0.00519124
1.28437e-09
0.00519124
1.34974e-09
0.00519124
4.00128e-10
0.00519124
6.1707e-10
0.00519124
-1.10977e-10
0.00519124
1.40806e-10
0.00519124
-6.45845e-11
0.00519124
1.6221e-10
0.00519124
2.06551e-10
0.00519124
7.03218e-10
0.00519124
1.68067e-10
0.00519124
4.50204e-10
0.00519124
-1.58199e-10
0.00519124
-1.86931e-12
0.00519124
-4.07301e-10
0.00519124
-1.85769e-10
0.00519124
-2.83537e-10
0.00519124
1.27331e-10
0.00519124
1.74997e-10
0.00519124
1.74915e-10
0.00519124
-6.14202e-10
0.00519124
-2.10517e-09
0.00519124
-4.17309e-09
0.00519124
-1.02778e-08
0.00519123
-1.79307e-08
0.00519123
-3.98847e-08
0.00519122
-6.32323e-08
0.00519121
-1.52142e-07
0.00519119
-1.61865e-07
0.00519107
-6.96011e-07
0.00519102
-1.66418e-07
0.00518943
-1.19208e-05
-3.66302e-05
0.00519751
-0.00266746
0.00519556
-0.000167273
0.00519467
2.7964e-05
0.00519074
-6.13702e-05
0.00519074
1.619e-05
0.00518808
-3.11054e-05
0.00518774
3.87576e-06
0.0051863
-1.45787e-05
0.00518592
6.38451e-08
0.00518518
-6.67238e-06
0.00518493
-4.79805e-07
0.00518458
-2.87555e-06
0.00518445
-2.94053e-07
0.0051843
-1.16069e-06
0.00518424
-1.0945e-07
0.00518418
-4.46541e-07
0.00518416
-3.09981e-08
0.00518414
-1.65507e-07
0.00518413
-6.26294e-09
0.00518412
-5.92624e-08
0.00518412
9.84346e-10
0.00518412
-2.19663e-08
0.00518412
3.88565e-09
0.00518412
-8.69043e-09
0.00518412
1.06685e-09
0.00518412
-2.06264e-09
0.00518412
-5.36752e-10
0.00518412
-1.71739e-09
0.00518412
6.53844e-10
0.00518412
-3.07758e-09
0.00518412
1.2192e-10
0.00518412
2.09863e-10
0.00518412
-3.21027e-10
0.00518412
6.52117e-10
0.00518412
8.56751e-10
0.00518412
-2.07023e-10
0.00518412
9.51356e-10
0.00518412
1.14483e-10
0.00518412
9.52519e-10
0.00518412
1.043e-09
0.00518412
7.51938e-10
0.00518412
5.35237e-10
0.00518412
1.24193e-09
0.00518412
1.64562e-10
0.00518412
1.0394e-09
0.00518412
6.71802e-10
0.00518412
2.8239e-10
0.00518412
6.40339e-10
0.00518412
7.45044e-10
0.00518412
-9.88923e-10
0.00518412
-4.37725e-11
0.00518412
-1.41758e-09
0.00518412
-1.20701e-09
0.00518412
-9.61157e-10
0.00518412
-4.24894e-10
0.00518412
-6.70045e-10
0.00518412
4.34169e-10
0.00518412
6.83435e-12
0.00518412
-1.08153e-10
0.00518412
-6.62225e-10
0.00518412
-4.11172e-10
0.00518412
-1.11388e-09
0.00518412
-4.37545e-10
0.00518412
-4.9682e-10
0.00518412
5.57737e-10
0.00518412
6.13718e-10
0.00518412
1.23362e-09
0.00518412
1.00672e-09
0.00518412
1.01758e-09
0.00518412
2.56526e-10
0.00518412
5.42541e-10
0.00518412
-9.68965e-11
0.00518412
1.66315e-10
0.00518412
8.28398e-12
0.00518411
1.67446e-10
0.00518411
1.88545e-10
0.00518411
5.78205e-10
0.00518411
1.5003e-10
0.00518411
3.5632e-10
0.00518411
-1.39003e-10
0.00518411
3.44528e-11
0.00518411
-3.21982e-10
0.00518411
-9.11004e-11
0.00518411
-1.77234e-10
0.00518411
1.44107e-10
0.00518411
1.83954e-10
0.00518411
1.49216e-10
0.00518411
-5.26248e-10
0.00518411
-1.8206e-09
0.00518411
-3.53113e-09
0.00518411
-8.85535e-09
0.00518411
-1.5376e-08
0.0051841
-3.44912e-08
0.00518409
-5.4957e-08
0.00518407
-1.30838e-07
0.00518405
-1.40781e-07
0.00518392
-5.64976e-07
0.00518386
-1.1053e-07
0.00518184
-9.90079e-06
-3.0465e-05
0.00518451
-0.00285197
0.00517762
-0.000160382
0.005177
2.85821e-05
0.00517082
-5.51873e-05
0.00517128
1.5733e-05
0.0051675
-2.73329e-05
0.00516726
4.11677e-06
0.00516532
-1.26341e-05
0.00516493
4.52596e-07
0.00516397
-5.7127e-06
0.0051637
-2.11031e-07
0.00516326
-2.43722e-06
0.00516313
-1.58132e-07
0.00516294
-9.76767e-07
0.00516288
-5.32942e-08
0.00516281
-3.73808e-07
0.00516279
-1.05158e-08
0.00516276
-1.37944e-07
0.00516275
9.69902e-10
0.00516274
-4.96908e-08
0.00516274
3.38074e-09
0.00516274
-1.86521e-08
0.00516274
3.97906e-09
0.00516274
-7.2586e-09
0.00516274
1.0542e-09
0.00516274
-1.65405e-09
0.00516274
-3.28009e-10
0.00516274
-1.64619e-09
0.00516274
8.4203e-10
0.00516274
-2.43798e-09
0.00516274
-6.62985e-11
0.00516274
4.33386e-10
0.00516274
-1.1164e-10
0.00516274
4.2726e-10
0.00516274
9.12361e-10
0.00516274
-1.38446e-10
0.00516274
7.27715e-10
0.00516274
2.21825e-10
0.00516274
6.39966e-10
0.00516274
8.13696e-10
0.00516274
7.02477e-10
0.00516274
3.8085e-10
0.00516274
1.05634e-09
0.00516274
9.70605e-11
0.00516274
7.59659e-10
0.00516274
5.89497e-10
0.00516274
9.79774e-11
0.00516274
4.27644e-10
0.00516274
6.49253e-10
0.00516274
-8.37559e-10
0.00516274
-3.12925e-12
0.00516274
-1.05375e-09
0.00516274
-9.63749e-10
0.00516274
-7.60549e-10
0.00516274
-2.98952e-10
0.00516274
-6.27671e-10
0.00516274
2.98468e-10
0.00516274
3.89393e-11
0.00516274
-9.74699e-11
0.00516274
-5.02185e-10
0.00516274
-2.06746e-10
0.00516274
-8.0913e-10
0.00516274
-2.40854e-10
0.00516274
-3.80875e-10
0.00516274
4.7123e-10
0.00516274
4.56767e-10
0.00516274
8.52352e-10
0.00516274
7.43385e-10
0.00516274
7.03493e-10
0.00516274
1.09201e-10
0.00516274
4.5717e-10
0.00516274
-9.44179e-11
0.00516274
1.60289e-10
0.00516274
6.05761e-11
0.00516274
1.45405e-10
0.00516274
1.63941e-10
0.00516274
4.41279e-10
0.00516274
1.21944e-10
0.00516274
2.72658e-10
0.00516274
-1.24584e-10
0.00516274
7.1231e-11
0.00516274
-2.39604e-10
0.00516274
-1.23486e-11
0.00516274
-8.27777e-11
0.00516274
1.39834e-10
0.00516273
1.78666e-10
0.00516273
1.23907e-10
0.00516273
-4.29308e-10
0.00516273
-1.47443e-09
0.00516273
-2.77967e-09
0.00516273
-7.15855e-09
0.00516273
-1.23267e-08
0.00516272
-2.80059e-08
0.00516271
-4.47784e-08
0.00516269
-1.0564e-07
0.00516266
-1.15018e-07
0.00516252
-4.25353e-07
0.00516246
-5.20404e-08
0.00516011
-7.54765e-06
-2.28427e-05
0.00513071
-0.00298269
0.00511658
-0.000146245
0.00511674
2.84199e-05
0.00510784
-4.6288e-05
0.00510903
1.45381e-05
0.00510402
-2.23148e-05
0.00510397
4.16506e-06
0.00510149
-1.01549e-05
0.00510114
7.98714e-07
0.00509995
-4.52144e-06
0.0050997
4.32339e-08
0.00509916
-1.90633e-06
0.00509904
-3.01122e-08
0.00509882
-7.58394e-07
0.00509876
-2.07535e-09
0.00509868
-2.88968e-07
0.00509866
7.26529e-09
0.00509863
-1.06248e-07
0.00509862
6.80616e-09
0.00509861
-3.87176e-08
0.00509861
5.11325e-09
0.00509861
-1.47037e-08
0.00509861
3.74817e-09
0.00509861
-5.5989e-09
0.00509861
9.7578e-10
0.00509861
-1.20296e-09
0.00509861
-1.12007e-10
0.00509861
-1.53879e-09
0.00509861
9.39084e-10
0.00509861
-1.74056e-09
0.00509861
-2.79213e-10
0.00509861
5.87846e-10
0.00509861
7.65618e-11
0.00509861
1.87447e-10
0.00509861
8.94627e-10
0.00509861
-7.09234e-11
0.00509861
4.61139e-10
0.00509861
2.81197e-10
0.00509861
3.49188e-10
0.00509861
5.33947e-10
0.00509861
5.89553e-10
0.00509861
2.08754e-10
0.00509861
8.22567e-10
0.00509861
2.48841e-11
0.00509861
4.75805e-10
0.00509861
4.93041e-10
0.00509861
-3.84347e-11
0.00509861
2.18045e-10
0.00509861
5.40631e-10
0.00509861
-6.64977e-10
0.0050986
1.95502e-11
0.0050986
-6.81422e-10
0.0050986
-7.07067e-10
0.0050986
-5.38543e-10
0.00509861
-1.34502e-10
0.00509861
-5.31106e-10
0.00509861
1.89609e-10
0.00509861
8.38704e-11
0.00509861
-7.93274e-11
0.00509861
-3.50805e-10
0.00509861
-3.48319e-11
0.00509861
-5.36267e-10
0.00509861
-7.12683e-11
0.0050986
-2.70094e-10
0.0050986
3.77225e-10
0.0050986
3.13614e-10
0.00509861
4.89079e-10
0.00509861
4.94554e-10
0.00509861
4.11175e-10
0.0050986
-5.11939e-11
0.0050986
3.41999e-10
0.0050986
-1.14714e-10
0.0050986
1.03096e-10
0.0050986
8.02926e-11
0.0050986
8.55171e-11
0.0050986
1.20043e-10
0.0050986
2.92835e-10
0.0050986
7.83145e-11
0.0050986
1.91337e-10
0.0050986
-1.24033e-10
0.0050986
9.48904e-11
0.0050986
-1.71372e-10
0.0050986
3.67226e-11
0.0050986
-1.56318e-11
0.0050986
9.64347e-11
0.0050986
1.52073e-10
0.0050986
9.6669e-11
0.0050986
-3.4175e-10
0.0050986
-1.09254e-09
0.0050986
-1.95595e-09
0.0050986
-5.24208e-09
0.00509859
-8.89576e-09
0.00509859
-2.06122e-08
0.00509858
-3.2916e-08
0.00509855
-7.72544e-08
0.00509852
-8.50651e-08
0.00509838
-2.85852e-07
0.00509832
1.16845e-09
0.00509583
-5.05637e-06
-1.40701e-05
0.0049528
-0.00293549
0.00492555
-0.000118993
0.00492824
2.57332e-05
0.00491576
-3.38094e-05
0.00491836
1.19349e-05
0.00491184
-1.57912e-05
0.00491228
3.72e-06
0.00490917
-7.03916e-06
0.00490901
9.57903e-07
0.00490756
-3.07682e-06
0.00490738
2.22446e-07
0.00490676
-1.28069e-06
0.00490666
6.4513e-08
0.00490641
-5.05841e-07
0.00490637
3.35907e-08
0.00490627
-1.92163e-07
0.00490626
1.83238e-08
0.00490623
-7.04613e-08
0.00490622
9.81364e-09
0.00490621
-2.61624e-08
0.00490621
5.5494e-09
0.00490621
-1.00288e-08
0.00490621
3.04817e-09
0.0049062
-3.69798e-09
0.00490621
7.88436e-10
0.0049062
-7.90263e-10
0.00490621
4.53297e-11
0.00490621
-1.27468e-09
0.00490621
8.33125e-10
0.00490621
-1.01253e-09
0.00490621
-3.80142e-10
0.00490621
6.01572e-10
0.00490621
2.11652e-10
0.00490621
-2.37376e-11
0.00490621
7.50613e-10
0.00490621
1.36857e-11
0.00490621
2.11791e-10
0.00490621
2.96865e-10
0.00490621
1.67915e-10
0.00490621
2.72737e-10
0.00490621
4.30907e-10
0.00490621
7.73898e-11
0.00490621
5.32416e-10
0.00490621
-1.73774e-11
0.00490621
2.27923e-10
0.0049062
3.71031e-10
0.00490621
-8.63789e-11
0.0049062
6.01168e-11
0.00490621
4.00521e-10
0.0049062
-4.51678e-10
0.0049062
-7.60455e-12
0.0049062
-3.60306e-10
0.0049062
-4.52025e-10
0.0049062
-3.44831e-10
0.00490621
-1.05896e-11
0.00490621
-3.95507e-10
0.00490621
9.87743e-11
0.00490621
9.75343e-11
0.00490621
-4.66003e-11
0.00490621
-2.04792e-10
0.00490621
8.57822e-11
0.00490621
-2.91174e-10
0.00490621
4.9092e-11
0.0049062
-1.80562e-10
0.0049062
2.75518e-10
0.00490621
1.78084e-10
0.00490621
1.96272e-10
0.00490621
2.92206e-10
0.00490621
1.84629e-10
0.0049062
-1.33148e-10
0.0049062
2.3174e-10
0.0049062
-1.15121e-10
0.0049062
3.39084e-11
0.0049062
6.87206e-11
0.0049062
1.08687e-11
0.0049062
7.56407e-11
0.0049062
1.36264e-10
0.0049062
4.29488e-11
0.0049062
1.30163e-10
0.0049062
-9.97133e-11
0.0049062
1.07906e-10
0.0049062
-1.07265e-10
0.0049062
5.88423e-11
0.0049062
2.00556e-11
0.0049062
4.73866e-11
0.0049062
8.82585e-11
0.0049062
6.89742e-11
0.0049062
-2.31284e-10
0.0049062
-6.66361e-10
0.0049062
-1.11903e-09
0.0049062
-3.19418e-09
0.00490619
-5.27125e-09
0.00490619
-1.26491e-08
0.00490617
-1.99929e-08
0.00490614
-4.705e-08
0.00490611
-5.22681e-08
0.00490598
-1.56772e-07
0.00490595
2.99822e-08
0.00490368
-2.78281e-06
-5.32092e-06
0.00439901
-0.0023345
0.00434281
-6.27928e-05
0.00435481
1.37273e-05
0.00433629
-1.52857e-05
0.00434243
5.78778e-06
0.00433363
-6.98371e-06
0.00433546
1.88989e-06
0.00433148
-3.06366e-06
0.00433189
5.52565e-07
0.00433013
-1.31885e-06
0.00433019
1.62515e-07
0.00432945
-5.42194e-07
0.00432945
5.72676e-08
0.00432916
-2.12883e-07
0.00432917
2.68214e-08
0.00432905
-8.06051e-08
0.00432906
1.22556e-08
0.00432902
-2.92598e-08
0.00432902
6.03122e-09
0.00432901
-1.12861e-08
0.00432901
3.22897e-09
0.004329
-4.35301e-09
0.00432901
1.43832e-09
0.004329
-1.36439e-09
0.004329
3.3048e-10
0.004329
-2.72174e-10
0.004329
8.59413e-11
0.004329
-7.77325e-10
0.004329
5.70115e-10
0.004329
-2.77876e-10
0.00432901
-3.61004e-10
0.00432901
5.45946e-10
0.00432901
2.68614e-10
0.00432901
-2.06555e-10
0.00432901
4.57919e-10
0.00432901
4.048e-11
0.00432901
-3.95811e-11
0.00432901
2.02014e-10
0.00432901
-2.06907e-11
0.00432901
-1.14871e-11
0.00432901
1.62578e-10
0.004329
-9.2227e-11
0.004329
1.3038e-10
0.004329
-8.85778e-11
0.004329
-5.52934e-12
0.004329
1.99668e-10
0.004329
-9.77523e-11
0.004329
-5.91167e-11
0.004329
2.18086e-10
0.004329
-2.31036e-10
0.004329
-7.87673e-11
0.004329
-7.27072e-11
0.004329
-1.72323e-10
0.004329
-1.12186e-10
0.004329
1.4199e-10
0.004329
-1.66688e-10
0.00432901
9.47156e-11
0.00432901
1.34865e-10
0.00432901
1.02584e-11
0.00432901
-6.65674e-11
0.00432901
1.34376e-10
0.004329
-9.66717e-11
0.00432901
8.54984e-11
0.004329
-1.24645e-10
0.004329
1.54978e-10
0.004329
4.80826e-11
0.004329
-1.49181e-11
0.004329
1.26618e-10
0.004329
1.81956e-11
0.004329
-1.35632e-10
0.004329
1.01626e-10
0.004329
-1.10363e-10
0.004329
-6.04777e-11
0.004329
6.72997e-12
0.004329
-8.91652e-11
0.004329
1.936e-13
0.004329
-2.85512e-11
0.004329
6.35039e-12
0.004329
5.62059e-11
0.004329
-7.37862e-11
0.004329
7.43711e-11
0.004329
-7.80705e-11
0.004329
2.58942e-11
0.004329
-7.80116e-12
0.004329
-2.35498e-11
0.004329
-1.40827e-11
0.004329
3.90065e-11
0.004329
-1.34993e-10
0.004329
-2.48763e-10
0.004329
-4.05507e-10
0.004329
-1.22536e-09
0.004329
-1.97975e-09
0.00432899
-4.97698e-09
0.00432897
-7.73216e-09
0.00432895
-1.83492e-08
0.00432891
-2.05019e-08
0.00432881
-5.38875e-08
0.00432881
2.69336e-08
0.00432707
-1.03802e-06
2.60984e-07
0.0026655
0.00260271
0.00261644
0.00260115
0.00260694
0.00259995
0.00260184
0.00259878
0.00259933
0.00259801
0.00259818
0.00259763
0.00259769
0.00259748
0.0025975
0.00259742
0.00259744
0.00259741
0.00259741
0.0025974
0.00259741
0.0025974
0.0025974
0.0025974
0.0025974
0.0025974
0.0025974
0.0025974
0.0025974
0.0025974
0.0025974
0.0025974
0.0025974
0.0025974
0.0025974
0.0025974
0.0025974
0.0025974
0.0025974
0.0025974
0.0025974
0.0025974
0.0025974
0.0025974
0.0025974
0.0025974
0.0025974
0.0025974
0.0025974
0.0025974
0.0025974
0.0025974
0.0025974
0.0025974
0.0025974
0.0025974
0.0025974
0.0025974
0.0025974
0.0025974
0.0025974
0.0025974
0.0025974
0.0025974
0.0025974
0.0025974
0.0025974
0.0025974
0.0025974
0.0025974
0.0025974
0.0025974
0.0025974
0.0025974
0.0025974
0.0025974
0.0025974
0.0025974
0.0025974
0.0025974
0.0025974
0.0025974
0.0025974
0.0025974
0.0025974
0.0025974
0.0025974
0.0025974
0.0025974
0.0025974
0.0025974
0.0025974
0.00259739
0.00259738
0.00259737
0.00259735
0.00259729
0.00259732
0.00259628
)
;

boundaryField
{
    inlet
    {
        type            calculated;
        value           nonuniform List<scalar> 
40
(
-0.005
-0.005
-0.005
-0.005
-0.005
-0.005
-0.005
-0.005
-0.005
-0.005
-0.005
-0.005
-0.005
-0.005
-0.005
-0.005
-0.005
-0.005
-0.005
-0.005
-0.005
-0.005
-0.005
-0.005
-0.005
-0.005
-0.005
-0.005
-0.005
-0.005
-0.005
-0.005
-0.005
-0.005
-0.005
-0.005
-0.005
-0.005
-0.005
-0.005
)
;
    }
    outlet
    {
        type            calculated;
        value           nonuniform List<scalar> 
40
(
0.00259654
0.00432149
0.00489493
0.00508706
0.00515249
0.00517568
0.00518477
0.00518912
0.00519186
0.00519398
0.00519582
0.00519747
0.00519896
0.00520028
0.00520144
0.00520242
0.00520321
0.00520381
0.00520421
0.00520441
0.00520441
0.00520421
0.00520381
0.00520321
0.00520242
0.00520144
0.00520028
0.00519896
0.00519747
0.00519582
0.00519398
0.00519186
0.00518912
0.00518477
0.00517568
0.00515249
0.00508706
0.00489493
0.00432149
0.00259654
)
;
    }
    lowerWall
    {
        type            calculated;
        value           uniform 0;
    }
    upperWall
    {
        type            calculated;
        value           uniform 0;
    }
    frontAndBack
    {
        type            empty;
        value           nonuniform 0();
    }
}


// ************************************************************************* //
