/*--------------------------------*- C++ -*----------------------------------*\
| =========                 |                                                 |
| \\      /  F ield         | OpenFOAM: The Open Source CFD Toolbox           |
|  \\    /   O peration     | Version:  v1906                                 |
|   \\  /    A nd           | Web:      www.OpenFOAM.com                      |
|    \\/     M anipulation  |                                                 |
\*---------------------------------------------------------------------------*/
FoamFile
{
    version     2.0;
    format      ascii;
    class       surfaceScalarField;
    location    "1";
    object      phiB;
}
// * * * * * * * * * * * * * * * * * * * * * * * * * * * * * * * * * * * * * //

dimensions      [1 2 -2 0 0 -1 0];
oriented        oriented;


internalField   nonuniform List<scalar> 
7860
(
0.00157597
0.399485
0.00199451
0.399581
0.00225771
0.399737
0.00246157
0.399796
0.00259354
0.399868
0.002667
0.399927
0.00269913
0.399968
0.00270453
0.399995
0.00269417
0.40001
0.00267525
0.400019
0.0026525
0.400023
0.00262882
0.400024
0.00260595
0.400023
0.0025849
0.400021
0.00256613
0.400019
0.0025498
0.400016
0.00253587
0.400014
0.00252417
0.400012
0.00251447
0.40001
0.00250652
0.400008
0.00250007
0.400006
0.00249489
0.400005
0.00249076
0.400004
0.0024875
0.400003
0.00248493
0.400003
0.00248294
0.400002
0.00248139
0.400002
0.00248019
0.400001
0.00247928
0.400001
0.00247858
0.400001
0.00247805
0.400001
0.00247764
0.4
0.00247734
0.4
0.00247711
0.4
0.00247694
0.4
0.00247681
0.4
0.00247672
0.4
0.00247665
0.4
0.00247659
0.4
0.00247655
0.4
0.00247652
0.4
0.0024765
0.4
0.00247649
0.4
0.00247647
0.4
0.00247647
0.4
0.00247646
0.4
0.00247646
0.4
0.00247645
0.4
0.00247645
0.4
0.00247645
0.4
0.00247645
0.4
0.00247645
0.4
0.00247645
0.4
0.00247645
0.4
0.00247645
0.4
0.00247645
0.4
0.00247645
0.4
0.00247644
0.4
0.00247645
0.4
0.00247644
0.4
0.00247644
0.4
0.00247644
0.4
0.00247644
0.4
0.00247644
0.4
0.00247644
0.4
0.00247644
0.4
0.00247644
0.4
0.00247644
0.4
0.00247644
0.4
0.00247644
0.4
0.00247644
0.4
0.00247644
0.4
0.00247644
0.4
0.00247643
0.4
0.00247643
0.4
0.00247642
0.4
0.00247642
0.4
0.00247641
0.4
0.0024764
0.4
0.00247638
0.4
0.00247636
0.4
0.00247633
0.4
0.00247629
0.4
0.00247624
0.4
0.00247617
0.4
0.00247609
0.4
0.002476
0.4
0.00247589
0.4
0.00247576
0.4
0.00247564
0.4
0.00247554
0.4
0.00247551
0.4
0.00247563
0.4
0.00247601
0.4
0.00247678
0.399999
0.00247801
0.399999
0.00247917
0.399999
0.00247885
0.4
0.00247326
0.400006
0.400016
0.00319486
0.398458
0.0038614
0.398915
0.00428158
0.399317
0.00458273
0.399495
0.00477457
0.399676
0.00488308
0.399818
0.00493262
0.399918
0.00494424
0.399983
0.00493321
0.400021
0.00490973
0.400042
0.00488042
0.400052
0.00484941
0.400055
0.0048192
0.400053
0.0047912
0.400049
0.00476613
0.400044
0.00474426
0.400038
0.00472554
0.400033
0.00470977
0.400027
0.00469667
0.400023
0.00468592
0.400019
0.00467719
0.400015
0.00467016
0.400012
0.00466455
0.40001
0.00466012
0.400008
0.00465663
0.400006
0.0046539
0.400005
0.00465179
0.400004
0.00465016
0.400003
0.00464891
0.400002
0.00464795
0.400002
0.00464722
0.400001
0.00464667
0.400001
0.00464625
0.400001
0.00464594
0.400001
0.00464571
0.4
0.00464553
0.4
0.0046454
0.4
0.0046453
0.4
0.00464523
0.4
0.00464517
0.4
0.00464514
0.4
0.0046451
0.4
0.00464508
0.4
0.00464507
0.4
0.00464506
0.4
0.00464505
0.4
0.00464504
0.4
0.00464504
0.4
0.00464503
0.4
0.00464503
0.4
0.00464503
0.4
0.00464503
0.4
0.00464503
0.4
0.00464503
0.4
0.00464503
0.4
0.00464503
0.4
0.00464503
0.4
0.00464503
0.4
0.00464503
0.4
0.00464503
0.4
0.00464503
0.4
0.00464503
0.4
0.00464503
0.4
0.00464503
0.4
0.00464502
0.4
0.00464502
0.4
0.00464502
0.4
0.00464502
0.4
0.00464502
0.4
0.00464502
0.4
0.00464502
0.4
0.00464502
0.4
0.00464501
0.4
0.00464501
0.4
0.00464501
0.4
0.004645
0.4
0.00464499
0.4
0.00464498
0.4
0.00464496
0.4
0.00464494
0.4
0.0046449
0.4
0.00464486
0.4
0.00464481
0.4
0.00464474
0.4
0.00464466
0.4
0.00464455
0.4
0.00464443
0.4
0.00464428
0.4
0.00464413
0.4
0.00464398
0.4
0.00464388
0.4
0.0046439
0.4
0.00464414
0.4
0.0046448
0.399999
0.00464606
0.399998
0.00464804
0.399997
0.00465007
0.399997
0.00465018
0.4
0.00464227
0.400013
0.400035
0.00381312
0.397217
0.00456429
0.398164
0.00504712
0.398834
0.00537164
0.39917
0.00557428
0.399474
0.0056901
0.399702
0.00574528
0.399863
0.00576172
0.399967
0.0057547
0.400028
0.00573459
0.400062
0.00570805
0.400079
0.00567934
0.400083
0.00565099
0.400081
0.00562451
0.400076
0.00560067
0.400068
0.00557977
0.400059
0.00556182
0.400051
0.00554665
0.400043
0.00553403
0.400035
0.00552364
0.400029
0.00551518
0.400024
0.00550837
0.400019
0.00550292
0.400015
0.0054986
0.400012
0.0054952
0.400009
0.00549254
0.400007
0.00549048
0.400006
0.00548888
0.400004
0.00548765
0.400003
0.00548672
0.400003
0.005486
0.400002
0.00548546
0.400001
0.00548505
0.400001
0.00548474
0.400001
0.00548451
0.400001
0.00548434
0.4
0.00548421
0.4
0.00548412
0.4
0.00548404
0.4
0.00548399
0.4
0.00548395
0.4
0.00548392
0.4
0.0054839
0.4
0.00548388
0.4
0.00548387
0.4
0.00548386
0.4
0.00548386
0.4
0.00548385
0.4
0.00548385
0.4
0.00548385
0.4
0.00548385
0.4
0.00548385
0.4
0.00548385
0.4
0.00548385
0.4
0.00548385
0.4
0.00548384
0.4
0.00548385
0.4
0.00548384
0.4
0.00548384
0.4
0.00548384
0.4
0.00548384
0.4
0.00548384
0.4
0.00548384
0.4
0.00548384
0.4
0.00548384
0.4
0.00548384
0.4
0.00548384
0.4
0.00548384
0.4
0.00548384
0.4
0.00548384
0.4
0.00548384
0.4
0.00548384
0.4
0.00548383
0.4
0.00548383
0.4
0.00548382
0.4
0.00548382
0.4
0.00548381
0.4
0.00548379
0.4
0.00548378
0.4
0.00548375
0.4
0.00548372
0.4
0.00548368
0.4
0.00548363
0.4
0.00548357
0.4
0.00548349
0.4
0.00548339
0.4
0.00548327
0.4
0.00548314
0.4
0.00548301
0.4
0.00548289
0.4
0.00548284
0.4
0.00548293
0.4
0.00548328
0.399999
0.0054841
0.399998
0.00548561
0.399996
0.005488
0.399994
0.0054908
0.399994
0.00549233
0.399999
0.00548708
0.400019
0.400048
0.00384161
0.395899
0.00465375
0.397352
0.00518601
0.398302
0.00552896
0.398827
0.00574012
0.399262
0.00586141
0.399581
0.00592136
0.399803
0.0059422
0.399946
0.00593911
0.400032
0.00592244
0.400079
0.00589884
0.400102
0.0058726
0.40011
0.00584633
0.400108
0.00582157
0.4001
0.00579913
0.40009
0.00577936
0.400079
0.00576233
0.400068
0.0057479
0.400057
0.00573585
0.400047
0.00572591
0.400039
0.00571781
0.400032
0.00571126
0.400026
0.00570602
0.40002
0.00570186
0.400016
0.00569858
0.400013
0.00569601
0.40001
0.00569402
0.400008
0.00569247
0.400006
0.00569128
0.400005
0.00569037
0.400003
0.00568968
0.400003
0.00568915
0.400002
0.00568876
0.400002
0.00568846
0.400001
0.00568823
0.400001
0.00568806
0.400001
0.00568794
0.4
0.00568784
0.4
0.00568777
0.4
0.00568772
0.4
0.00568768
0.4
0.00568765
0.4
0.00568763
0.4
0.00568762
0.4
0.0056876
0.4
0.0056876
0.4
0.00568759
0.4
0.00568759
0.4
0.00568758
0.4
0.00568758
0.4
0.00568758
0.4
0.00568758
0.4
0.00568758
0.4
0.00568758
0.4
0.00568758
0.4
0.00568758
0.4
0.00568758
0.4
0.00568758
0.4
0.00568758
0.4
0.00568758
0.4
0.00568758
0.4
0.00568758
0.4
0.00568758
0.4
0.00568757
0.4
0.00568757
0.4
0.00568757
0.4
0.00568757
0.4
0.00568757
0.4
0.00568757
0.4
0.00568757
0.4
0.00568757
0.4
0.00568757
0.4
0.00568757
0.4
0.00568756
0.4
0.00568756
0.4
0.00568755
0.4
0.00568754
0.4
0.00568753
0.4
0.00568751
0.4
0.00568749
0.4
0.00568746
0.4
0.00568742
0.4
0.00568737
0.4
0.00568731
0.4
0.00568724
0.4
0.00568714
0.4
0.00568704
0.4
0.00568692
0.400001
0.00568681
0.400001
0.00568673
0.4
0.00568673
0.4
0.00568689
0.4
0.00568735
0.399999
0.00568833
0.399997
0.00569009
0.399995
0.00569292
0.399992
0.00569668
0.39999
0.00570036
0.399995
0.00570026
0.400019
0.400053
0.00362439
0.394604
0.00446933
0.396507
0.00503328
0.397738
0.00538877
0.398472
0.00560583
0.399045
0.00573091
0.399456
0.0057946
0.39974
0.00581921
0.399921
0.00581972
0.400031
0.00580631
0.400093
0.0057856
0.400123
0.00576184
0.400133
0.00573769
0.400132
0.0057147
0.400123
0.00569374
0.400111
0.00567518
0.400097
0.00565914
0.400084
0.0056455
0.400071
0.00563409
0.400059
0.00562465
0.400048
0.00561695
0.400039
0.00561071
0.400032
0.00560571
0.400025
0.00560173
0.40002
0.00559859
0.400016
0.00559612
0.400012
0.00559421
0.40001
0.00559272
0.400007
0.00559158
0.400006
0.0055907
0.400004
0.00559003
0.400003
0.00558952
0.400003
0.00558914
0.400002
0.00558885
0.400001
0.00558863
0.400001
0.00558847
0.400001
0.00558835
0.400001
0.00558825
0.4
0.00558819
0.4
0.00558814
0.4
0.0055881
0.4
0.00558807
0.4
0.00558805
0.4
0.00558804
0.4
0.00558802
0.4
0.00558802
0.4
0.00558801
0.4
0.00558801
0.4
0.005588
0.4
0.005588
0.4
0.005588
0.4
0.005588
0.4
0.005588
0.4
0.005588
0.4
0.005588
0.4
0.005588
0.4
0.005588
0.4
0.005588
0.4
0.005588
0.4
0.005588
0.4
0.005588
0.4
0.005588
0.4
0.005588
0.4
0.005588
0.4
0.005588
0.4
0.00558799
0.4
0.00558799
0.4
0.00558799
0.4
0.00558799
0.4
0.00558799
0.4
0.00558799
0.4
0.00558799
0.4
0.00558799
0.4
0.00558798
0.4
0.00558798
0.4
0.00558797
0.4
0.00558796
0.4
0.00558795
0.4
0.00558793
0.4
0.00558791
0.4
0.00558788
0.4
0.00558785
0.4
0.0055878
0.4
0.00558774
0.4
0.00558767
0.4
0.00558759
0.4
0.00558749
0.400001
0.00558739
0.400001
0.00558731
0.400001
0.00558726
0.400001
0.0055873
0.4
0.00558753
0.4
0.00558809
0.399998
0.00558921
0.399996
0.00559122
0.399993
0.0055945
0.399988
0.00559933
0.399985
0.00560551
0.399989
0.00561159
0.400013
0.400047
0.00331919
0.39339
0.00416999
0.395656
0.0047489
0.397159
0.00511078
0.39811
0.00533087
0.398825
0.00545806
0.399329
0.0055244
0.399673
0.00555204
0.399893
0.00555568
0.400027
0.00554526
0.400103
0.00552727
0.400141
0.00550592
0.400155
0.00548385
0.400154
0.00546264
0.400144
0.00544317
0.400131
0.00542587
0.400115
0.00541084
0.400099
0.00539803
0.400084
0.00538729
0.40007
0.00537839
0.400057
0.0053711
0.400047
0.00536519
0.400038
0.00536045
0.40003
0.00535667
0.400024
0.00535368
0.400019
0.00535133
0.400015
0.00534951
0.400011
0.00534809
0.400009
0.00534699
0.400007
0.00534615
0.400005
0.00534551
0.400004
0.00534503
0.400003
0.00534466
0.400002
0.00534438
0.400002
0.00534417
0.400001
0.00534401
0.400001
0.00534389
0.400001
0.00534381
0.400001
0.00534374
0.4
0.00534369
0.4
0.00534366
0.4
0.00534363
0.4
0.00534361
0.4
0.0053436
0.4
0.00534359
0.4
0.00534358
0.4
0.00534357
0.4
0.00534357
0.4
0.00534357
0.4
0.00534356
0.4
0.00534356
0.4
0.00534356
0.4
0.00534356
0.4
0.00534356
0.4
0.00534356
0.4
0.00534356
0.4
0.00534356
0.4
0.00534356
0.4
0.00534356
0.4
0.00534356
0.4
0.00534356
0.4
0.00534356
0.4
0.00534356
0.4
0.00534356
0.4
0.00534356
0.4
0.00534356
0.4
0.00534356
0.4
0.00534356
0.4
0.00534355
0.4
0.00534355
0.4
0.00534355
0.4
0.00534355
0.4
0.00534355
0.4
0.00534354
0.4
0.00534354
0.4
0.00534353
0.4
0.00534352
0.4
0.00534351
0.4
0.0053435
0.4
0.00534348
0.4
0.00534345
0.4
0.00534342
0.4
0.00534337
0.4
0.00534332
0.4
0.00534325
0.4
0.00534318
0.400001
0.00534309
0.400001
0.00534301
0.400001
0.00534294
0.400001
0.00534292
0.400001
0.00534301
0.4
0.0053433
0.399999
0.00534395
0.399998
0.0053452
0.399995
0.00534743
0.39999
0.00535115
0.399985
0.00535704
0.39998
0.00536577
0.39998
0.00537797
0.400001
0.400032
0.00299566
0.392285
0.00382964
0.394822
0.00440905
0.396579
0.00477131
0.397748
0.00499142
0.398605
0.00511899
0.399201
0.00518686
0.399605
0.00521676
0.399864
0.00522302
0.400021
0.00521525
0.400111
0.00519977
0.400156
0.00518071
0.400174
0.00516066
0.400174
0.0051412
0.400164
0.00512322
0.400149
0.00510717
0.400131
0.00509317
0.400113
0.00508122
0.400095
0.00507116
0.40008
0.00506281
0.400066
0.00505597
0.400054
0.00505041
0.400043
0.00504594
0.400035
0.00504237
0.400028
0.00503955
0.400022
0.00503733
0.400017
0.00503559
0.400013
0.00503425
0.40001
0.00503321
0.400008
0.00503241
0.400006
0.0050318
0.400005
0.00503134
0.400003
0.00503099
0.400003
0.00503072
0.400002
0.00503052
0.400001
0.00503037
0.400001
0.00503026
0.400001
0.00503017
0.400001
0.00503011
0.4
0.00503006
0.4
0.00503003
0.4
0.00503
0.4
0.00502999
0.4
0.00502997
0.4
0.00502996
0.4
0.00502995
0.4
0.00502995
0.4
0.00502995
0.4
0.00502994
0.4
0.00502994
0.4
0.00502994
0.4
0.00502994
0.4
0.00502994
0.4
0.00502994
0.4
0.00502994
0.4
0.00502994
0.4
0.00502994
0.4
0.00502994
0.4
0.00502994
0.4
0.00502994
0.4
0.00502994
0.4
0.00502993
0.4
0.00502993
0.4
0.00502993
0.4
0.00502993
0.4
0.00502993
0.4
0.00502993
0.4
0.00502993
0.4
0.00502993
0.4
0.00502993
0.4
0.00502993
0.4
0.00502993
0.4
0.00502993
0.4
0.00502992
0.4
0.00502992
0.4
0.00502991
0.4
0.0050299
0.4
0.00502989
0.4
0.00502988
0.4
0.00502986
0.4
0.00502983
0.4
0.0050298
0.4
0.00502976
0.4
0.00502971
0.4
0.00502965
0.400001
0.00502958
0.400001
0.00502951
0.400001
0.00502944
0.400001
0.00502939
0.400001
0.0050294
0.400001
0.00502952
0.4
0.00502986
0.399999
0.00503058
0.399997
0.00503194
0.399993
0.00503437
0.399988
0.00503849
0.39998
0.00504537
0.399973
0.00505643
0.399969
0.00507406
0.399983
0.400009
0.00268236
0.391296
0.00348189
0.394022
0.00404976
0.396011
0.00440671
0.397391
0.00462383
0.398388
0.00475006
0.399075
0.00481829
0.399537
0.00484968
0.399832
0.00485802
0.400013
0.00485256
0.400116
0.00483937
0.40017
0.00482245
0.400191
0.00480434
0.400192
0.00478659
0.400182
0.00477008
0.400165
0.00475527
0.400146
0.00474233
0.400126
0.00473123
0.400107
0.00472188
0.400089
0.0047141
0.400073
0.00470771
0.40006
0.00470251
0.400048
0.00469832
0.400039
0.00469498
0.400031
0.00469233
0.400024
0.00469024
0.400019
0.00468861
0.400015
0.00468735
0.400011
0.00468637
0.400009
0.00468561
0.400007
0.00468504
0.400005
0.0046846
0.400004
0.00468427
0.400003
0.00468401
0.400002
0.00468383
0.400002
0.00468368
0.400001
0.00468358
0.400001
0.0046835
0.400001
0.00468344
0.400001
0.00468339
0.4
0.00468336
0.4
0.00468334
0.4
0.00468332
0.4
0.00468331
0.4
0.0046833
0.4
0.00468329
0.4
0.00468329
0.4
0.00468328
0.4
0.00468328
0.4
0.00468328
0.4
0.00468328
0.4
0.00468327
0.4
0.00468327
0.4
0.00468327
0.4
0.00468327
0.4
0.00468327
0.4
0.00468327
0.4
0.00468327
0.4
0.00468327
0.4
0.00468327
0.4
0.00468327
0.4
0.00468327
0.4
0.00468327
0.4
0.00468327
0.4
0.00468327
0.4
0.00468327
0.4
0.00468327
0.4
0.00468327
0.4
0.00468327
0.4
0.00468327
0.4
0.00468327
0.4
0.00468326
0.4
0.00468326
0.4
0.00468326
0.4
0.00468325
0.4
0.00468325
0.4
0.00468324
0.4
0.00468323
0.4
0.00468322
0.4
0.0046832
0.4
0.00468317
0.4
0.00468314
0.4
0.00468311
0.4
0.00468306
0.4
0.00468301
0.400001
0.00468294
0.400001
0.00468288
0.400001
0.00468282
0.400001
0.00468279
0.400001
0.00468282
0.4
0.00468298
0.4
0.00468336
0.399999
0.00468413
0.399996
0.00468558
0.399992
0.00468816
0.399985
0.00469261
0.399976
0.00470033
0.399965
0.00471337
0.399956
0.00473543
0.399961
0.399978
0.00238918
0.390422
0.0031413
0.39327
0.00368776
0.395465
0.00403416
0.397045
0.00424537
0.398177
0.00436855
0.398952
0.00443602
0.39947
0.00446812
0.3998
0.00447802
0.400003
0.0044745
0.40012
0.00446337
0.400181
0.00444845
0.400206
0.00443219
0.400208
0.0044161
0.400198
0.00440104
0.40018
0.00438747
0.400159
0.00437557
0.400138
0.00436535
0.400117
0.00435671
0.400098
0.00434951
0.400081
0.00434359
0.400066
0.00433877
0.400053
0.00433488
0.400043
0.00433177
0.400034
0.0043293
0.400027
0.00432735
0.400021
0.00432583
0.400016
0.00432465
0.400013
0.00432373
0.40001
0.00432303
0.400007
0.00432249
0.400006
0.00432207
0.400004
0.00432176
0.400003
0.00432153
0.400002
0.00432135
0.400002
0.00432122
0.400001
0.00432112
0.400001
0.00432104
0.400001
0.00432098
0.400001
0.00432094
0.4
0.00432091
0.4
0.00432089
0.4
0.00432087
0.4
0.00432086
0.4
0.00432085
0.4
0.00432084
0.4
0.00432084
0.4
0.00432084
0.4
0.00432083
0.4
0.00432083
0.4
0.00432083
0.4
0.00432083
0.4
0.00432083
0.4
0.00432083
0.4
0.00432083
0.4
0.00432083
0.4
0.00432083
0.4
0.00432083
0.4
0.00432083
0.4
0.00432083
0.4
0.00432083
0.4
0.00432083
0.4
0.00432083
0.4
0.00432083
0.4
0.00432083
0.4
0.00432083
0.4
0.00432083
0.4
0.00432083
0.4
0.00432082
0.4
0.00432082
0.4
0.00432082
0.4
0.00432082
0.4
0.00432082
0.4
0.00432081
0.4
0.00432081
0.4
0.00432081
0.4
0.0043208
0.4
0.00432079
0.4
0.00432078
0.4
0.00432076
0.4
0.00432074
0.4
0.00432071
0.4
0.00432067
0.4
0.00432063
0.4
0.00432058
0.400001
0.00432053
0.400001
0.00432047
0.400001
0.00432042
0.400001
0.00432041
0.400001
0.00432046
0.4
0.00432064
0.4
0.00432105
0.399998
0.00432186
0.399995
0.00432336
0.39999
0.00432604
0.399983
0.00433074
0.399971
0.0043391
0.399957
0.00435367
0.399941
0.00437903
0.399936
0.399942
0.0021178
0.389657
0.00281351
0.392575
0.00333054
0.394948
0.00366164
0.396713
0.00386417
0.397974
0.00398264
0.398833
0.00404826
0.399404
0.00408032
0.399768
0.00409126
0.399992
0.00408935
0.400122
0.00408005
0.40019
0.00406698
0.400219
0.00405249
0.400223
0.004038
0.400212
0.00402437
0.400194
0.00401203
0.400172
0.00400117
0.400148
0.00399183
0.400126
0.00398391
0.400106
0.00397731
0.400087
0.00397187
0.400071
0.00396743
0.400058
0.00396385
0.400046
0.00396098
0.400037
0.0039587
0.400029
0.0039569
0.400023
0.00395549
0.400018
0.00395439
0.400014
0.00395354
0.400011
0.00395289
0.400008
0.00395239
0.400006
0.00395201
0.400005
0.00395172
0.400004
0.0039515
0.400003
0.00395133
0.400002
0.00395121
0.400002
0.00395111
0.400001
0.00395104
0.400001
0.00395099
0.400001
0.00395095
0.4
0.00395093
0.4
0.0039509
0.4
0.00395089
0.4
0.00395088
0.4
0.00395087
0.4
0.00395086
0.4
0.00395086
0.4
0.00395085
0.4
0.00395085
0.4
0.00395085
0.4
0.00395085
0.4
0.00395085
0.4
0.00395085
0.4
0.00395085
0.4
0.00395085
0.4
0.00395085
0.4
0.00395085
0.4
0.00395085
0.4
0.00395085
0.4
0.00395085
0.4
0.00395085
0.4
0.00395084
0.4
0.00395085
0.4
0.00395084
0.4
0.00395084
0.4
0.00395084
0.4
0.00395084
0.4
0.00395084
0.4
0.00395084
0.4
0.00395084
0.4
0.00395084
0.4
0.00395084
0.4
0.00395084
0.4
0.00395083
0.4
0.00395083
0.4
0.00395083
0.4
0.00395082
0.4
0.00395081
0.4
0.0039508
0.4
0.00395078
0.4
0.00395076
0.4
0.00395074
0.4
0.0039507
0.4
0.00395067
0.400001
0.00395062
0.400001
0.00395057
0.400001
0.00395053
0.400001
0.00395049
0.400001
0.00395049
0.400001
0.00395055
0.4
0.00395074
0.399999
0.00395117
0.399998
0.003952
0.399994
0.00395353
0.399989
0.00395626
0.39998
0.00396109
0.399966
0.00396986
0.399948
0.00398544
0.399926
0.00401295
0.399908
0.399903
0.00186653
0.388991
0.00249998
0.391941
0.00298115
0.394467
0.00329269
0.396402
0.00348393
0.397783
0.00359614
0.398721
0.00365887
0.399341
0.00369017
0.399737
0.00370168
0.39998
0.00370104
0.400122
0.00369335
0.400198
0.003682
0.40023
0.00366918
0.400236
0.00365625
0.400225
0.00364401
0.400206
0.00363289
0.400183
0.00362308
0.400158
0.00361461
0.400135
0.00360743
0.400113
0.00360143
0.400093
0.00359648
0.400076
0.00359244
0.400062
0.00358917
0.40005
0.00358655
0.400039
0.00358446
0.400031
0.00358282
0.400024
0.00358153
0.400019
0.00358052
0.400015
0.00357975
0.400011
0.00357915
0.400009
0.00357869
0.400007
0.00357833
0.400005
0.00357807
0.400004
0.00357787
0.400003
0.00357771
0.400002
0.0035776
0.400002
0.00357751
0.400001
0.00357745
0.400001
0.0035774
0.400001
0.00357737
0.400001
0.00357734
0.4
0.00357732
0.4
0.00357731
0.4
0.00357729
0.4
0.00357729
0.4
0.00357728
0.4
0.00357728
0.4
0.00357727
0.4
0.00357727
0.4
0.00357727
0.4
0.00357727
0.4
0.00357727
0.4
0.00357727
0.4
0.00357727
0.4
0.00357727
0.4
0.00357727
0.4
0.00357727
0.4
0.00357727
0.4
0.00357727
0.4
0.00357726
0.4
0.00357727
0.4
0.00357726
0.4
0.00357726
0.4
0.00357726
0.4
0.00357726
0.4
0.00357726
0.4
0.00357726
0.4
0.00357726
0.4
0.00357726
0.4
0.00357726
0.4
0.00357726
0.4
0.00357726
0.4
0.00357726
0.4
0.00357725
0.4
0.00357725
0.4
0.00357725
0.4
0.00357724
0.4
0.00357723
0.4
0.00357722
0.4
0.00357721
0.4
0.00357719
0.4
0.00357717
0.4
0.00357714
0.4
0.0035771
0.400001
0.00357706
0.400001
0.00357702
0.400001
0.00357698
0.400001
0.00357695
0.400001
0.00357696
0.400001
0.00357703
0.4
0.00357724
0.399999
0.00357767
0.399997
0.0035785
0.399994
0.00358002
0.399987
0.00358273
0.399977
0.00358759
0.399962
0.00359652
0.399939
0.00361258
0.39991
0.00364112
0.399879
0.399862
0.00163255
0.388418
0.00220026
0.391373
0.00264048
0.394027
0.00292868
0.396114
0.00310625
0.397605
0.00321075
0.398616
0.00326961
0.399282
0.0032995
0.399707
0.00331111
0.399969
0.00331143
0.400122
0.00330515
0.400204
0.00329538
0.40024
0.00328415
0.400247
0.00327273
0.400237
0.00326186
0.400217
0.00325195
0.400193
0.00324318
0.400167
0.0032356
0.400142
0.00322916
0.400119
0.00322377
0.400099
0.00321932
0.400081
0.00321568
0.400065
0.00321273
0.400053
0.00321037
0.400042
0.00320848
0.400033
0.003207
0.400026
0.00320583
0.40002
0.00320492
0.400016
0.00320422
0.400012
0.00320367
0.400009
0.00320326
0.400007
0.00320294
0.400005
0.0032027
0.400004
0.00320251
0.400003
0.00320237
0.400002
0.00320227
0.400002
0.00320219
0.400001
0.00320213
0.400001
0.00320209
0.400001
0.00320206
0.400001
0.00320203
0.4
0.00320202
0.4
0.003202
0.4
0.00320199
0.4
0.00320199
0.4
0.00320198
0.4
0.00320198
0.4
0.00320197
0.4
0.00320197
0.4
0.00320197
0.4
0.00320197
0.4
0.00320197
0.4
0.00320197
0.4
0.00320197
0.4
0.00320197
0.4
0.00320197
0.4
0.00320197
0.4
0.00320197
0.4
0.00320197
0.4
0.00320197
0.4
0.00320197
0.4
0.00320196
0.4
0.00320197
0.4
0.00320196
0.4
0.00320197
0.4
0.00320196
0.4
0.00320197
0.4
0.00320196
0.4
0.00320196
0.4
0.00320196
0.4
0.00320196
0.4
0.00320196
0.4
0.00320196
0.4
0.00320196
0.4
0.00320195
0.4
0.00320195
0.4
0.00320194
0.4
0.00320194
0.4
0.00320193
0.4
0.00320191
0.4
0.0032019
0.4
0.00320188
0.4
0.00320185
0.4
0.00320182
0.400001
0.00320178
0.400001
0.00320175
0.400001
0.00320171
0.400001
0.00320169
0.400001
0.00320171
0.400001
0.00320179
0.4
0.00320199
0.399999
0.00320242
0.399997
0.00320323
0.399993
0.0032047
0.399986
0.00320735
0.399975
0.0032121
0.399957
0.00322093
0.39993
0.00323695
0.399894
0.00326547
0.399851
0.399821
0.00141289
0.387927
0.0019131
0.390873
0.00230835
0.393631
0.00256993
0.395852
0.00273169
0.397444
0.00282714
0.398521
0.00288125
0.399228
0.00290912
0.399679
0.0029204
0.399958
0.0029214
0.400121
0.00291633
0.400209
0.00290802
0.400248
0.00289831
0.400257
0.00288835
0.400247
0.00287883
0.400226
0.00287011
0.400201
0.00286239
0.400175
0.00285569
0.400149
0.00285
0.400125
0.00284523
0.400103
0.00284128
0.400085
0.00283805
0.400069
0.00283543
0.400055
0.00283333
0.400044
0.00283166
0.400035
0.00283034
0.400027
0.0028293
0.400021
0.00282849
0.400016
0.00282786
0.400013
0.00282737
0.40001
0.002827
0.400007
0.00282671
0.400006
0.0028265
0.400004
0.00282633
0.400003
0.00282621
0.400002
0.00282612
0.400002
0.00282605
0.400001
0.002826
0.400001
0.00282596
0.400001
0.00282593
0.400001
0.00282591
0.4
0.00282589
0.4
0.00282588
0.4
0.00282587
0.4
0.00282586
0.4
0.00282586
0.4
0.00282586
0.4
0.00282585
0.4
0.00282585
0.4
0.00282585
0.4
0.00282585
0.4
0.00282585
0.4
0.00282585
0.4
0.00282585
0.4
0.00282585
0.4
0.00282585
0.4
0.00282585
0.4
0.00282585
0.4
0.00282585
0.4
0.00282584
0.4
0.00282584
0.4
0.00282584
0.4
0.00282584
0.4
0.00282584
0.4
0.00282584
0.4
0.00282584
0.4
0.00282585
0.4
0.00282584
0.4
0.00282584
0.4
0.00282584
0.4
0.00282584
0.4
0.00282584
0.4
0.00282584
0.4
0.00282584
0.4
0.00282583
0.4
0.00282583
0.4
0.00282583
0.4
0.00282582
0.4
0.00282581
0.4
0.0028258
0.4
0.00282578
0.4
0.00282576
0.4
0.00282574
0.400001
0.00282572
0.400001
0.00282569
0.400001
0.00282565
0.400001
0.00282563
0.400001
0.00282561
0.400001
0.00282563
0.400001
0.00282571
0.4
0.00282591
0.399999
0.00282632
0.399996
0.00282709
0.399992
0.00282848
0.399985
0.002831
0.399972
0.00283554
0.399952
0.00284402
0.399922
0.00285948
0.399878
0.00288701
0.399823
0.399782
0.00120481
0.387515
0.00163691
0.390441
0.00198413
0.393284
0.00221624
0.39562
0.0023603
0.3973
0.0024455
0.398436
0.00249406
0.39918
0.00251936
0.399654
0.00252994
0.399947
0.00253135
0.40012
0.00252732
0.400213
0.00252036
0.400255
0.00251209
0.400265
0.00250355
0.400255
0.00249535
0.400235
0.00248782
0.400209
0.00248113
0.400181
0.00247533
0.400155
0.00247038
0.40013
0.00246624
0.400108
0.0024628
0.400088
0.00245999
0.400071
0.00245771
0.400057
0.00245588
0.400046
0.00245442
0.400036
0.00245326
0.400028
0.00245235
0.400022
0.00245165
0.400017
0.0024511
0.400013
0.00245067
0.40001
0.00245034
0.400008
0.0024501
0.400006
0.00244991
0.400004
0.00244976
0.400003
0.00244965
0.400003
0.00244957
0.400002
0.00244951
0.400001
0.00244946
0.400001
0.00244943
0.400001
0.0024494
0.400001
0.00244939
0.4
0.00244937
0.4
0.00244936
0.4
0.00244935
0.4
0.00244935
0.4
0.00244934
0.4
0.00244934
0.4
0.00244934
0.4
0.00244934
0.4
0.00244934
0.4
0.00244934
0.4
0.00244933
0.4
0.00244933
0.4
0.00244933
0.4
0.00244933
0.4
0.00244933
0.4
0.00244933
0.4
0.00244933
0.4
0.00244933
0.4
0.00244933
0.4
0.00244933
0.4
0.00244933
0.4
0.00244933
0.4
0.00244933
0.4
0.00244933
0.4
0.00244933
0.4
0.00244933
0.4
0.00244933
0.4
0.00244933
0.4
0.00244933
0.4
0.00244933
0.4
0.00244933
0.4
0.00244933
0.4
0.00244933
0.4
0.00244932
0.4
0.00244932
0.4
0.00244932
0.4
0.00244931
0.4
0.0024493
0.4
0.00244929
0.4
0.00244928
0.4
0.00244926
0.4
0.00244924
0.400001
0.00244922
0.400001
0.00244919
0.400001
0.00244917
0.400001
0.00244915
0.400001
0.00244914
0.400001
0.00244916
0.400001
0.00244924
0.4
0.00244942
0.399999
0.0024498
0.399996
0.00245051
0.399991
0.0024518
0.399983
0.00245412
0.39997
0.00245832
0.399948
0.00246621
0.399914
0.00248065
0.399864
0.00250632
0.399798
0.399745
0.00100595
0.387174
0.00137003
0.390077
0.0016669
0.392987
0.00186715
0.39542
0.00199185
0.397175
0.00206576
0.398362
0.00210806
0.399137
0.00213031
0.399631
0.00213984
0.399937
0.00214144
0.400118
0.0021383
0.400216
0.00213259
0.400261
0.0021257
0.400272
0.00211854
0.400262
0.00211164
0.400241
0.00210529
0.400215
0.00209963
0.400187
0.00209472
0.40016
0.00209053
0.400134
0.00208701
0.400111
0.0020841
0.400091
0.00208171
0.400074
0.00207977
0.400059
0.00207821
0.400047
0.00207697
0.400037
0.00207599
0.400029
0.00207521
0.400023
0.00207461
0.400018
0.00207414
0.400014
0.00207378
0.400011
0.0020735
0.400008
0.00207328
0.400006
0.00207312
0.400005
0.002073
0.400003
0.00207291
0.400003
0.00207284
0.400002
0.00207278
0.400001
0.00207275
0.400001
0.00207272
0.400001
0.00207269
0.400001
0.00207268
0.4
0.00207267
0.4
0.00207266
0.4
0.00207265
0.4
0.00207265
0.4
0.00207264
0.4
0.00207264
0.4
0.00207264
0.4
0.00207264
0.4
0.00207264
0.4
0.00207264
0.4
0.00207263
0.4
0.00207263
0.4
0.00207263
0.4
0.00207263
0.4
0.00207263
0.4
0.00207263
0.4
0.00207263
0.4
0.00207263
0.4
0.00207263
0.4
0.00207263
0.4
0.00207263
0.4
0.00207263
0.4
0.00207263
0.4
0.00207263
0.4
0.00207263
0.4
0.00207263
0.4
0.00207263
0.4
0.00207263
0.4
0.00207263
0.4
0.00207263
0.4
0.00207263
0.4
0.00207263
0.4
0.00207263
0.4
0.00207262
0.4
0.00207262
0.4
0.00207262
0.4
0.00207261
0.4
0.00207261
0.4
0.0020726
0.4
0.00207259
0.4
0.00207257
0.4
0.00207256
0.400001
0.00207254
0.400001
0.00207252
0.400001
0.00207249
0.400001
0.00207248
0.400001
0.00207247
0.400001
0.00207249
0.400001
0.00207257
0.4
0.00207273
0.399999
0.00207307
0.399996
0.00207371
0.399991
0.00207485
0.399982
0.00207692
0.399968
0.00208068
0.399944
0.00208776
0.399907
0.00210074
0.399851
0.00212379
0.399775
0.399711
0.000814285
0.3869
0.00111085
0.38978
0.00135564
0.392742
0.00152208
0.395253
0.00162601
0.397071
0.00168773
0.3983
0.00172317
0.399102
0.00174195
0.399613
0.00175015
0.399929
0.00175173
0.400116
0.00174935
0.400219
0.00174479
0.400265
0.00173924
0.400277
0.00173343
0.400268
0.00172781
0.400247
0.00172262
0.40022
0.001718
0.400192
0.00171398
0.400164
0.00171055
0.400137
0.00170766
0.400114
0.00170527
0.400093
0.00170331
0.400076
0.00170172
0.400061
0.00170044
0.400049
0.00169942
0.400038
0.00169861
0.40003
0.00169797
0.400024
0.00169747
0.400018
0.00169709
0.400014
0.00169679
0.400011
0.00169656
0.400008
0.00169638
0.400006
0.00169625
0.400005
0.00169615
0.400004
0.00169607
0.400003
0.00169601
0.400002
0.00169597
0.400002
0.00169594
0.400001
0.00169591
0.400001
0.00169589
0.400001
0.00169588
0.4
0.00169587
0.4
0.00169587
0.4
0.00169586
0.4
0.00169586
0.4
0.00169585
0.4
0.00169585
0.4
0.00169585
0.4
0.00169585
0.4
0.00169585
0.4
0.00169585
0.4
0.00169584
0.4
0.00169584
0.4
0.00169584
0.4
0.00169584
0.4
0.00169584
0.4
0.00169584
0.4
0.00169584
0.4
0.00169584
0.4
0.00169584
0.4
0.00169584
0.4
0.00169584
0.4
0.00169584
0.4
0.00169584
0.4
0.00169584
0.4
0.00169584
0.4
0.00169584
0.4
0.00169584
0.4
0.00169584
0.4
0.00169584
0.4
0.00169584
0.4
0.00169584
0.4
0.00169584
0.4
0.00169584
0.4
0.00169584
0.4
0.00169583
0.4
0.00169583
0.4
0.00169583
0.4
0.00169582
0.4
0.00169581
0.4
0.00169581
0.4
0.00169579
0.4
0.00169578
0.400001
0.00169577
0.400001
0.00169575
0.400001
0.00169573
0.400001
0.00169572
0.400001
0.00169571
0.400001
0.00169573
0.400001
0.0016958
0.4
0.00169594
0.399998
0.00169623
0.399995
0.00169678
0.39999
0.00169775
0.399981
0.00169952
0.399966
0.00170274
0.399941
0.00170882
0.399901
0.00171997
0.39984
0.00173973
0.399755
0.399683
0.000628097
0.38669
0.000857809
0.389551
0.0010493
0.392551
0.00118033
0.395122
0.00126236
0.396989
0.00131114
0.398251
0.00133922
0.399074
0.00135419
0.399598
0.00136082
0.399923
0.00136222
0.400115
0.00136049
0.40022
0.00135702
0.400269
0.00135275
0.400282
0.00134826
0.400273
0.0013439
0.400251
0.00133988
0.400224
0.00133628
0.400195
0.00133316
0.400167
0.00133048
0.40014
0.00132824
0.400116
0.00132637
0.400095
0.00132484
0.400077
0.0013236
0.400062
0.0013226
0.40005
0.0013218
0.400039
0.00132117
0.400031
0.00132067
0.400024
0.00132029
0.400019
0.00131998
0.400014
0.00131975
0.400011
0.00131957
0.400008
0.00131943
0.400006
0.00131933
0.400005
0.00131925
0.400004
0.00131919
0.400003
0.00131914
0.400002
0.00131911
0.400002
0.00131908
0.400001
0.00131907
0.400001
0.00131905
0.400001
0.00131904
0.4
0.00131903
0.4
0.00131903
0.4
0.00131902
0.4
0.00131902
0.4
0.00131902
0.4
0.00131902
0.4
0.00131902
0.4
0.00131902
0.4
0.00131901
0.4
0.00131901
0.4
0.00131901
0.4
0.00131901
0.4
0.00131901
0.4
0.00131901
0.4
0.00131901
0.4
0.00131901
0.4
0.00131901
0.4
0.00131901
0.4
0.00131901
0.4
0.00131901
0.4
0.00131901
0.4
0.00131901
0.4
0.00131901
0.4
0.00131901
0.4
0.00131901
0.4
0.00131901
0.4
0.00131901
0.4
0.00131901
0.4
0.00131901
0.4
0.00131901
0.4
0.00131901
0.4
0.00131901
0.4
0.00131901
0.4
0.00131901
0.4
0.001319
0.4
0.001319
0.4
0.001319
0.4
0.00131899
0.4
0.00131899
0.4
0.00131898
0.4
0.00131897
0.4
0.00131896
0.400001
0.00131895
0.400001
0.00131894
0.400001
0.00131892
0.400001
0.00131891
0.400001
0.00131891
0.400001
0.00131893
0.400001
0.00131898
0.4
0.0013191
0.399998
0.00131934
0.399995
0.00131977
0.39999
0.00132056
0.39998
0.00132198
0.399965
0.00132457
0.399939
0.00132948
0.399896
0.00133849
0.399831
0.00135443
0.399739
0.39966
0.000445928
0.386542
0.000609452
0.389387
0.000746776
0.392414
0.000841209
0.395028
0.000900436
0.39693
0.000935695
0.398216
0.000956038
0.399054
0.000966918
0.399587
0.00097179
0.399918
0.000972887
0.400114
0.000971709
0.400221
0.000969271
0.400271
0.000966247
0.400285
0.000963057
0.400276
0.000959953
0.400255
0.000957082
0.400227
0.000954518
0.400198
0.000952283
0.400169
0.000950373
0.400142
0.000948766
0.400118
0.000947433
0.400097
0.000946338
0.400078
0.000945449
0.400063
0.000944733
0.40005
0.000944162
0.40004
0.000943708
0.400031
0.000943352
0.400024
0.000943073
0.400019
0.000942857
0.400015
0.000942689
0.400011
0.00094256
0.400009
0.000942461
0.400007
0.000942387
0.400005
0.000942329
0.400004
0.000942287
0.400003
0.000942254
0.400002
0.00094223
0.400002
0.000942212
0.400001
0.000942199
0.400001
0.000942189
0.400001
0.000942182
0.4
0.000942176
0.4
0.000942173
0.4
0.000942169
0.4
0.000942167
0.4
0.000942165
0.4
0.000942164
0.4
0.000942163
0.4
0.000942162
0.4
0.000942161
0.4
0.000942161
0.4
0.00094216
0.4
0.00094216
0.4
0.000942159
0.4
0.000942159
0.4
0.000942159
0.4
0.000942159
0.4
0.000942159
0.4
0.000942159
0.4
0.000942159
0.4
0.000942159
0.4
0.000942159
0.4
0.000942159
0.4
0.000942159
0.4
0.000942159
0.4
0.000942159
0.4
0.00094216
0.4
0.000942159
0.4
0.00094216
0.4
0.000942159
0.4
0.000942159
0.4
0.000942158
0.4
0.000942157
0.4
0.000942156
0.4
0.000942156
0.4
0.000942154
0.4
0.000942152
0.4
0.00094215
0.4
0.000942147
0.4
0.000942143
0.4
0.000942138
0.4
0.000942132
0.4
0.000942125
0.400001
0.000942116
0.400001
0.000942107
0.400001
0.000942098
0.400001
0.000942091
0.400001
0.00094209
0.400001
0.000942103
0.400001
0.000942143
0.4
0.00094223
0.399998
0.000942402
0.399995
0.000942721
0.399989
0.000943295
0.39998
0.000944337
0.399964
0.00094624
0.399937
0.000949841
0.399892
0.000956459
0.399824
0.000968147
0.399727
0.399643
0.000266502
0.386454
0.00036438
0.389289
0.00044698
0.392331
0.000503973
0.394971
0.000539763
0.396894
0.000561085
0.398195
0.000573403
0.399041
0.000580008
0.39958
0.000582985
0.399915
0.000583681
0.400113
0.000582999
0.400222
0.00058155
0.400273
0.000579747
0.400286
0.00057784
0.400278
0.000575981
0.400256
0.00057426
0.400229
0.000572721
0.400199
0.00057138
0.40017
0.000570234
0.400143
0.000569268
0.400119
0.000568467
0.400097
0.00056781
0.400079
0.000567275
0.400064
0.000566846
0.400051
0.000566502
0.40004
0.000566229
0.400032
0.000566016
0.400025
0.000565847
0.400019
0.000565717
0.400015
0.000565616
0.400011
0.000565539
0.400009
0.000565479
0.400007
0.000565434
0.400005
0.0005654
0.400004
0.000565374
0.400003
0.000565355
0.400002
0.00056534
0.400002
0.000565329
0.400001
0.000565322
0.400001
0.000565316
0.400001
0.000565312
0.4
0.000565308
0.4
0.000565306
0.4
0.000565304
0.4
0.000565303
0.4
0.000565302
0.4
0.000565301
0.4
0.0005653
0.4
0.0005653
0.4
0.000565299
0.4
0.000565299
0.4
0.000565298
0.4
0.000565298
0.4
0.000565297
0.4
0.000565297
0.4
0.000565297
0.4
0.000565297
0.4
0.000565297
0.4
0.000565297
0.4
0.000565297
0.4
0.000565297
0.4
0.000565297
0.4
0.000565298
0.4
0.000565297
0.4
0.000565298
0.4
0.000565298
0.4
0.000565298
0.4
0.000565298
0.4
0.000565298
0.4
0.000565298
0.4
0.000565298
0.4
0.000565297
0.4
0.000565297
0.4
0.000565296
0.4
0.000565295
0.4
0.000565294
0.4
0.000565294
0.4
0.000565292
0.4
0.00056529
0.4
0.000565288
0.4
0.000565285
0.4
0.000565281
0.4
0.000565277
0.400001
0.000565272
0.400001
0.000565267
0.400001
0.000565261
0.400001
0.000565257
0.400001
0.000565257
0.400001
0.000565265
0.400001
0.000565289
0.4
0.000565343
0.399998
0.000565448
0.399995
0.000565642
0.399989
0.000565992
0.399979
0.000566628
0.399963
0.000567789
0.399935
0.000569989
0.39989
0.000574033
0.39982
0.000581167
0.39972
0.399633
8.86716e-05
0.386425
0.000121256
0.389257
0.00014882
0.392303
0.000167872
0.394952
0.000179844
0.396882
0.000186978
0.398188
0.000191103
0.399037
0.000193316
0.399578
0.000194316
0.399914
0.000194555
0.400113
0.000194331
0.400222
0.000193847
0.400273
0.000193248
0.400287
0.000192616
0.400278
0.000191996
0.400257
0.000191422
0.40023
0.000190908
0.4002
0.00019046
0.400171
0.000190078
0.400144
0.000189755
0.400119
0.000189489
0.400098
0.00018927
0.400079
0.000189091
0.400064
0.000188948
0.400051
0.000188834
0.40004
0.000188742
0.400032
0.000188671
0.400025
0.000188615
0.400019
0.000188572
0.400015
0.000188538
0.400011
0.000188512
0.400009
0.000188492
0.400007
0.000188477
0.400005
0.000188465
0.400004
0.000188457
0.400003
0.000188451
0.400002
0.000188446
0.400002
0.000188443
0.400001
0.00018844
0.400001
0.000188438
0.400001
0.000188438
0.4
0.000188436
0.4
0.000188436
0.4
0.000188435
0.4
0.000188435
0.4
0.000188434
0.4
0.000188434
0.4
0.000188433
0.4
0.000188433
0.4
0.000188433
0.4
0.000188433
0.4
0.000188432
0.4
0.000188432
0.4
0.000188431
0.4
0.000188431
0.4
0.000188431
0.4
0.000188431
0.4
0.000188431
0.4
0.000188431
0.4
0.000188431
0.4
0.000188431
0.4
0.000188431
0.4
0.000188432
0.4
0.000188432
0.4
0.000188432
0.4
0.000188432
0.4
0.000188433
0.4
0.000188432
0.4
0.000188432
0.4
0.000188432
0.4
0.000188432
0.4
0.000188432
0.4
0.000188432
0.4
0.000188431
0.4
0.000188431
0.4
0.000188431
0.4
0.00018843
0.4
0.00018843
0.4
0.00018843
0.4
0.000188429
0.4
0.000188428
0.4
0.000188426
0.4
0.000188425
0.400001
0.000188424
0.400001
0.000188422
0.400001
0.00018842
0.400001
0.000188419
0.400001
0.000188419
0.400001
0.000188422
0.400001
0.00018843
0.4
0.000188448
0.399998
0.000188483
0.399995
0.000188548
0.399989
0.000188666
0.399979
0.000188879
0.399963
0.000189269
0.399935
0.000190009
0.399889
0.000191368
0.399819
0.000193766
0.399718
0.399629
-8.8635e-05
0.386454
-0.000121222
0.389289
-0.000148795
0.392331
-0.000167849
0.394971
-0.000179822
0.396894
-0.000186961
0.398195
-0.000191085
0.399041
-0.000193302
0.39958
-0.000194307
0.399915
-0.000194543
0.400113
-0.000194323
0.400222
-0.00019385
0.400273
-0.000193249
0.400286
-0.000192611
0.400278
-0.000191993
0.400256
-0.000191422
0.400229
-0.000190911
0.400199
-0.000190465
0.40017
-0.000190083
0.400143
-0.000189762
0.400119
-0.000189494
0.400097
-0.000189274
0.400079
-0.000189096
0.400064
-0.000188952
0.400051
-0.000188837
0.40004
-0.000188747
0.400032
-0.000188675
0.400025
-0.000188619
0.400019
-0.000188576
0.400015
-0.000188542
0.400011
-0.000188516
0.400009
-0.000188497
0.400007
-0.000188481
0.400005
-0.00018847
0.400004
-0.000188461
0.400003
-0.000188455
0.400002
-0.000188449
0.400002
-0.000188446
0.400001
-0.000188442
0.400001
-0.00018844
0.400001
-0.000188438
0.4
-0.000188437
0.4
-0.000188436
0.4
-0.000188435
0.4
-0.000188434
0.4
-0.000188435
0.4
-0.000188434
0.4
-0.000188435
0.4
-0.000188434
0.4
-0.000188435
0.4
-0.000188435
0.4
-0.000188435
0.4
-0.000188435
0.4
-0.000188436
0.4
-0.000188436
0.4
-0.000188436
0.4
-0.000188436
0.4
-0.000188436
0.4
-0.000188436
0.4
-0.000188436
0.4
-0.000188436
0.4
-0.000188436
0.4
-0.000188435
0.4
-0.000188435
0.4
-0.000188435
0.4
-0.000188435
0.4
-0.000188434
0.4
-0.000188435
0.4
-0.000188434
0.4
-0.000188435
0.4
-0.000188434
0.4
-0.000188435
0.4
-0.000188434
0.4
-0.000188435
0.4
-0.000188434
0.4
-0.000188434
0.4
-0.000188434
0.4
-0.000188433
0.4
-0.000188433
0.4
-0.000188432
0.4
-0.000188431
0.4
-0.000188429
0.4
-0.000188428
0.400001
-0.000188426
0.400001
-0.000188424
0.400001
-0.000188422
0.400001
-0.00018842
0.400001
-0.00018842
0.400001
-0.000188423
0.400001
-0.000188432
0.4
-0.00018845
0.399998
-0.000188485
0.399995
-0.000188551
0.399989
-0.000188669
0.399979
-0.000188883
0.399963
-0.000189274
0.399935
-0.000190015
0.39989
-0.000191376
0.39982
-0.000193777
0.39972
0.399633
-0.000266465
0.386543
-0.000364346
0.389387
-0.000446956
0.392414
-0.000503949
0.395028
-0.000539741
0.39693
-0.000561069
0.398216
-0.000573386
0.399054
-0.000579994
0.399587
-0.000582976
0.399918
-0.000583669
0.400114
-0.000582991
0.400221
-0.000581553
0.400271
-0.000579748
0.400285
-0.000577835
0.400276
-0.000575978
0.400255
-0.00057426
0.400227
-0.000572724
0.400198
-0.000571385
0.400169
-0.000570238
0.400142
-0.000569274
0.400118
-0.000568472
0.400097
-0.000567815
0.400078
-0.00056728
0.400063
-0.000566849
0.40005
-0.000566506
0.40004
-0.000566234
0.400031
-0.000566019
0.400024
-0.000565852
0.400019
-0.000565721
0.400015
-0.000565621
0.400011
-0.000565543
0.400009
-0.000565484
0.400007
-0.000565439
0.400005
-0.000565405
0.400004
-0.000565378
0.400003
-0.000565359
0.400002
-0.000565344
0.400002
-0.000565333
0.400001
-0.000565324
0.400001
-0.000565318
0.400001
-0.000565312
0.4
-0.000565309
0.4
-0.000565306
0.4
-0.000565304
0.4
-0.000565303
0.4
-0.000565302
0.4
-0.000565301
0.4
-0.000565301
0.4
-0.000565301
0.4
-0.000565301
0.4
-0.000565301
0.4
-0.000565302
0.4
-0.000565301
0.4
-0.000565302
0.4
-0.000565302
0.4
-0.000565302
0.4
-0.000565302
0.4
-0.000565302
0.4
-0.000565302
0.4
-0.000565302
0.4
-0.000565301
0.4
-0.000565301
0.4
-0.000565301
0.4
-0.000565301
0.4
-0.0005653
0.4
-0.000565301
0.4
-0.0005653
0.4
-0.000565301
0.4
-0.0005653
0.4
-0.0005653
0.4
-0.0005653
0.4
-0.0005653
0.4
-0.000565299
0.4
-0.000565299
0.4
-0.000565298
0.4
-0.000565298
0.4
-0.000565297
0.4
-0.000565296
0.4
-0.000565293
0.4
-0.000565291
0.4
-0.000565288
0.4
-0.000565284
0.4
-0.000565279
0.400001
-0.000565274
0.400001
-0.000565268
0.400001
-0.000565263
0.400001
-0.000565258
0.400001
-0.000565258
0.400001
-0.000565267
0.400001
-0.000565291
0.4
-0.000565345
0.399998
-0.00056545
0.399995
-0.000565645
0.399989
-0.000565996
0.39998
-0.000566632
0.399964
-0.000567795
0.399937
-0.000569996
0.399892
-0.00057404
0.399824
-0.000581178
0.399727
0.399643
-0.000445892
0.386691
-0.000609419
0.389551
-0.000746752
0.392551
-0.000841186
0.395122
-0.000900414
0.396989
-0.000935679
0.398251
-0.000956021
0.399074
-0.000966904
0.399598
-0.000971781
0.399923
-0.000972875
0.400115
-0.000971702
0.40022
-0.000969273
0.400269
-0.000966248
0.400282
-0.000963052
0.400273
-0.000959949
0.400251
-0.000957083
0.400224
-0.000954521
0.400195
-0.000952288
0.400167
-0.000950378
0.40014
-0.000948772
0.400116
-0.000947437
0.400095
-0.000946342
0.400077
-0.000945453
0.400062
-0.000944737
0.40005
-0.000944165
0.400039
-0.000943713
0.400031
-0.000943356
0.400024
-0.000943077
0.400019
-0.000942861
0.400014
-0.000942693
0.400011
-0.000942564
0.400008
-0.000942466
0.400006
-0.000942391
0.400005
-0.000942334
0.400004
-0.000942291
0.400003
-0.000942258
0.400002
-0.000942234
0.400002
-0.000942215
0.400001
-0.000942201
0.400001
-0.000942191
0.400001
-0.000942182
0.4
-0.000942177
0.4
-0.000942172
0.4
-0.00094217
0.4
-0.000942167
0.4
-0.000942166
0.4
-0.000942165
0.4
-0.000942164
0.4
-0.000942164
0.4
-0.000942164
0.4
-0.000942163
0.4
-0.000942163
0.4
-0.000942163
0.4
-0.000942164
0.4
-0.000942163
0.4
-0.000942164
0.4
-0.000942164
0.4
-0.000942164
0.4
-0.000942163
0.4
-0.000942164
0.4
-0.000942163
0.4
-0.000942163
0.4
-0.000942162
0.4
-0.000942162
0.4
-0.000942162
0.4
-0.000942162
0.4
-0.000942162
0.4
-0.000942162
0.4
-0.000942162
0.4
-0.000942162
0.4
-0.000942161
0.4
-0.000942161
0.4
-0.00094216
0.4
-0.00094216
0.4
-0.000942159
0.4
-0.000942158
0.4
-0.000942156
0.4
-0.000942153
0.4
-0.00094215
0.4
-0.000942146
0.4
-0.000942141
0.4
-0.000942135
0.4
-0.000942127
0.400001
-0.000942118
0.400001
-0.000942109
0.400001
-0.000942099
0.400001
-0.000942092
0.400001
-0.000942092
0.400001
-0.000942105
0.400001
-0.000942145
0.4
-0.000942232
0.399998
-0.000942404
0.399995
-0.000942724
0.39999
-0.000943299
0.39998
-0.000944341
0.399965
-0.000946245
0.399939
-0.000949847
0.399896
-0.000956466
0.399831
-0.000968157
0.399739
0.39966
-0.000628062
0.3869
-0.000857777
0.38978
-0.00104928
0.392742
-0.00118031
0.395253
-0.00126234
0.397071
-0.00131112
0.3983
-0.00133921
0.399102
-0.00135417
0.399613
-0.00136081
0.399929
-0.00136221
0.400116
-0.00136048
0.400219
-0.00135702
0.400265
-0.00135275
0.400277
-0.00134825
0.400268
-0.0013439
0.400247
-0.00133988
0.40022
-0.00133629
0.400192
-0.00133316
0.400164
-0.00133049
0.400137
-0.00132824
0.400114
-0.00132638
0.400093
-0.00132485
0.400076
-0.00132361
0.400061
-0.00132261
0.400049
-0.00132181
0.400038
-0.00132118
0.40003
-0.00132068
0.400024
-0.00132029
0.400018
-0.00131999
0.400014
-0.00131975
0.400011
-0.00131957
0.400008
-0.00131944
0.400006
-0.00131933
0.400005
-0.00131925
0.400004
-0.00131919
0.400003
-0.00131915
0.400002
-0.00131911
0.400002
-0.00131909
0.400001
-0.00131907
0.400001
-0.00131905
0.400001
-0.00131904
0.4
-0.00131904
0.4
-0.00131903
0.4
-0.00131903
0.4
-0.00131902
0.4
-0.00131902
0.4
-0.00131902
0.4
-0.00131902
0.4
-0.00131902
0.4
-0.00131902
0.4
-0.00131902
0.4
-0.00131902
0.4
-0.00131902
0.4
-0.00131902
0.4
-0.00131902
0.4
-0.00131902
0.4
-0.00131902
0.4
-0.00131902
0.4
-0.00131902
0.4
-0.00131902
0.4
-0.00131902
0.4
-0.00131902
0.4
-0.00131901
0.4
-0.00131901
0.4
-0.00131901
0.4
-0.00131901
0.4
-0.00131901
0.4
-0.00131901
0.4
-0.00131901
0.4
-0.00131901
0.4
-0.00131901
0.4
-0.00131901
0.4
-0.00131901
0.4
-0.00131901
0.4
-0.00131901
0.4
-0.00131901
0.4
-0.00131901
0.4
-0.001319
0.4
-0.001319
0.4
-0.00131899
0.4
-0.00131898
0.4
-0.00131898
0.4
-0.00131897
0.400001
-0.00131895
0.400001
-0.00131894
0.400001
-0.00131893
0.400001
-0.00131892
0.400001
-0.00131891
0.400001
-0.00131893
0.400001
-0.00131898
0.4
-0.0013191
0.399998
-0.00131934
0.399995
-0.00131977
0.39999
-0.00132056
0.399981
-0.00132198
0.399966
-0.00132458
0.399941
-0.00132948
0.399901
-0.0013385
0.39984
-0.00135444
0.399755
0.399683
-0.000814252
0.387174
-0.00111082
0.390077
-0.00135562
0.392987
-0.00152205
0.39542
-0.00162599
0.397175
-0.00168771
0.398362
-0.00172315
0.399137
-0.00174193
0.399631
-0.00175014
0.399937
-0.00175172
0.400118
-0.00174934
0.400216
-0.00174479
0.400261
-0.00173924
0.400272
-0.00173342
0.400262
-0.0017278
0.400241
-0.00172262
0.400215
-0.001718
0.400187
-0.00171398
0.40016
-0.00171055
0.400134
-0.00170767
0.400111
-0.00170528
0.400091
-0.00170331
0.400074
-0.00170172
0.400059
-0.00170044
0.400047
-0.00169942
0.400037
-0.00169861
0.400029
-0.00169797
0.400023
-0.00169748
0.400018
-0.00169709
0.400014
-0.00169679
0.400011
-0.00169656
0.400008
-0.00169639
0.400006
-0.00169625
0.400005
-0.00169615
0.400003
-0.00169607
0.400003
-0.00169602
0.400002
-0.00169597
0.400001
-0.00169594
0.400001
-0.00169592
0.400001
-0.0016959
0.400001
-0.00169588
0.4
-0.00169587
0.4
-0.00169587
0.4
-0.00169586
0.4
-0.00169586
0.4
-0.00169585
0.4
-0.00169585
0.4
-0.00169585
0.4
-0.00169585
0.4
-0.00169585
0.4
-0.00169585
0.4
-0.00169585
0.4
-0.00169585
0.4
-0.00169585
0.4
-0.00169585
0.4
-0.00169585
0.4
-0.00169585
0.4
-0.00169585
0.4
-0.00169585
0.4
-0.00169585
0.4
-0.00169585
0.4
-0.00169585
0.4
-0.00169585
0.4
-0.00169585
0.4
-0.00169585
0.4
-0.00169585
0.4
-0.00169585
0.4
-0.00169585
0.4
-0.00169585
0.4
-0.00169585
0.4
-0.00169584
0.4
-0.00169584
0.4
-0.00169584
0.4
-0.00169584
0.4
-0.00169584
0.4
-0.00169584
0.4
-0.00169583
0.4
-0.00169583
0.4
-0.00169582
0.4
-0.00169582
0.4
-0.00169581
0.4
-0.0016958
0.4
-0.00169578
0.400001
-0.00169577
0.400001
-0.00169575
0.400001
-0.00169573
0.400001
-0.00169572
0.400001
-0.00169572
0.400001
-0.00169574
0.400001
-0.0016958
0.4
-0.00169595
0.399999
-0.00169624
0.399996
-0.00169678
0.399991
-0.00169776
0.399982
-0.00169952
0.399968
-0.00170274
0.399944
-0.00170882
0.399907
-0.00171998
0.399851
-0.00173974
0.399775
0.399711
-0.00100592
0.387515
-0.00137
0.390441
-0.00166687
0.393284
-0.00186713
0.39562
-0.00199183
0.3973
-0.00206575
0.398436
-0.00210805
0.39918
-0.0021303
0.399654
-0.00213983
0.399947
-0.00214143
0.40012
-0.00213829
0.400213
-0.00213259
0.400255
-0.0021257
0.400265
-0.00211854
0.400255
-0.00211164
0.400235
-0.00210529
0.400209
-0.00209964
0.400181
-0.00209473
0.400155
-0.00209054
0.40013
-0.00208702
0.400108
-0.0020841
0.400088
-0.00208171
0.400071
-0.00207977
0.400057
-0.00207822
0.400046
-0.00207697
0.400036
-0.00207599
0.400028
-0.00207522
0.400022
-0.00207461
0.400017
-0.00207414
0.400013
-0.00207378
0.40001
-0.0020735
0.400008
-0.00207329
0.400006
-0.00207313
0.400004
-0.002073
0.400003
-0.00207291
0.400003
-0.00207284
0.400002
-0.00207279
0.400001
-0.00207275
0.400001
-0.00207272
0.400001
-0.0020727
0.400001
-0.00207268
0.4
-0.00207267
0.4
-0.00207266
0.4
-0.00207265
0.4
-0.00207265
0.4
-0.00207264
0.4
-0.00207264
0.4
-0.00207264
0.4
-0.00207264
0.4
-0.00207264
0.4
-0.00207264
0.4
-0.00207264
0.4
-0.00207264
0.4
-0.00207264
0.4
-0.00207264
0.4
-0.00207264
0.4
-0.00207264
0.4
-0.00207264
0.4
-0.00207264
0.4
-0.00207264
0.4
-0.00207264
0.4
-0.00207264
0.4
-0.00207264
0.4
-0.00207264
0.4
-0.00207264
0.4
-0.00207264
0.4
-0.00207264
0.4
-0.00207264
0.4
-0.00207263
0.4
-0.00207263
0.4
-0.00207263
0.4
-0.00207263
0.4
-0.00207263
0.4
-0.00207263
0.4
-0.00207263
0.4
-0.00207262
0.4
-0.00207262
0.4
-0.00207262
0.4
-0.00207261
0.4
-0.0020726
0.4
-0.00207259
0.4
-0.00207258
0.4
-0.00207256
0.400001
-0.00207254
0.400001
-0.00207252
0.400001
-0.0020725
0.400001
-0.00207248
0.400001
-0.00207247
0.400001
-0.00207249
0.400001
-0.00207257
0.4
-0.00207274
0.399999
-0.00207308
0.399996
-0.00207371
0.399991
-0.00207486
0.399983
-0.00207692
0.39997
-0.00208068
0.399948
-0.00208777
0.399914
-0.00210075
0.399864
-0.0021238
0.399798
0.399745
-0.00120478
0.387928
-0.00163688
0.390873
-0.00198411
0.393631
-0.00221622
0.395852
-0.00236028
0.397444
-0.00244549
0.398521
-0.00249404
0.399228
-0.00251935
0.399679
-0.00252993
0.399958
-0.00253134
0.400121
-0.00252731
0.400209
-0.00252036
0.400248
-0.00251209
0.400257
-0.00250355
0.400247
-0.00249534
0.400226
-0.00248782
0.400201
-0.00248113
0.400175
-0.00247533
0.400149
-0.00247039
0.400125
-0.00246624
0.400103
-0.00246281
0.400085
-0.00245999
0.400069
-0.00245771
0.400055
-0.00245588
0.400044
-0.00245442
0.400035
-0.00245327
0.400027
-0.00245236
0.400021
-0.00245165
0.400016
-0.0024511
0.400013
-0.00245067
0.40001
-0.00245035
0.400007
-0.0024501
0.400006
-0.00244991
0.400004
-0.00244977
0.400003
-0.00244966
0.400002
-0.00244958
0.400002
-0.00244951
0.400001
-0.00244947
0.400001
-0.00244943
0.400001
-0.00244941
0.400001
-0.00244939
0.4
-0.00244937
0.4
-0.00244936
0.4
-0.00244936
0.4
-0.00244935
0.4
-0.00244935
0.4
-0.00244934
0.4
-0.00244934
0.4
-0.00244934
0.4
-0.00244934
0.4
-0.00244934
0.4
-0.00244934
0.4
-0.00244934
0.4
-0.00244934
0.4
-0.00244934
0.4
-0.00244934
0.4
-0.00244934
0.4
-0.00244934
0.4
-0.00244934
0.4
-0.00244934
0.4
-0.00244934
0.4
-0.00244934
0.4
-0.00244934
0.4
-0.00244934
0.4
-0.00244933
0.4
-0.00244934
0.4
-0.00244933
0.4
-0.00244933
0.4
-0.00244933
0.4
-0.00244933
0.4
-0.00244933
0.4
-0.00244933
0.4
-0.00244933
0.4
-0.00244933
0.4
-0.00244933
0.4
-0.00244932
0.4
-0.00244932
0.4
-0.00244931
0.4
-0.0024493
0.4
-0.00244929
0.4
-0.00244928
0.4
-0.00244927
0.4
-0.00244925
0.400001
-0.00244922
0.400001
-0.0024492
0.400001
-0.00244917
0.400001
-0.00244915
0.400001
-0.00244914
0.400001
-0.00244916
0.400001
-0.00244924
0.4
-0.00244943
0.399999
-0.0024498
0.399996
-0.00245051
0.399992
-0.0024518
0.399985
-0.00245412
0.399972
-0.00245832
0.399952
-0.00246622
0.399922
-0.00248065
0.399878
-0.00250633
0.399823
0.399782
-0.00141286
0.388418
-0.00191307
0.391373
-0.00230833
0.394027
-0.0025699
0.396114
-0.00273167
0.397605
-0.00282713
0.398616
-0.00288124
0.399282
-0.00290911
0.399707
-0.0029204
0.399969
-0.00292139
0.400122
-0.00291632
0.400204
-0.00290802
0.40024
-0.00289831
0.400247
-0.00288835
0.400237
-0.00287882
0.400217
-0.00287011
0.400193
-0.00286239
0.400167
-0.0028557
0.400142
-0.00285
0.400119
-0.00284523
0.400099
-0.00284128
0.400081
-0.00283805
0.400065
-0.00283544
0.400053
-0.00283334
0.400042
-0.00283166
0.400033
-0.00283034
0.400026
-0.0028293
0.40002
-0.00282849
0.400016
-0.00282786
0.400012
-0.00282738
0.400009
-0.002827
0.400007
-0.00282672
0.400005
-0.0028265
0.400004
-0.00282634
0.400003
-0.00282621
0.400002
-0.00282612
0.400002
-0.00282605
0.400001
-0.002826
0.400001
-0.00282596
0.400001
-0.00282593
0.400001
-0.00282591
0.4
-0.00282589
0.4
-0.00282588
0.4
-0.00282587
0.4
-0.00282587
0.4
-0.00282586
0.4
-0.00282586
0.4
-0.00282586
0.4
-0.00282585
0.4
-0.00282585
0.4
-0.00282585
0.4
-0.00282585
0.4
-0.00282585
0.4
-0.00282585
0.4
-0.00282585
0.4
-0.00282585
0.4
-0.00282585
0.4
-0.00282585
0.4
-0.00282585
0.4
-0.00282585
0.4
-0.00282585
0.4
-0.00282585
0.4
-0.00282585
0.4
-0.00282585
0.4
-0.00282585
0.4
-0.00282585
0.4
-0.00282585
0.4
-0.00282585
0.4
-0.00282585
0.4
-0.00282585
0.4
-0.00282585
0.4
-0.00282584
0.4
-0.00282584
0.4
-0.00282584
0.4
-0.00282584
0.4
-0.00282583
0.4
-0.00282583
0.4
-0.00282582
0.4
-0.00282581
0.4
-0.0028258
0.4
-0.00282579
0.4
-0.00282577
0.4
-0.00282575
0.4
-0.00282572
0.400001
-0.00282569
0.400001
-0.00282566
0.400001
-0.00282563
0.400001
-0.00282561
0.400001
-0.00282563
0.400001
-0.00282571
0.4
-0.00282591
0.399999
-0.00282632
0.399997
-0.00282709
0.399993
-0.00282849
0.399986
-0.002831
0.399975
-0.00283554
0.399957
-0.00284402
0.39993
-0.00285948
0.399894
-0.00288702
0.399851
0.399821
-0.00163252
0.388991
-0.00220024
0.391941
-0.00264046
0.394467
-0.00292866
0.396402
-0.00310623
0.397783
-0.00321073
0.398721
-0.0032696
0.399341
-0.00329949
0.399737
-0.0033111
0.39998
-0.00331142
0.400122
-0.00330514
0.400198
-0.00329538
0.40023
-0.00328415
0.400236
-0.00327272
0.400225
-0.00326185
0.400206
-0.00325195
0.400183
-0.00324318
0.400158
-0.0032356
0.400135
-0.00322916
0.400113
-0.00322377
0.400093
-0.00321932
0.400076
-0.00321568
0.400062
-0.00321273
0.40005
-0.00321037
0.400039
-0.00320849
0.400031
-0.003207
0.400024
-0.00320584
0.400019
-0.00320493
0.400015
-0.00320422
0.400011
-0.00320368
0.400009
-0.00320326
0.400007
-0.00320294
0.400005
-0.0032027
0.400004
-0.00320252
0.400003
-0.00320238
0.400002
-0.00320227
0.400002
-0.0032022
0.400001
-0.00320214
0.400001
-0.00320209
0.400001
-0.00320206
0.4
-0.00320204
0.4
-0.00320202
0.4
-0.003202
0.4
-0.003202
0.4
-0.00320199
0.4
-0.00320198
0.4
-0.00320198
0.4
-0.00320198
0.4
-0.00320197
0.4
-0.00320197
0.4
-0.00320197
0.4
-0.00320197
0.4
-0.00320197
0.4
-0.00320197
0.4
-0.00320197
0.4
-0.00320197
0.4
-0.00320197
0.4
-0.00320197
0.4
-0.00320197
0.4
-0.00320197
0.4
-0.00320197
0.4
-0.00320197
0.4
-0.00320197
0.4
-0.00320197
0.4
-0.00320197
0.4
-0.00320197
0.4
-0.00320197
0.4
-0.00320197
0.4
-0.00320197
0.4
-0.00320197
0.4
-0.00320197
0.4
-0.00320196
0.4
-0.00320196
0.4
-0.00320196
0.4
-0.00320196
0.4
-0.00320195
0.4
-0.00320195
0.4
-0.00320194
0.4
-0.00320193
0.4
-0.00320192
0.4
-0.0032019
0.4
-0.00320188
0.4
-0.00320185
0.4
-0.00320182
0.400001
-0.00320179
0.400001
-0.00320175
0.400001
-0.00320172
0.400001
-0.0032017
0.400001
-0.00320171
0.400001
-0.00320179
0.4
-0.00320199
0.399999
-0.00320242
0.399997
-0.00320323
0.399994
-0.0032047
0.399987
-0.00320735
0.399977
-0.00321211
0.399962
-0.00322094
0.399939
-0.00323696
0.39991
-0.00326548
0.399879
0.399862
-0.00186651
0.389657
-0.00249995
0.392575
-0.00298113
0.394948
-0.00329267
0.396713
-0.00348391
0.397974
-0.00359613
0.398833
-0.00365885
0.399404
-0.00369016
0.399768
-0.00370167
0.399992
-0.00370103
0.400122
-0.00369334
0.40019
-0.00368199
0.400219
-0.00366918
0.400223
-0.00365624
0.400212
-0.003644
0.400194
-0.00363289
0.400172
-0.00362308
0.400148
-0.00361462
0.400126
-0.00360744
0.400106
-0.00360144
0.400087
-0.00359648
0.400071
-0.00359244
0.400058
-0.00358917
0.400046
-0.00358655
0.400037
-0.00358447
0.400029
-0.00358282
0.400023
-0.00358153
0.400018
-0.00358053
0.400014
-0.00357975
0.400011
-0.00357915
0.400008
-0.00357869
0.400006
-0.00357834
0.400005
-0.00357807
0.400004
-0.00357787
0.400003
-0.00357772
0.400002
-0.0035776
0.400002
-0.00357752
0.400001
-0.00357745
0.400001
-0.0035774
0.400001
-0.00357737
0.4
-0.00357734
0.4
-0.00357732
0.4
-0.00357731
0.4
-0.0035773
0.4
-0.00357729
0.4
-0.00357728
0.4
-0.00357728
0.4
-0.00357728
0.4
-0.00357727
0.4
-0.00357727
0.4
-0.00357727
0.4
-0.00357727
0.4
-0.00357727
0.4
-0.00357727
0.4
-0.00357727
0.4
-0.00357727
0.4
-0.00357727
0.4
-0.00357727
0.4
-0.00357727
0.4
-0.00357727
0.4
-0.00357727
0.4
-0.00357727
0.4
-0.00357727
0.4
-0.00357727
0.4
-0.00357727
0.4
-0.00357727
0.4
-0.00357727
0.4
-0.00357727
0.4
-0.00357727
0.4
-0.00357727
0.4
-0.00357726
0.4
-0.00357726
0.4
-0.00357726
0.4
-0.00357726
0.4
-0.00357725
0.4
-0.00357725
0.4
-0.00357724
0.4
-0.00357724
0.4
-0.00357722
0.4
-0.00357721
0.4
-0.00357719
0.4
-0.00357717
0.4
-0.00357714
0.4
-0.00357711
0.400001
-0.00357707
0.400001
-0.00357702
0.400001
-0.00357698
0.400001
-0.00357696
0.400001
-0.00357696
0.400001
-0.00357704
0.4
-0.00357724
0.399999
-0.00357767
0.399998
-0.0035785
0.399994
-0.00358002
0.399989
-0.00358274
0.39998
-0.00358759
0.399966
-0.00359652
0.399948
-0.00361258
0.399926
-0.00364113
0.399908
0.399903
-0.00211778
0.390422
-0.00281349
0.39327
-0.00333052
0.395465
-0.00366163
0.397045
-0.00386415
0.398177
-0.00398263
0.398952
-0.00404825
0.39947
-0.0040803
0.3998
-0.00409126
0.400003
-0.00408934
0.40012
-0.00408004
0.400181
-0.00406698
0.400206
-0.00405248
0.400208
-0.004038
0.400198
-0.00402436
0.40018
-0.00401203
0.400159
-0.00400118
0.400138
-0.00399183
0.400117
-0.00398392
0.400098
-0.00397731
0.400081
-0.00397187
0.400066
-0.00396743
0.400053
-0.00396385
0.400043
-0.00396098
0.400034
-0.0039587
0.400027
-0.0039569
0.400021
-0.00395549
0.400016
-0.0039544
0.400013
-0.00395355
0.40001
-0.00395289
0.400007
-0.00395239
0.400006
-0.00395201
0.400004
-0.00395172
0.400003
-0.0039515
0.400002
-0.00395134
0.400002
-0.00395121
0.400001
-0.00395112
0.400001
-0.00395105
0.400001
-0.003951
0.400001
-0.00395096
0.4
-0.00395093
0.4
-0.00395091
0.4
-0.00395089
0.4
-0.00395088
0.4
-0.00395087
0.4
-0.00395087
0.4
-0.00395086
0.4
-0.00395086
0.4
-0.00395086
0.4
-0.00395085
0.4
-0.00395085
0.4
-0.00395085
0.4
-0.00395085
0.4
-0.00395085
0.4
-0.00395085
0.4
-0.00395085
0.4
-0.00395085
0.4
-0.00395085
0.4
-0.00395085
0.4
-0.00395085
0.4
-0.00395085
0.4
-0.00395085
0.4
-0.00395085
0.4
-0.00395085
0.4
-0.00395085
0.4
-0.00395085
0.4
-0.00395085
0.4
-0.00395085
0.4
-0.00395085
0.4
-0.00395085
0.4
-0.00395084
0.4
-0.00395084
0.4
-0.00395084
0.4
-0.00395084
0.4
-0.00395083
0.4
-0.00395083
0.4
-0.00395082
0.4
-0.00395081
0.4
-0.0039508
0.4
-0.00395079
0.4
-0.00395077
0.4
-0.00395074
0.4
-0.00395071
0.4
-0.00395067
0.4
-0.00395063
0.400001
-0.00395058
0.400001
-0.00395053
0.400001
-0.00395049
0.400001
-0.00395049
0.400001
-0.00395055
0.4
-0.00395075
0.4
-0.00395117
0.399998
-0.00395201
0.399995
-0.00395353
0.39999
-0.00395626
0.399983
-0.0039611
0.399971
-0.00396986
0.399957
-0.00398545
0.399941
-0.00401296
0.399936
0.399942
-0.00238917
0.391296
-0.00314128
0.394022
-0.00368774
0.396011
-0.00403414
0.397391
-0.00424536
0.398388
-0.00436853
0.399075
-0.00443601
0.399537
-0.0044681
0.399832
-0.00447801
0.400013
-0.00447449
0.400116
-0.00446336
0.40017
-0.00444845
0.400191
-0.00443219
0.400192
-0.00441609
0.400182
-0.00440104
0.400165
-0.00438747
0.400146
-0.00437557
0.400126
-0.00436535
0.400107
-0.00435671
0.400089
-0.00434952
0.400073
-0.00434359
0.40006
-0.00433877
0.400048
-0.00433488
0.400039
-0.00433177
0.400031
-0.0043293
0.400024
-0.00432736
0.400019
-0.00432583
0.400015
-0.00432465
0.400011
-0.00432373
0.400009
-0.00432303
0.400007
-0.00432249
0.400005
-0.00432208
0.400004
-0.00432177
0.400003
-0.00432153
0.400002
-0.00432135
0.400002
-0.00432122
0.400001
-0.00432112
0.400001
-0.00432104
0.400001
-0.00432099
0.400001
-0.00432095
0.4
-0.00432092
0.4
-0.00432089
0.4
-0.00432088
0.4
-0.00432086
0.4
-0.00432086
0.4
-0.00432085
0.4
-0.00432084
0.4
-0.00432084
0.4
-0.00432084
0.4
-0.00432084
0.4
-0.00432083
0.4
-0.00432083
0.4
-0.00432083
0.4
-0.00432083
0.4
-0.00432083
0.4
-0.00432083
0.4
-0.00432083
0.4
-0.00432083
0.4
-0.00432083
0.4
-0.00432083
0.4
-0.00432083
0.4
-0.00432083
0.4
-0.00432083
0.4
-0.00432083
0.4
-0.00432083
0.4
-0.00432083
0.4
-0.00432083
0.4
-0.00432083
0.4
-0.00432083
0.4
-0.00432083
0.4
-0.00432083
0.4
-0.00432082
0.4
-0.00432082
0.4
-0.00432082
0.4
-0.00432081
0.4
-0.00432081
0.4
-0.0043208
0.4
-0.00432079
0.4
-0.00432078
0.4
-0.00432076
0.4
-0.00432074
0.4
-0.00432071
0.4
-0.00432068
0.4
-0.00432064
0.4
-0.00432059
0.400001
-0.00432053
0.400001
-0.00432047
0.400001
-0.00432043
0.400001
-0.00432041
0.400001
-0.00432046
0.4
-0.00432064
0.4
-0.00432105
0.399999
-0.00432186
0.399996
-0.00432337
0.399992
-0.00432604
0.399985
-0.00433074
0.399976
-0.0043391
0.399965
-0.00435367
0.399956
-0.00437903
0.399961
0.399978
-0.00268235
0.392285
-0.00348187
0.394822
-0.00404974
0.396579
-0.00440669
0.397748
-0.00462382
0.398605
-0.00475005
0.399201
-0.00481828
0.399605
-0.00484967
0.399864
-0.00485801
0.400021
-0.00485255
0.400111
-0.00483936
0.400156
-0.00482244
0.400174
-0.00480433
0.400174
-0.00478658
0.400164
-0.00477008
0.400149
-0.00475527
0.400131
-0.00474232
0.400113
-0.00473123
0.400095
-0.00472188
0.40008
-0.0047141
0.400066
-0.00470771
0.400054
-0.00470251
0.400043
-0.00469833
0.400035
-0.00469498
0.400027
-0.00469233
0.400022
-0.00469025
0.400017
-0.00468862
0.400013
-0.00468735
0.40001
-0.00468637
0.400008
-0.00468562
0.400006
-0.00468504
0.400005
-0.0046846
0.400003
-0.00468427
0.400003
-0.00468402
0.400002
-0.00468383
0.400001
-0.00468369
0.400001
-0.00468358
0.400001
-0.0046835
0.400001
-0.00468344
0.4
-0.0046834
0.4
-0.00468337
0.4
-0.00468334
0.4
-0.00468332
0.4
-0.00468331
0.4
-0.0046833
0.4
-0.00468329
0.4
-0.00468329
0.4
-0.00468329
0.4
-0.00468328
0.4
-0.00468328
0.4
-0.00468328
0.4
-0.00468328
0.4
-0.00468328
0.4
-0.00468328
0.4
-0.00468327
0.4
-0.00468327
0.4
-0.00468327
0.4
-0.00468327
0.4
-0.00468327
0.4
-0.00468327
0.4
-0.00468327
0.4
-0.00468327
0.4
-0.00468327
0.4
-0.00468327
0.4
-0.00468327
0.4
-0.00468327
0.4
-0.00468327
0.4
-0.00468327
0.4
-0.00468327
0.4
-0.00468327
0.4
-0.00468327
0.4
-0.00468327
0.4
-0.00468326
0.4
-0.00468326
0.4
-0.00468326
0.4
-0.00468325
0.4
-0.00468324
0.4
-0.00468323
0.4
-0.00468322
0.4
-0.0046832
0.4
-0.00468318
0.4
-0.00468315
0.4
-0.00468311
0.4
-0.00468306
0.4
-0.00468301
0.400001
-0.00468295
0.400001
-0.00468288
0.400001
-0.00468282
0.400001
-0.00468279
0.400001
-0.00468283
0.400001
-0.00468298
0.4
-0.00468336
0.399999
-0.00468414
0.399997
-0.00468558
0.399993
-0.00468816
0.399988
-0.00469261
0.39998
-0.00470033
0.399973
-0.00471337
0.399969
-0.00473543
0.399983
0.400009
-0.00299565
0.39339
-0.00382963
0.395656
-0.00440904
0.397159
-0.00477129
0.39811
-0.00499141
0.398825
-0.00511898
0.399329
-0.00518684
0.399673
-0.00521675
0.399893
-0.00522301
0.400027
-0.00521524
0.400103
-0.00519976
0.400141
-0.0051807
0.400155
-0.00516065
0.400154
-0.00514119
0.400144
-0.00512322
0.400131
-0.00510716
0.400115
-0.00509317
0.400099
-0.00508122
0.400084
-0.00507116
0.40007
-0.00506281
0.400057
-0.00505597
0.400047
-0.00505041
0.400038
-0.00504594
0.40003
-0.00504237
0.400024
-0.00503955
0.400019
-0.00503733
0.400015
-0.0050356
0.400011
-0.00503425
0.400009
-0.00503321
0.400007
-0.00503241
0.400005
-0.0050318
0.400004
-0.00503134
0.400003
-0.00503099
0.400002
-0.00503072
0.400002
-0.00503052
0.400001
-0.00503037
0.400001
-0.00503026
0.400001
-0.00503018
0.400001
-0.00503012
0.4
-0.00503007
0.4
-0.00503003
0.4
-0.00503001
0.4
-0.00502999
0.4
-0.00502998
0.4
-0.00502997
0.4
-0.00502996
0.4
-0.00502995
0.4
-0.00502995
0.4
-0.00502995
0.4
-0.00502994
0.4
-0.00502994
0.4
-0.00502994
0.4
-0.00502994
0.4
-0.00502994
0.4
-0.00502994
0.4
-0.00502994
0.4
-0.00502994
0.4
-0.00502994
0.4
-0.00502994
0.4
-0.00502994
0.4
-0.00502994
0.4
-0.00502994
0.4
-0.00502994
0.4
-0.00502994
0.4
-0.00502994
0.4
-0.00502994
0.4
-0.00502994
0.4
-0.00502994
0.4
-0.00502994
0.4
-0.00502993
0.4
-0.00502993
0.4
-0.00502993
0.4
-0.00502993
0.4
-0.00502993
0.4
-0.00502992
0.4
-0.00502991
0.4
-0.00502991
0.4
-0.00502989
0.4
-0.00502988
0.4
-0.00502986
0.4
-0.00502984
0.4
-0.0050298
0.4
-0.00502976
0.4
-0.00502971
0.4
-0.00502965
0.4
-0.00502958
0.400001
-0.00502951
0.400001
-0.00502944
0.400001
-0.00502939
0.400001
-0.0050294
0.400001
-0.00502952
0.4
-0.00502987
0.399999
-0.00503059
0.399998
-0.00503195
0.399995
-0.00503437
0.39999
-0.00503849
0.399985
-0.00504537
0.39998
-0.00505643
0.39998
-0.00507406
0.400001
0.400032
-0.00331918
0.394604
-0.00416998
0.396507
-0.00474888
0.397738
-0.00511077
0.398472
-0.00533085
0.399045
-0.00545804
0.399456
-0.00552439
0.39974
-0.00555203
0.399921
-0.00555567
0.400031
-0.00554525
0.400093
-0.00552726
0.400123
-0.00550591
0.400133
-0.00548384
0.400132
-0.00546264
0.400123
-0.00544317
0.400111
-0.00542586
0.400097
-0.00541084
0.400084
-0.00539803
0.400071
-0.00538729
0.400059
-0.00537839
0.400048
-0.0053711
0.400039
-0.00536519
0.400032
-0.00536045
0.400025
-0.00535667
0.40002
-0.00535368
0.400016
-0.00535134
0.400012
-0.00534951
0.40001
-0.00534809
0.400007
-0.005347
0.400006
-0.00534616
0.400004
-0.00534552
0.400003
-0.00534503
0.400003
-0.00534466
0.400002
-0.00534438
0.400001
-0.00534417
0.400001
-0.00534401
0.400001
-0.0053439
0.400001
-0.00534381
0.4
-0.00534375
0.4
-0.0053437
0.4
-0.00534366
0.4
-0.00534364
0.4
-0.00534362
0.4
-0.0053436
0.4
-0.00534359
0.4
-0.00534358
0.4
-0.00534358
0.4
-0.00534357
0.4
-0.00534357
0.4
-0.00534357
0.4
-0.00534357
0.4
-0.00534356
0.4
-0.00534356
0.4
-0.00534356
0.4
-0.00534356
0.4
-0.00534356
0.4
-0.00534356
0.4
-0.00534356
0.4
-0.00534356
0.4
-0.00534356
0.4
-0.00534356
0.4
-0.00534356
0.4
-0.00534356
0.4
-0.00534356
0.4
-0.00534356
0.4
-0.00534356
0.4
-0.00534356
0.4
-0.00534356
0.4
-0.00534356
0.4
-0.00534356
0.4
-0.00534356
0.4
-0.00534355
0.4
-0.00534355
0.4
-0.00534355
0.4
-0.00534354
0.4
-0.00534354
0.4
-0.00534353
0.4
-0.00534352
0.4
-0.0053435
0.4
-0.00534348
0.4
-0.00534345
0.4
-0.00534342
0.4
-0.00534338
0.4
-0.00534332
0.4
-0.00534326
0.4
-0.00534318
0.4
-0.0053431
0.400001
-0.00534301
0.400001
-0.00534294
0.400001
-0.00534293
0.400001
-0.00534301
0.4
-0.0053433
0.4
-0.00534395
0.399998
-0.0053452
0.399996
-0.00534743
0.399993
-0.00535116
0.399988
-0.00535704
0.399985
-0.00536577
0.399989
-0.00537796
0.400013
0.400047
-0.00362438
0.395899
-0.00446932
0.397352
-0.00503326
0.398302
-0.00538875
0.398828
-0.00560581
0.399262
-0.0057309
0.399581
-0.00579459
0.399803
-0.0058192
0.399946
-0.00581971
0.400032
-0.0058063
0.400079
-0.00578559
0.400102
-0.00576183
0.40011
-0.00573768
0.400108
-0.00571469
0.4001
-0.00569373
0.40009
-0.00567518
0.400079
-0.00565914
0.400068
-0.0056455
0.400057
-0.00563409
0.400047
-0.00562465
0.400039
-0.00561695
0.400032
-0.00561071
0.400026
-0.00560571
0.40002
-0.00560173
0.400016
-0.00559859
0.400013
-0.00559613
0.40001
-0.00559421
0.400008
-0.00559272
0.400006
-0.00559158
0.400005
-0.0055907
0.400004
-0.00559003
0.400003
-0.00558953
0.400002
-0.00558914
0.400002
-0.00558885
0.400001
-0.00558863
0.400001
-0.00558847
0.400001
-0.00558835
0.4
-0.00558826
0.4
-0.00558819
0.4
-0.00558814
0.4
-0.0055881
0.4
-0.00558808
0.4
-0.00558806
0.4
-0.00558804
0.4
-0.00558803
0.4
-0.00558802
0.4
-0.00558802
0.4
-0.00558801
0.4
-0.00558801
0.4
-0.00558801
0.4
-0.005588
0.4
-0.005588
0.4
-0.005588
0.4
-0.005588
0.4
-0.005588
0.4
-0.005588
0.4
-0.005588
0.4
-0.005588
0.4
-0.005588
0.4
-0.005588
0.4
-0.005588
0.4
-0.005588
0.4
-0.005588
0.4
-0.005588
0.4
-0.005588
0.4
-0.005588
0.4
-0.005588
0.4
-0.005588
0.4
-0.005588
0.4
-0.005588
0.4
-0.00558799
0.4
-0.00558799
0.4
-0.00558799
0.4
-0.00558799
0.4
-0.00558798
0.4
-0.00558797
0.4
-0.00558796
0.4
-0.00558795
0.4
-0.00558794
0.4
-0.00558792
0.4
-0.00558789
0.4
-0.00558785
0.4
-0.00558781
0.4
-0.00558775
0.4
-0.00558768
0.4
-0.00558759
0.4
-0.0055875
0.4
-0.0055874
0.400001
-0.00558731
0.400001
-0.00558726
0.4
-0.00558731
0.4
-0.00558754
0.4
-0.0055881
0.399999
-0.00558922
0.399997
-0.00559122
0.399995
-0.00559451
0.399992
-0.00559933
0.39999
-0.00560551
0.399995
-0.00561159
0.400019
0.400053
-0.00384161
0.397217
-0.00465374
0.398164
-0.005186
0.398834
-0.00552895
0.39917
-0.00574011
0.399474
-0.0058614
0.399702
-0.00592135
0.399863
-0.00594219
0.399967
-0.0059391
0.400028
-0.00592243
0.400063
-0.00589883
0.400079
-0.00587259
0.400083
-0.00584632
0.400081
-0.00582156
0.400076
-0.00579912
0.400068
-0.00577936
0.400059
-0.00576233
0.400051
-0.0057479
0.400043
-0.00573585
0.400035
-0.00572591
0.400029
-0.00571781
0.400024
-0.00571126
0.400019
-0.00570603
0.400015
-0.00570187
0.400012
-0.00569859
0.400009
-0.00569602
0.400007
-0.00569402
0.400006
-0.00569247
0.400004
-0.00569129
0.400003
-0.00569038
0.400003
-0.00568968
0.400002
-0.00568915
0.400001
-0.00568876
0.400001
-0.00568846
0.400001
-0.00568823
0.400001
-0.00568806
0.4
-0.00568794
0.4
-0.00568785
0.4
-0.00568778
0.4
-0.00568773
0.4
-0.00568769
0.4
-0.00568766
0.4
-0.00568764
0.4
-0.00568762
0.4
-0.00568761
0.4
-0.0056876
0.4
-0.0056876
0.4
-0.00568759
0.4
-0.00568759
0.4
-0.00568759
0.4
-0.00568758
0.4
-0.00568758
0.4
-0.00568758
0.4
-0.00568758
0.4
-0.00568758
0.4
-0.00568758
0.4
-0.00568758
0.4
-0.00568758
0.4
-0.00568758
0.4
-0.00568758
0.4
-0.00568758
0.4
-0.00568758
0.4
-0.00568758
0.4
-0.00568758
0.4
-0.00568758
0.4
-0.00568758
0.4
-0.00568758
0.4
-0.00568758
0.4
-0.00568758
0.4
-0.00568757
0.4
-0.00568757
0.4
-0.00568757
0.4
-0.00568757
0.4
-0.00568756
0.4
-0.00568756
0.4
-0.00568755
0.4
-0.00568754
0.4
-0.00568753
0.4
-0.00568751
0.4
-0.00568749
0.4
-0.00568746
0.4
-0.00568742
0.4
-0.00568738
0.4
-0.00568732
0.4
-0.00568724
0.4
-0.00568715
0.4
-0.00568704
0.4
-0.00568693
0.4
-0.00568682
0.4
-0.00568673
0.4
-0.00568673
0.4
-0.00568689
0.4
-0.00568735
0.399999
-0.00568833
0.399998
-0.00569009
0.399996
-0.00569292
0.399994
-0.00569668
0.399994
-0.00570036
0.399999
-0.00570026
0.400019
0.400048
-0.00381312
0.398459
-0.00456428
0.398915
-0.00504711
0.399317
-0.00537163
0.399495
-0.00557427
0.399676
-0.00569009
0.399818
-0.00574527
0.399918
-0.00576171
0.399983
-0.00575469
0.400021
-0.00573458
0.400042
-0.00570805
0.400052
-0.00567933
0.400055
-0.00565098
0.400053
-0.00562451
0.400049
-0.00560067
0.400044
-0.00557977
0.400038
-0.00556181
0.400033
-0.00554665
0.400027
-0.00553403
0.400023
-0.00552364
0.400019
-0.00551518
0.400015
-0.00550837
0.400012
-0.00550292
0.40001
-0.0054986
0.400008
-0.0054952
0.400006
-0.00549254
0.400005
-0.00549048
0.400004
-0.00548888
0.400003
-0.00548766
0.400002
-0.00548672
0.400002
-0.005486
0.400001
-0.00548546
0.400001
-0.00548505
0.400001
-0.00548475
0.400001
-0.00548452
0.4
-0.00548434
0.4
-0.00548421
0.4
-0.00548412
0.4
-0.00548405
0.4
-0.005484
0.4
-0.00548396
0.4
-0.00548393
0.4
-0.00548391
0.4
-0.00548389
0.4
-0.00548388
0.4
-0.00548387
0.4
-0.00548386
0.4
-0.00548386
0.4
-0.00548386
0.4
-0.00548385
0.4
-0.00548385
0.4
-0.00548385
0.4
-0.00548385
0.4
-0.00548385
0.4
-0.00548385
0.4
-0.00548385
0.4
-0.00548385
0.4
-0.00548385
0.4
-0.00548385
0.4
-0.00548385
0.4
-0.00548385
0.4
-0.00548385
0.4
-0.00548385
0.4
-0.00548385
0.4
-0.00548385
0.4
-0.00548385
0.4
-0.00548384
0.4
-0.00548384
0.4
-0.00548384
0.4
-0.00548384
0.4
-0.00548384
0.4
-0.00548384
0.4
-0.00548384
0.4
-0.00548383
0.4
-0.00548383
0.4
-0.00548382
0.4
-0.00548381
0.4
-0.0054838
0.4
-0.00548378
0.4
-0.00548376
0.4
-0.00548373
0.4
-0.00548369
0.4
-0.00548364
0.4
-0.00548357
0.4
-0.00548349
0.4
-0.00548339
0.4
-0.00548328
0.4
-0.00548315
0.4
-0.00548301
0.4
-0.0054829
0.4
-0.00548285
0.4
-0.00548293
0.4
-0.00548329
0.4
-0.0054841
0.399999
-0.00548562
0.399998
-0.005488
0.399997
-0.00549079
0.399997
-0.00549233
0.4
-0.00548707
0.400013
0.400035
-0.00319486
0.399485
-0.0038614
0.399581
-0.00428157
0.399737
-0.00458273
0.399796
-0.00477456
0.399868
-0.00488307
0.399927
-0.00493261
0.399968
-0.00494423
0.399995
-0.0049332
0.40001
-0.00490972
0.400019
-0.00488041
0.400023
-0.0048494
0.400024
-0.00481919
0.400023
-0.0047912
0.400021
-0.00476613
0.400019
-0.00474426
0.400016
-0.00472553
0.400014
-0.00470977
0.400012
-0.00469667
0.40001
-0.00468592
0.400008
-0.00467719
0.400006
-0.00467016
0.400005
-0.00466456
0.400004
-0.00466012
0.400003
-0.00465663
0.400003
-0.0046539
0.400002
-0.00465179
0.400002
-0.00465016
0.400001
-0.00464891
0.400001
-0.00464795
0.400001
-0.00464722
0.400001
-0.00464667
0.4
-0.00464625
0.4
-0.00464594
0.4
-0.00464571
0.4
-0.00464553
0.4
-0.0046454
0.4
-0.00464531
0.4
-0.00464523
0.4
-0.00464518
0.4
-0.00464514
0.4
-0.00464511
0.4
-0.00464509
0.4
-0.00464507
0.4
-0.00464506
0.4
-0.00464505
0.4
-0.00464505
0.4
-0.00464504
0.4
-0.00464504
0.4
-0.00464504
0.4
-0.00464503
0.4
-0.00464503
0.4
-0.00464503
0.4
-0.00464503
0.4
-0.00464503
0.4
-0.00464503
0.4
-0.00464503
0.4
-0.00464503
0.4
-0.00464503
0.4
-0.00464503
0.4
-0.00464503
0.4
-0.00464503
0.4
-0.00464503
0.4
-0.00464503
0.4
-0.00464503
0.4
-0.00464503
0.4
-0.00464503
0.4
-0.00464503
0.4
-0.00464503
0.4
-0.00464503
0.4
-0.00464502
0.4
-0.00464502
0.4
-0.00464502
0.4
-0.00464501
0.4
-0.00464501
0.4
-0.004645
0.4
-0.00464499
0.4
-0.00464498
0.4
-0.00464496
0.4
-0.00464494
0.4
-0.00464491
0.4
-0.00464487
0.4
-0.00464481
0.4
-0.00464475
0.4
-0.00464466
0.4
-0.00464456
0.4
-0.00464443
0.4
-0.00464429
0.4
-0.00464413
0.4
-0.00464399
0.4
-0.00464388
0.4
-0.0046439
0.4
-0.00464414
0.4
-0.0046448
0.4
-0.00464606
0.399999
-0.00464804
0.399999
-0.00465007
0.399999
-0.00465017
0.4
-0.00464227
0.400006
0.400016
-0.00157597
-0.00199451
-0.00225771
-0.00246157
-0.00259353
-0.00266699
-0.00269913
-0.00270452
-0.00269416
-0.00267525
-0.00265249
-0.00262881
-0.00260594
-0.00258489
-0.00256613
-0.0025498
-0.00253587
-0.00252417
-0.00251447
-0.00250652
-0.00250007
-0.00249489
-0.00249076
-0.0024875
-0.00248494
-0.00248294
-0.00248139
-0.00248019
-0.00247928
-0.00247858
-0.00247805
-0.00247764
-0.00247734
-0.00247711
-0.00247694
-0.00247681
-0.00247672
-0.00247665
-0.0024766
-0.00247656
-0.00247653
-0.00247651
-0.00247649
-0.00247648
-0.00247647
-0.00247646
-0.00247646
-0.00247646
-0.00247645
-0.00247645
-0.00247645
-0.00247645
-0.00247645
-0.00247645
-0.00247645
-0.00247645
-0.00247645
-0.00247645
-0.00247645
-0.00247645
-0.00247645
-0.00247645
-0.00247645
-0.00247645
-0.00247645
-0.00247645
-0.00247645
-0.00247644
-0.00247644
-0.00247644
-0.00247644
-0.00247644
-0.00247644
-0.00247644
-0.00247643
-0.00247643
-0.00247642
-0.00247641
-0.0024764
-0.00247638
-0.00247636
-0.00247633
-0.00247629
-0.00247624
-0.00247618
-0.0024761
-0.002476
-0.00247589
-0.00247577
-0.00247564
-0.00247554
-0.00247551
-0.00247563
-0.00247601
-0.00247678
-0.00247801
-0.00247917
-0.00247885
-0.00247326
)
;

boundaryField
{
    inlet
    {
        type            calculated;
        value           nonuniform List<scalar> 
40
(
-0.00106103
-0.00216828
-0.002572
-0.00252293
-0.00232953
-0.0021056
-0.00189023
-0.00169358
-0.00151538
-0.00135238
-0.00120111
-0.00105867
-0.000922856
-0.000792014
-0.000664927
-0.000540674
-0.000418535
-0.00029793
-0.000178365
-5.94055e-05
5.93564e-05
0.000178317
0.000297883
0.00041849
0.000540631
0.000664887
0.000791977
0.000922823
0.00105864
0.00120109
0.00135236
0.00151537
0.00169357
0.00189022
0.0021056
0.00232953
0.00252294
0.00257201
0.0021683
0.00106104
)
;
    }
    outlet
    {
        type            calculated;
        value           nonuniform List<scalar> 
40
(
0.00245771
0.00462281
0.00547368
0.00569587
0.00561714
0.00539309
0.00509763
0.00476592
0.00441472
0.00405208
0.00368198
0.00330647
0.00292668
0.00254336
0.00215707
0.00176828
0.00137745
0.000985035
0.000591476
0.00019723
-0.000197245
-0.000591491
-0.00098505
-0.00137747
-0.00176829
-0.00215708
-0.00254337
-0.00292669
-0.00330647
-0.00368199
-0.00405208
-0.00441472
-0.00476592
-0.00509763
-0.00539308
-0.00561713
-0.00569586
-0.00547366
-0.0046228
-0.00245771
)
;
    }
    lowerWall
    {
        type            calculated;
        value           nonuniform List<scalar> 
100
(
-0.4
-0.4
-0.4
-0.4
-0.4
-0.4
-0.4
-0.4
-0.4
-0.4
-0.4
-0.4
-0.4
-0.4
-0.4
-0.4
-0.4
-0.4
-0.4
-0.4
-0.4
-0.4
-0.4
-0.4
-0.4
-0.4
-0.4
-0.4
-0.4
-0.4
-0.4
-0.4
-0.4
-0.4
-0.4
-0.4
-0.4
-0.4
-0.4
-0.4
-0.4
-0.4
-0.4
-0.4
-0.4
-0.4
-0.4
-0.4
-0.4
-0.4
-0.4
-0.4
-0.4
-0.4
-0.4
-0.4
-0.4
-0.4
-0.4
-0.4
-0.4
-0.4
-0.4
-0.4
-0.4
-0.4
-0.4
-0.4
-0.4
-0.4
-0.4
-0.4
-0.4
-0.4
-0.4
-0.4
-0.4
-0.4
-0.4
-0.4
-0.4
-0.4
-0.4
-0.4
-0.4
-0.4
-0.4
-0.4
-0.4
-0.4
-0.4
-0.4
-0.4
-0.4
-0.4
-0.4
-0.4
-0.4
-0.4
-0.4
)
;
    }
    upperWall
    {
        type            calculated;
        value           nonuniform List<scalar> 
100
(
0.4
0.4
0.4
0.4
0.4
0.4
0.4
0.4
0.4
0.4
0.4
0.4
0.4
0.4
0.4
0.4
0.4
0.4
0.4
0.4
0.4
0.4
0.4
0.4
0.4
0.4
0.4
0.4
0.4
0.4
0.4
0.4
0.4
0.4
0.4
0.4
0.4
0.4
0.4
0.4
0.4
0.4
0.4
0.4
0.4
0.4
0.4
0.4
0.4
0.4
0.4
0.4
0.4
0.4
0.4
0.4
0.4
0.4
0.4
0.4
0.4
0.4
0.4
0.4
0.4
0.4
0.4
0.4
0.4
0.4
0.4
0.4
0.4
0.4
0.4
0.4
0.4
0.4
0.4
0.4
0.4
0.4
0.4
0.4
0.4
0.4
0.4
0.4
0.4
0.4
0.4
0.4
0.4
0.4
0.4
0.4
0.4
0.4
0.4
0.4
)
;
    }
    frontAndBack
    {
        type            empty;
        value           nonuniform 0();
    }
}


// ************************************************************************* //
