/*--------------------------------*- C++ -*----------------------------------*\
| =========                 |                                                 |
| \\      /  F ield         | OpenFOAM: The Open Source CFD Toolbox           |
|  \\    /   O peration     | Version:  v1906                                 |
|   \\  /    A nd           | Web:      www.OpenFOAM.com                      |
|    \\/     M anipulation  |                                                 |
\*---------------------------------------------------------------------------*/
FoamFile
{
    version     2.0;
    format      ascii;
    class       volVectorField;
    location    "1";
    object      U;
}
// * * * * * * * * * * * * * * * * * * * * * * * * * * * * * * * * * * * * * //

dimensions      [0 1 -1 0 0 0 0];


internalField   nonuniform List<vector> 
4000
(
(0.427071 0.0732057 0)
(0.418115 0.00685194 0)
(0.375403 -0.0005241 0)
(0.379016 -0.00107068 0)
(0.377771 -0.00130908 0)
(0.378958 -0.00120934 0)
(0.37871 -0.00120071 0)
(0.378648 -0.00117606 0)
(0.37835 -0.00117881 0)
(0.378129 -0.00117941 0)
(0.377906 -0.00118372 0)
(0.377727 -0.00118664 0)
(0.377572 -0.00118978 0)
(0.377443 -0.00119229 0)
(0.377335 -0.00119444 0)
(0.377245 -0.00119617 0)
(0.37717 -0.00119769 0)
(0.377109 -0.00119899 0)
(0.377058 -0.00120007 0)
(0.377017 -0.00120097 0)
(0.376984 -0.00120174 0)
(0.376958 -0.00120236 0)
(0.376938 -0.00120288 0)
(0.376921 -0.00120328 0)
(0.376909 -0.00120361 0)
(0.376899 -0.00120388 0)
(0.376892 -0.00120409 0)
(0.376886 -0.00120425 0)
(0.376882 -0.00120438 0)
(0.376879 -0.00120446 0)
(0.376877 -0.00120454 0)
(0.376875 -0.00120459 0)
(0.376874 -0.00120463 0)
(0.376873 -0.00120466 0)
(0.376873 -0.00120469 0)
(0.376872 -0.00120469 0)
(0.376872 -0.00120469 0)
(0.376872 -0.00120471 0)
(0.376872 -0.00120473 0)
(0.376871 -0.00120472 0)
(0.376871 -0.00120471 0)
(0.376871 -0.00120472 0)
(0.376871 -0.00120474 0)
(0.376871 -0.00120472 0)
(0.376871 -0.00120472 0)
(0.376871 -0.00120473 0)
(0.376871 -0.00120474 0)
(0.376871 -0.00120473 0)
(0.376871 -0.00120473 0)
(0.376871 -0.00120473 0)
(0.376871 -0.00120474 0)
(0.376871 -0.00120473 0)
(0.376871 -0.00120473 0)
(0.376871 -0.00120473 0)
(0.376871 -0.00120472 0)
(0.376871 -0.00120472 0)
(0.376871 -0.00120473 0)
(0.376871 -0.00120473 0)
(0.376871 -0.00120473 0)
(0.376871 -0.00120472 0)
(0.376871 -0.00120473 0)
(0.376871 -0.00120473 0)
(0.376871 -0.00120473 0)
(0.376871 -0.00120473 0)
(0.376871 -0.00120474 0)
(0.376871 -0.00120473 0)
(0.376871 -0.00120474 0)
(0.376871 -0.00120474 0)
(0.376871 -0.00120474 0)
(0.376871 -0.00120473 0)
(0.376871 -0.00120473 0)
(0.376871 -0.00120473 0)
(0.376871 -0.00120473 0)
(0.376871 -0.00120473 0)
(0.376871 -0.00120473 0)
(0.376871 -0.00120472 0)
(0.376871 -0.00120473 0)
(0.376871 -0.00120473 0)
(0.376871 -0.00120473 0)
(0.376871 -0.00120472 0)
(0.376871 -0.00120472 0)
(0.376871 -0.00120472 0)
(0.376871 -0.00120471 0)
(0.376871 -0.0012047 0)
(0.37687 -0.00120469 0)
(0.37687 -0.00120466 0)
(0.376869 -0.00120464 0)
(0.376868 -0.0012046 0)
(0.376867 -0.00120454 0)
(0.376865 -0.00120445 0)
(0.376862 -0.00120435 0)
(0.376858 -0.00120425 0)
(0.376853 -0.00120419 0)
(0.376848 -0.00120432 0)
(0.376845 -0.00120471 0)
(0.37684 -0.00120465 0)
(0.37684 -0.00120165 0)
(0.376711 -0.00118544 0)
(0.376552 -0.0011668 0)
(0.376217 -0.00130295 0)
(0.78907 0.171985 0)
(0.802518 0.0240812 0)
(0.7353 0.00284003 0)
(0.741219 8.61967e-05 0)
(0.738297 -0.000766504 0)
(0.740436 -0.000454053 0)
(0.739985 -0.000390848 0)
(0.739936 -0.000298637 0)
(0.739431 -0.000300269 0)
(0.739062 -0.000301805 0)
(0.738678 -0.000316999 0)
(0.738371 -0.000328767 0)
(0.7381 -0.000341083 0)
(0.737875 -0.000351008 0)
(0.737685 -0.000359722 0)
(0.737526 -0.00036696 0)
(0.737394 -0.000373302 0)
(0.737284 -0.000378777 0)
(0.737194 -0.000383405 0)
(0.73712 -0.000387254 0)
(0.737061 -0.000390535 0)
(0.737013 -0.000393269 0)
(0.736975 -0.000395532 0)
(0.736946 -0.000397316 0)
(0.736923 -0.000398779 0)
(0.736905 -0.000399983 0)
(0.736891 -0.000400931 0)
(0.736881 -0.000401626 0)
(0.736873 -0.000402199 0)
(0.736868 -0.000402615 0)
(0.736864 -0.000402943 0)
(0.73686 -0.000403167 0)
(0.736858 -0.000403353 0)
(0.736857 -0.000403475 0)
(0.736855 -0.000403574 0)
(0.736855 -0.00040362 0)
(0.736854 -0.000403671 0)
(0.736854 -0.000403714 0)
(0.736853 -0.000403744 0)
(0.736853 -0.000403745 0)
(0.736853 -0.000403766 0)
(0.736853 -0.000403781 0)
(0.736852 -0.000403813 0)
(0.736852 -0.000403787 0)
(0.736852 -0.000403786 0)
(0.736852 -0.000403804 0)
(0.736852 -0.000403826 0)
(0.736852 -0.000403803 0)
(0.736853 -0.000403815 0)
(0.736853 -0.000403799 0)
(0.736853 -0.000403817 0)
(0.736853 -0.000403803 0)
(0.736853 -0.000403806 0)
(0.736853 -0.000403794 0)
(0.736853 -0.000403784 0)
(0.736853 -0.000403774 0)
(0.736853 -0.000403788 0)
(0.736852 -0.000403787 0)
(0.736852 -0.000403806 0)
(0.736852 -0.000403786 0)
(0.736852 -0.000403808 0)
(0.736852 -0.000403818 0)
(0.736852 -0.000403823 0)
(0.736853 -0.00040381 0)
(0.736853 -0.000403827 0)
(0.736853 -0.000403814 0)
(0.736853 -0.000403813 0)
(0.736853 -0.000403816 0)
(0.736853 -0.000403824 0)
(0.736853 -0.000403814 0)
(0.736853 -0.00040381 0)
(0.736853 -0.000403795 0)
(0.736853 -0.000403805 0)
(0.736853 -0.000403793 0)
(0.736853 -0.000403793 0)
(0.736853 -0.000403775 0)
(0.736853 -0.000403792 0)
(0.736853 -0.000403792 0)
(0.736852 -0.000403803 0)
(0.736852 -0.000403787 0)
(0.736852 -0.000403771 0)
(0.736852 -0.000403752 0)
(0.736852 -0.000403733 0)
(0.736851 -0.000403695 0)
(0.736851 -0.000403657 0)
(0.73685 -0.000403559 0)
(0.736849 -0.000403442 0)
(0.736847 -0.000403278 0)
(0.736845 -0.000403049 0)
(0.736841 -0.000402716 0)
(0.736836 -0.000402298 0)
(0.736829 -0.000401881 0)
(0.73682 -0.000401559 0)
(0.73681 -0.000401737 0)
(0.736802 -0.000402258 0)
(0.736784 -0.000400169 0)
(0.736764 -0.000382622 0)
(0.736486 -0.000315959 0)
(0.736102 -0.000212922 0)
(0.734293 -0.000457807 0)
(0.938174 0.19532 0)
(0.975114 0.0389484 0)
(0.907059 0.00768414 0)
(0.914271 0.00117512 0)
(0.910169 -0.000432349 0)
(0.912679 1.64084e-05 0)
(0.912105 0.000180573 0)
(0.91212 0.00035739 0)
(0.911573 0.00036725 0)
(0.911191 0.000363431 0)
(0.910777 0.000333609 0)
(0.910447 0.000308171 0)
(0.910153 0.000282579 0)
(0.90991 0.000262278 0)
(0.909702 0.000244434 0)
(0.909528 0.000229373 0)
(0.909383 0.000216376 0)
(0.909261 0.000205198 0)
(0.909162 0.000195697 0)
(0.90908 0.000187694 0)
(0.909013 0.000180885 0)
(0.90896 0.000175267 0)
(0.908917 0.000170574 0)
(0.908884 0.000166765 0)
(0.908858 0.00016366 0)
(0.908837 0.000161144 0)
(0.908822 0.000159171 0)
(0.90881 0.000157686 0)
(0.908801 0.000156446 0)
(0.908795 0.000155541 0)
(0.90879 0.000154857 0)
(0.908786 0.000154352 0)
(0.908784 0.000153978 0)
(0.908782 0.000153715 0)
(0.90878 0.0001535 0)
(0.908779 0.000153379 0)
(0.908779 0.000153255 0)
(0.908778 0.000153188 0)
(0.908778 0.000153141 0)
(0.908777 0.00015311 0)
(0.908777 0.00015306 0)
(0.908777 0.00015305 0)
(0.908777 0.000153001 0)
(0.908777 0.00015301 0)
(0.908777 0.000153003 0)
(0.908777 0.000152992 0)
(0.908777 0.000152961 0)
(0.908777 0.000152984 0)
(0.908777 0.000152952 0)
(0.908777 0.000152968 0)
(0.908777 0.000152954 0)
(0.908777 0.000152991 0)
(0.908777 0.000152999 0)
(0.908777 0.000153002 0)
(0.908777 0.000153017 0)
(0.908777 0.000153051 0)
(0.908777 0.000153031 0)
(0.908777 0.000153033 0)
(0.908777 0.000153005 0)
(0.908777 0.000153021 0)
(0.908777 0.000152977 0)
(0.908777 0.000152967 0)
(0.908777 0.000152951 0)
(0.908777 0.000152971 0)
(0.908777 0.000152948 0)
(0.908777 0.000152965 0)
(0.908777 0.000152966 0)
(0.908777 0.000152968 0)
(0.908777 0.000152954 0)
(0.908777 0.000152967 0)
(0.908777 0.000152968 0)
(0.908777 0.000152997 0)
(0.908777 0.000152999 0)
(0.908777 0.00015302 0)
(0.908777 0.000153009 0)
(0.908777 0.000153029 0)
(0.908777 0.000153009 0)
(0.908777 0.000153016 0)
(0.908777 0.000153001 0)
(0.908777 0.000153021 0)
(0.908776 0.000153048 0)
(0.908776 0.000153098 0)
(0.908776 0.000153147 0)
(0.908775 0.000153223 0)
(0.908775 0.000153308 0)
(0.908774 0.000153492 0)
(0.908773 0.000153743 0)
(0.908771 0.000154094 0)
(0.908768 0.000154571 0)
(0.908764 0.00015524 0)
(0.908758 0.000156107 0)
(0.90875 0.000157011 0)
(0.90874 0.000157821 0)
(0.908728 0.000157842 0)
(0.908716 0.000158232 0)
(0.908686 0.00016506 0)
(0.908646 0.000210334 0)
(0.908279 0.000360093 0)
(0.907752 0.000653335 0)
(0.904637 0.000607043 0)
(0.996233 0.187063 0)
(1.05005 0.0487138 0)
(0.988565 0.0120625 0)
(0.996808 0.0017283 0)
(0.991943 -0.000549639 0)
(0.994581 -5.89744e-05 0)
(0.993917 0.000218797 0)
(0.994011 0.000475101 0)
(0.99349 0.00050264 0)
(0.993153 0.000496717 0)
(0.992767 0.000453803 0)
(0.992464 0.000415336 0)
(0.992191 0.000377481 0)
(0.991965 0.000346447 0)
(0.99177 0.000318989 0)
(0.991607 0.000295381 0)
(0.991469 0.000275647 0)
(0.991355 0.00025879 0)
(0.99126 0.000244408 0)
(0.991182 0.000232202 0)
(0.991118 0.000221757 0)
(0.991066 0.000213172 0)
(0.991025 0.00020603 0)
(0.990992 0.00020014 0)
(0.990967 0.000195376 0)
(0.990947 0.000191558 0)
(0.990931 0.000188509 0)
(0.99092 0.000186177 0)
(0.990911 0.00018425 0)
(0.990904 0.000182831 0)
(0.9909 0.000181783 0)
(0.990896 0.000180983 0)
(0.990893 0.0001804 0)
(0.990892 0.000179987 0)
(0.99089 0.000179639 0)
(0.990889 0.000179445 0)
(0.990888 0.000179264 0)
(0.990888 0.00017915 0)
(0.990887 0.000179072 0)
(0.990887 0.000179014 0)
(0.990887 0.000178939 0)
(0.990886 0.000178926 0)
(0.990886 0.000178873 0)
(0.990886 0.000178866 0)
(0.990886 0.000178855 0)
(0.990886 0.000178837 0)
(0.990886 0.00017878 0)
(0.990886 0.000178806 0)
(0.990887 0.000178779 0)
(0.990887 0.000178797 0)
(0.990887 0.000178769 0)
(0.990887 0.000178811 0)
(0.990887 0.000178839 0)
(0.990887 0.000178845 0)
(0.990887 0.000178867 0)
(0.990887 0.000178924 0)
(0.990887 0.000178905 0)
(0.990886 0.0001789 0)
(0.990886 0.000178862 0)
(0.990886 0.000178876 0)
(0.990886 0.000178814 0)
(0.990886 0.000178797 0)
(0.990886 0.000178772 0)
(0.990886 0.000178805 0)
(0.990887 0.000178787 0)
(0.990887 0.000178803 0)
(0.990887 0.000178797 0)
(0.990887 0.000178798 0)
(0.990887 0.000178785 0)
(0.990887 0.000178804 0)
(0.990887 0.000178802 0)
(0.990887 0.000178834 0)
(0.990887 0.000178848 0)
(0.990887 0.000178884 0)
(0.990887 0.000178871 0)
(0.990887 0.000178886 0)
(0.990887 0.000178857 0)
(0.990886 0.000178867 0)
(0.990886 0.00017886 0)
(0.990886 0.000178895 0)
(0.990886 0.000178928 0)
(0.990886 0.000178995 0)
(0.990886 0.000179075 0)
(0.990885 0.000179199 0)
(0.990885 0.000179346 0)
(0.990884 0.00017962 0)
(0.990882 0.000180007 0)
(0.99088 0.000180551 0)
(0.990878 0.000181292 0)
(0.990874 0.000182314 0)
(0.990868 0.00018366 0)
(0.990861 0.000185109 0)
(0.990851 0.000186566 0)
(0.990838 0.000187144 0)
(0.990824 0.000189568 0)
(0.990785 0.000203109 0)
(0.99073 0.000283727 0)
(0.990321 0.000530361 0)
(0.989739 0.00109588 0)
(0.985951 0.00141753 0)
(1.01564 0.17089 0)
(1.08002 0.0545006 0)
(1.02689 0.0154955 0)
(1.03601 0.00207304 0)
(1.0307 -0.000734098 0)
(1.03336 -0.000252237 0)
(1.03262 0.000132053 0)
(1.03279 0.000448837 0)
(1.03233 0.00049408 0)
(1.03206 0.000486798 0)
(1.03173 0.00043524 0)
(1.03147 0.000387389 0)
(1.03124 0.000340714 0)
(1.03105 0.000301016 0)
(1.03088 0.000265906 0)
(1.03074 0.000235646 0)
(1.03062 0.000210053 0)
(1.03052 0.000187988 0)
(1.03044 0.000169013 0)
(1.03037 0.000152785 0)
(1.03031 0.000138701 0)
(1.03026 0.000127159 0)
(1.03023 0.000117771 0)
(1.0302 0.000110001 0)
(1.03018 0.000103705 0)
(1.03016 9.86594e-05 0)
(1.03014 9.46018e-05 0)
(1.03013 9.14805e-05 0)
(1.03012 8.89463e-05 0)
(1.03012 8.70557e-05 0)
(1.03011 8.56541e-05 0)
(1.03011 8.45773e-05 0)
(1.03011 8.37889e-05 0)
(1.03011 8.32405e-05 0)
(1.0301 8.27706e-05 0)
(1.0301 8.25118e-05 0)
(1.0301 8.22783e-05 0)
(1.0301 8.21106e-05 0)
(1.0301 8.19897e-05 0)
(1.0301 8.19263e-05 0)
(1.0301 8.1839e-05 0)
(1.0301 8.1813e-05 0)
(1.0301 8.17443e-05 0)
(1.0301 8.17233e-05 0)
(1.0301 8.17044e-05 0)
(1.0301 8.1685e-05 0)
(1.0301 8.1602e-05 0)
(1.0301 8.16254e-05 0)
(1.0301 8.16008e-05 0)
(1.0301 8.16285e-05 0)
(1.0301 8.15916e-05 0)
(1.0301 8.16358e-05 0)
(1.0301 8.16793e-05 0)
(1.0301 8.1697e-05 0)
(1.0301 8.17254e-05 0)
(1.0301 8.18036e-05 0)
(1.0301 8.17856e-05 0)
(1.0301 8.17762e-05 0)
(1.0301 8.17211e-05 0)
(1.0301 8.17304e-05 0)
(1.0301 8.1652e-05 0)
(1.0301 8.16308e-05 0)
(1.0301 8.15922e-05 0)
(1.0301 8.16329e-05 0)
(1.0301 8.16186e-05 0)
(1.0301 8.16375e-05 0)
(1.0301 8.16266e-05 0)
(1.0301 8.16259e-05 0)
(1.0301 8.16078e-05 0)
(1.0301 8.16328e-05 0)
(1.0301 8.16328e-05 0)
(1.0301 8.16758e-05 0)
(1.0301 8.16946e-05 0)
(1.0301 8.17397e-05 0)
(1.0301 8.17257e-05 0)
(1.0301 8.17439e-05 0)
(1.0301 8.17083e-05 0)
(1.0301 8.17206e-05 0)
(1.0301 8.17171e-05 0)
(1.0301 8.17654e-05 0)
(1.0301 8.18086e-05 0)
(1.0301 8.18924e-05 0)
(1.0301 8.19972e-05 0)
(1.0301 8.21653e-05 0)
(1.0301 8.23695e-05 0)
(1.0301 8.27264e-05 0)
(1.0301 8.32306e-05 0)
(1.0301 8.39467e-05 0)
(1.03009 8.4924e-05 0)
(1.03009 8.62652e-05 0)
(1.03009 8.80521e-05 0)
(1.03008 9.0029e-05 0)
(1.03007 9.22181e-05 0)
(1.03006 9.36828e-05 0)
(1.03004 9.90637e-05 0)
(1.03 0.000120574 0)
(1.02994 0.000239915 0)
(1.02952 0.000575332 0)
(1.02896 0.00144305 0)
(1.02509 0.00215113 0)
(1.01911 0.153411 0)
(1.0895 0.0575274 0)
(1.04458 0.018036 0)
(1.05446 0.00237916 0)
(1.04892 -0.000829614 0)
(1.05155 -0.000389687 0)
(1.05075 8.889e-05 0)
(1.05101 0.000448652 0)
(1.0506 0.000510154 0)
(1.05041 0.000502113 0)
(1.05015 0.000444235 0)
(1.04995 0.000388942 0)
(1.04976 0.000335388 0)
(1.04961 0.000289597 0)
(1.04947 0.00024933 0)
(1.04936 0.00021483 0)
(1.04926 0.000184841 0)
(1.04918 0.000158726 0)
(1.04911 0.000136191 0)
(1.04905 0.000116924 0)
(1.04901 0.000100181 0)
(1.04897 8.62824e-05 0)
(1.04894 7.48841e-05 0)
(1.04891 6.54065e-05 0)
(1.04889 5.76278e-05 0)
(1.04888 5.12922e-05 0)
(1.04887 4.63352e-05 0)
(1.04886 4.25098e-05 0)
(1.04885 3.9444e-05 0)
(1.04884 3.7137e-05 0)
(1.04884 3.54122e-05 0)
(1.04884 3.40958e-05 0)
(1.04884 3.31242e-05 0)
(1.04883 3.24617e-05 0)
(1.04883 3.18968e-05 0)
(1.04883 3.15675e-05 0)
(1.04883 3.12805e-05 0)
(1.04883 3.10703e-05 0)
(1.04883 3.09215e-05 0)
(1.04883 3.08476e-05 0)
(1.04883 3.07471e-05 0)
(1.04883 3.07047e-05 0)
(1.04883 3.06279e-05 0)
(1.04883 3.0592e-05 0)
(1.04883 3.05596e-05 0)
(1.04883 3.05436e-05 0)
(1.04883 3.04416e-05 0)
(1.04883 3.04504e-05 0)
(1.04883 3.04242e-05 0)
(1.04883 3.04664e-05 0)
(1.04883 3.04314e-05 0)
(1.04883 3.04719e-05 0)
(1.04883 3.05256e-05 0)
(1.04883 3.05561e-05 0)
(1.04883 3.05933e-05 0)
(1.04883 3.06862e-05 0)
(1.04883 3.06709e-05 0)
(1.04883 3.06608e-05 0)
(1.04883 3.05911e-05 0)
(1.04883 3.05926e-05 0)
(1.04883 3.05018e-05 0)
(1.04883 3.04764e-05 0)
(1.04883 3.0427e-05 0)
(1.04883 3.04712e-05 0)
(1.04883 3.04634e-05 0)
(1.04883 3.04847e-05 0)
(1.04883 3.04719e-05 0)
(1.04883 3.04701e-05 0)
(1.04883 3.04467e-05 0)
(1.04883 3.04729e-05 0)
(1.04883 3.04768e-05 0)
(1.04883 3.05291e-05 0)
(1.04883 3.05507e-05 0)
(1.04883 3.06013e-05 0)
(1.04883 3.05887e-05 0)
(1.04883 3.06098e-05 0)
(1.04883 3.05721e-05 0)
(1.04883 3.05857e-05 0)
(1.04883 3.05828e-05 0)
(1.04883 3.06413e-05 0)
(1.04883 3.06983e-05 0)
(1.04883 3.07971e-05 0)
(1.04883 3.09212e-05 0)
(1.04883 3.11251e-05 0)
(1.04883 3.13785e-05 0)
(1.04883 3.18044e-05 0)
(1.04883 3.24071e-05 0)
(1.04883 3.32667e-05 0)
(1.04882 3.44438e-05 0)
(1.04882 3.60486e-05 0)
(1.04882 3.82159e-05 0)
(1.04881 4.06987e-05 0)
(1.0488 4.3685e-05 0)
(1.04879 4.6297e-05 0)
(1.04877 5.53944e-05 0)
(1.04873 8.55484e-05 0)
(1.04867 0.000240588 0)
(1.04828 0.000654206 0)
(1.04778 0.00181877 0)
(1.04425 0.00286307 0)
(1.0165 0.1363 0)
(1.08996 0.0584874 0)
(1.05246 0.0197596 0)
(1.06298 0.00263912 0)
(1.05736 -0.000858688 0)
(1.05993 -0.000478241 0)
(1.05909 7.59193e-05 0)
(1.05941 0.000467144 0)
(1.05907 0.000543171 0)
(1.05896 0.000534923 0)
(1.05876 0.000472566 0)
(1.05862 0.000411492 0)
(1.05848 0.000352534 0)
(1.05837 0.00030197 0)
(1.05827 0.000257502 0)
(1.05818 0.000219399 0)
(1.05811 0.000186245 0)
(1.05805 0.000157376 0)
(1.058 0.000132498 0)
(1.05795 0.000111317 0)
(1.05792 9.30434e-05 0)
(1.05789 7.76456e-05 0)
(1.05786 6.47457e-05 0)
(1.05784 5.40045e-05 0)
(1.05783 4.51479e-05 0)
(1.05781 3.79e-05 0)
(1.0578 3.21626e-05 0)
(1.0578 2.76728e-05 0)
(1.05779 2.4054e-05 0)
(1.05779 2.13658e-05 0)
(1.05778 1.93562e-05 0)
(1.05778 1.78363e-05 0)
(1.05778 1.67167e-05 0)
(1.05778 1.59546e-05 0)
(1.05778 1.53109e-05 0)
(1.05778 1.49169e-05 0)
(1.05778 1.45868e-05 0)
(1.05778 1.4346e-05 0)
(1.05778 1.41784e-05 0)
(1.05778 1.40897e-05 0)
(1.05778 1.39773e-05 0)
(1.05777 1.39224e-05 0)
(1.05777 1.38454e-05 0)
(1.05777 1.37947e-05 0)
(1.05777 1.37405e-05 0)
(1.05777 1.37252e-05 0)
(1.05777 1.36147e-05 0)
(1.05777 1.36042e-05 0)
(1.05777 1.35707e-05 0)
(1.05778 1.36252e-05 0)
(1.05778 1.36005e-05 0)
(1.05778 1.36367e-05 0)
(1.05778 1.3698e-05 0)
(1.05778 1.3739e-05 0)
(1.05778 1.37867e-05 0)
(1.05778 1.38923e-05 0)
(1.05778 1.38818e-05 0)
(1.05778 1.38714e-05 0)
(1.05777 1.37935e-05 0)
(1.05777 1.3784e-05 0)
(1.05777 1.3682e-05 0)
(1.05777 1.36558e-05 0)
(1.05778 1.36018e-05 0)
(1.05778 1.36439e-05 0)
(1.05778 1.36417e-05 0)
(1.05778 1.36639e-05 0)
(1.05778 1.36505e-05 0)
(1.05778 1.36472e-05 0)
(1.05778 1.36196e-05 0)
(1.05778 1.36447e-05 0)
(1.05778 1.36512e-05 0)
(1.05778 1.37087e-05 0)
(1.05778 1.37354e-05 0)
(1.05778 1.37913e-05 0)
(1.05778 1.37809e-05 0)
(1.05778 1.38027e-05 0)
(1.05778 1.37645e-05 0)
(1.05777 1.37785e-05 0)
(1.05777 1.37775e-05 0)
(1.05777 1.3842e-05 0)
(1.05777 1.39124e-05 0)
(1.05777 1.40249e-05 0)
(1.05777 1.41646e-05 0)
(1.05777 1.43964e-05 0)
(1.05777 1.469e-05 0)
(1.05777 1.51692e-05 0)
(1.05777 1.58487e-05 0)
(1.05777 1.68184e-05 0)
(1.05777 1.81543e-05 0)
(1.05777 1.99826e-05 0)
(1.05776 2.24784e-05 0)
(1.05776 2.54917e-05 0)
(1.05775 2.93807e-05 0)
(1.05774 3.33299e-05 0)
(1.05773 4.61979e-05 0)
(1.05768 8.41476e-05 0)
(1.05762 0.000269167 0)
(1.05728 0.000751788 0)
(1.05688 0.00217983 0)
(1.05392 0.00349298 0)
(1.01203 0.120289 0)
(1.08677 0.0578534 0)
(1.0557 0.0207395 0)
(1.06676 0.00282667 0)
(1.06115 -0.000856315 0)
(1.06364 -0.000540688 0)
(1.06276 6.82144e-05 0)
(1.06314 0.000481503 0)
(1.06287 0.000569734 0)
(1.06284 0.000561815 0)
(1.0627 0.000497032 0)
(1.06262 0.000432237 0)
(1.06252 0.000369764 0)
(1.06245 0.000315946 0)
(1.06239 0.000268492 0)
(1.06233 0.000227731 0)
(1.06228 0.000192348 0)
(1.06224 0.000161524 0)
(1.0622 0.000134927 0)
(1.06217 0.000112248 0)
(1.06215 9.27003e-05 0)
(1.06213 7.61967e-05 0)
(1.06211 6.23528e-05 0)
(1.0621 5.08574e-05 0)
(1.06209 4.14244e-05 0)
(1.06208 3.37671e-05 0)
(1.06207 2.75044e-05 0)
(1.06206 2.25672e-05 0)
(1.06206 1.85781e-05 0)
(1.06206 1.55683e-05 0)
(1.06205 1.32877e-05 0)
(1.06205 1.15662e-05 0)
(1.06205 1.03259e-05 0)
(1.06205 9.47866e-06 0)
(1.06205 8.77042e-06 0)
(1.06205 8.32228e-06 0)
(1.06205 7.95883e-06 0)
(1.06205 7.70094e-06 0)
(1.06205 7.5204e-06 0)
(1.06205 7.41532e-06 0)
(1.06205 7.29397e-06 0)
(1.06205 7.23234e-06 0)
(1.06205 7.15926e-06 0)
(1.06205 7.09529e-06 0)
(1.06205 7.01416e-06 0)
(1.06205 6.99624e-06 0)
(1.06205 6.88491e-06 0)
(1.06205 6.85711e-06 0)
(1.06205 6.81298e-06 0)
(1.06205 6.87514e-06 0)
(1.06205 6.86238e-06 0)
(1.06205 6.89579e-06 0)
(1.06205 6.96196e-06 0)
(1.06205 7.01203e-06 0)
(1.06205 7.06889e-06 0)
(1.06205 7.18736e-06 0)
(1.06205 7.18271e-06 0)
(1.06205 7.17183e-06 0)
(1.06205 7.08909e-06 0)
(1.06205 7.06991e-06 0)
(1.06205 6.95595e-06 0)
(1.06205 6.93253e-06 0)
(1.06205 6.88095e-06 0)
(1.06205 6.91854e-06 0)
(1.06205 6.91827e-06 0)
(1.06205 6.94096e-06 0)
(1.06205 6.92742e-06 0)
(1.06205 6.92271e-06 0)
(1.06205 6.89051e-06 0)
(1.06205 6.91333e-06 0)
(1.06205 6.92076e-06 0)
(1.06205 6.97994e-06 0)
(1.06205 7.01308e-06 0)
(1.06205 7.07581e-06 0)
(1.06205 7.06688e-06 0)
(1.06205 7.08817e-06 0)
(1.06205 7.05046e-06 0)
(1.06205 7.06464e-06 0)
(1.06205 7.06633e-06 0)
(1.06205 7.13475e-06 0)
(1.06205 7.21427e-06 0)
(1.06205 7.33749e-06 0)
(1.06205 7.48901e-06 0)
(1.06205 7.74132e-06 0)
(1.06205 8.0649e-06 0)
(1.06205 8.58134e-06 0)
(1.06204 9.31657e-06 0)
(1.06204 1.03721e-05 0)
(1.06204 1.1832e-05 0)
(1.06204 1.38903e-05 0)
(1.06204 1.66955e-05 0)
(1.06204 2.01311e-05 0)
(1.06203 2.47911e-05 0)
(1.06202 3.00226e-05 0)
(1.06201 4.62063e-05 0)
(1.06197 9.05344e-05 0)
(1.06192 0.00030148 0)
(1.06164 0.000838737 0)
(1.06135 0.00247848 0)
(1.05909 0.00399125 0)
(1.00739 0.105668 0)
(1.08235 0.0559963 0)
(1.05677 0.0210632 0)
(1.06828 0.00293501 0)
(1.06275 -0.000836702 0)
(1.06515 -0.000584345 0)
(1.06424 6.01051e-05 0)
(1.06467 0.000485076 0)
(1.06445 0.000582675 0)
(1.06449 0.000575532 0)
(1.06441 0.000510287 0)
(1.06438 0.000443851 0)
(1.06434 0.00037981 0)
(1.06431 0.000324402 0)
(1.06427 0.00027541 0)
(1.06425 0.000233219 0)
(1.06422 0.000196613 0)
(1.0642 0.000164678 0)
(1.06418 0.00013706 0)
(1.06416 0.00011343 0)
(1.06415 9.30237e-05 0)
(1.06414 7.57996e-05 0)
(1.06413 6.13518e-05 0)
(1.06412 4.93349e-05 0)
(1.06411 3.94756e-05 0)
(1.06411 3.14998e-05 0)
(1.0641 2.49814e-05 0)
(1.0641 1.98578e-05 0)
(1.0641 1.57463e-05 0)
(1.06409 1.25571e-05 0)
(1.06409 1.01191e-05 0)
(1.06409 8.28096e-06 0)
(1.06409 6.93366e-06 0)
(1.06409 6.0017e-06 0)
(1.06409 5.23284e-06 0)
(1.06409 4.74391e-06 0)
(1.06409 4.35136e-06 0)
(1.06409 4.08727e-06 0)
(1.06409 3.89973e-06 0)
(1.06409 3.78155e-06 0)
(1.06409 3.65445e-06 0)
(1.06409 3.59009e-06 0)
(1.06409 3.52017e-06 0)
(1.06409 3.44537e-06 0)
(1.06409 3.3356e-06 0)
(1.06409 3.31375e-06 0)
(1.06409 3.20557e-06 0)
(1.06409 3.16547e-06 0)
(1.06409 3.10895e-06 0)
(1.06409 3.17569e-06 0)
(1.06409 3.17314e-06 0)
(1.06409 3.20579e-06 0)
(1.06409 3.27339e-06 0)
(1.06409 3.33436e-06 0)
(1.06409 3.39702e-06 0)
(1.06409 3.52806e-06 0)
(1.06409 3.52932e-06 0)
(1.06409 3.51859e-06 0)
(1.06409 3.43007e-06 0)
(1.06409 3.40522e-06 0)
(1.06409 3.27979e-06 0)
(1.06409 3.26062e-06 0)
(1.06409 3.21453e-06 0)
(1.06409 3.24805e-06 0)
(1.06409 3.24523e-06 0)
(1.06409 3.26951e-06 0)
(1.06409 3.25614e-06 0)
(1.06409 3.25037e-06 0)
(1.06409 3.21129e-06 0)
(1.06409 3.23205e-06 0)
(1.06409 3.24029e-06 0)
(1.06409 3.30016e-06 0)
(1.06409 3.33782e-06 0)
(1.06409 3.40821e-06 0)
(1.06409 3.40005e-06 0)
(1.06409 3.42153e-06 0)
(1.06409 3.38539e-06 0)
(1.06409 3.40053e-06 0)
(1.06409 3.40314e-06 0)
(1.06409 3.47439e-06 0)
(1.06409 3.55873e-06 0)
(1.06409 3.68834e-06 0)
(1.06409 3.84676e-06 0)
(1.06409 4.1126e-06 0)
(1.06409 4.45682e-06 0)
(1.06409 4.99851e-06 0)
(1.06409 5.77384e-06 0)
(1.06409 6.91651e-06 0)
(1.06408 8.47926e-06 0)
(1.06408 1.06634e-05 0)
(1.06408 1.36556e-05 0)
(1.06408 1.73234e-05 0)
(1.06408 2.25205e-05 0)
(1.06407 2.88533e-05 0)
(1.06406 4.80318e-05 0)
(1.06403 9.77696e-05 0)
(1.06398 0.000328774 0)
(1.06379 0.000903517 0)
(1.06361 0.00269449 0)
(1.06211 0.00433977 0)
(1.00321 0.0924253 0)
(1.07778 0.0531989 0)
(1.05685 0.0208207 0)
(1.06875 0.00296652 0)
(1.06333 -0.000804493 0)
(1.06563 -0.000610302 0)
(1.06468 5.13619e-05 0)
(1.06516 0.000477745 0)
(1.065 0.000581612 0)
(1.0651 0.000575561 0)
(1.06508 0.000511547 0)
(1.0651 0.00044534 0)
(1.0651 0.000381502 0)
(1.0651 0.000326055 0)
(1.0651 0.000276896 0)
(1.0651 0.00023447 0)
(1.0651 0.000197647 0)
(1.06509 0.000165467 0)
(1.06509 0.000137585 0)
(1.06509 0.000113659 0)
(1.06508 9.29469e-05 0)
(1.06508 7.54503e-05 0)
(1.06508 6.07529e-05 0)
(1.06507 4.84873e-05 0)
(1.06507 3.84003e-05 0)
(1.06507 3.02482e-05 0)
(1.06507 2.36126e-05 0)
(1.06507 1.83843e-05 0)
(1.06507 1.41961e-05 0)
(1.06506 1.09471e-05 0)
(1.06506 8.48457e-06 0)
(1.06506 6.6432e-06 0)
(1.06506 5.24507e-06 0)
(1.06506 4.27496e-06 0)
(1.06506 3.47497e-06 0)
(1.06506 2.9554e-06 0)
(1.06506 2.5333e-06 0)
(1.06506 2.26553e-06 0)
(1.06506 2.07697e-06 0)
(1.06506 1.94967e-06 0)
(1.06506 1.82e-06 0)
(1.06506 1.75333e-06 0)
(1.06506 1.68396e-06 0)
(1.06506 1.60233e-06 0)
(1.06506 1.46552e-06 0)
(1.06506 1.43695e-06 0)
(1.06506 1.33366e-06 0)
(1.06506 1.28678e-06 0)
(1.06506 1.21856e-06 0)
(1.06506 1.28684e-06 0)
(1.06506 1.29179e-06 0)
(1.06506 1.32468e-06 0)
(1.06506 1.39231e-06 0)
(1.06506 1.46665e-06 0)
(1.06506 1.5328e-06 0)
(1.06506 1.67355e-06 0)
(1.06506 1.6811e-06 0)
(1.06506 1.67193e-06 0)
(1.06506 1.57697e-06 0)
(1.06506 1.55001e-06 0)
(1.06506 1.41596e-06 0)
(1.06506 1.39967e-06 0)
(1.06506 1.35956e-06 0)
(1.06506 1.39067e-06 0)
(1.06506 1.3827e-06 0)
(1.06506 1.4079e-06 0)
(1.06506 1.395e-06 0)
(1.06506 1.38871e-06 0)
(1.06506 1.34161e-06 0)
(1.06506 1.35916e-06 0)
(1.06506 1.36883e-06 0)
(1.06506 1.43001e-06 0)
(1.06506 1.46949e-06 0)
(1.06506 1.54629e-06 0)
(1.06506 1.53955e-06 0)
(1.06506 1.56259e-06 0)
(1.06506 1.52875e-06 0)
(1.06506 1.54573e-06 0)
(1.06506 1.54752e-06 0)
(1.06506 1.61969e-06 0)
(1.06506 1.70598e-06 0)
(1.06506 1.83719e-06 0)
(1.06506 1.99797e-06 0)
(1.06506 2.27189e-06 0)
(1.06506 2.63242e-06 0)
(1.06506 3.19741e-06 0)
(1.06506 3.99523e-06 0)
(1.06506 5.16827e-06 0)
(1.06506 6.76832e-06 0)
(1.06506 8.94136e-06 0)
(1.06506 1.19763e-05 0)
(1.06506 1.58029e-05 0)
(1.06506 2.1462e-05 0)
(1.06505 2.87623e-05 0)
(1.06504 5.04579e-05 0)
(1.06502 0.000104189 0)
(1.06499 0.000348067 0)
(1.06489 0.000942726 0)
(1.06481 0.00282195 0)
(1.06409 0.00453658 0)
(0.999637 0.0804212 0)
(1.07353 0.0496721 0)
(1.0565 0.020094 0)
(1.06874 0.00292535 0)
(1.06345 -0.000761887 0)
(1.06564 -0.000618891 0)
(1.06466 4.21152e-05 0)
(1.06517 0.000460312 0)
(1.06506 0.000567227 0)
(1.06522 0.00056244 0)
(1.06525 0.000501078 0)
(1.06532 0.000436731 0)
(1.06536 0.000374665 0)
(1.0654 0.000320562 0)
(1.06542 0.000272463 0)
(1.06545 0.000230874 0)
(1.06547 0.000194765 0)
(1.06548 0.000163151 0)
(1.06549 0.000135719 0)
(1.0655 0.000112126 0)
(1.06551 9.16563e-05 0)
(1.06551 7.43367e-05 0)
(1.06552 5.97616e-05 0)
(1.06552 4.75686e-05 0)
(1.06552 3.75175e-05 0)
(1.06552 2.93901e-05 0)
(1.06553 2.2781e-05 0)
(1.06553 1.75475e-05 0)
(1.06553 1.33491e-05 0)
(1.06553 1.01019e-05 0)
(1.06553 7.64501e-06 0)
(1.06553 5.82449e-06 0)
(1.06553 4.44045e-06 0)
(1.06553 3.48903e-06 0)
(1.06553 2.69972e-06 0)
(1.06553 2.1761e-06 0)
(1.06553 1.74547e-06 0)
(1.06553 1.48407e-06 0)
(1.06553 1.30145e-06 0)
(1.06553 1.16562e-06 0)
(1.06553 1.03438e-06 0)
(1.06553 9.62817e-07 0)
(1.06553 8.91251e-07 0)
(1.06553 8.06509e-07 0)
(1.06553 6.47919e-07 0)
(1.06553 6.07445e-07 0)
(1.06553 5.08914e-07 0)
(1.06553 4.59612e-07 0)
(1.06553 3.82939e-07 0)
(1.06553 4.4857e-07 0)
(1.06553 4.6029e-07 0)
(1.06553 4.93039e-07 0)
(1.06553 5.60571e-07 0)
(1.06553 6.49811e-07 0)
(1.06553 7.20209e-07 0)
(1.06553 8.6522e-07 0)
(1.06553 8.796e-07 0)
(1.06553 8.73183e-07 0)
(1.06553 7.74307e-07 0)
(1.06553 7.47003e-07 0)
(1.06553 6.09163e-07 0)
(1.06553 5.92621e-07 0)
(1.06553 5.57726e-07 0)
(1.06553 5.87155e-07 0)
(1.06553 5.7413e-07 0)
(1.06553 5.97514e-07 0)
(1.06553 5.85267e-07 0)
(1.06553 5.78344e-07 0)
(1.06553 5.24392e-07 0)
(1.06553 5.36207e-07 0)
(1.06553 5.47762e-07 0)
(1.06553 6.11016e-07 0)
(1.06553 6.51093e-07 0)
(1.06553 7.31367e-07 0)
(1.06553 7.277e-07 0)
(1.06553 7.53437e-07 0)
(1.06553 7.22514e-07 0)
(1.06553 7.41231e-07 0)
(1.06553 7.421e-07 0)
(1.06553 8.12145e-07 0)
(1.06553 8.99011e-07 0)
(1.06553 1.02802e-06 0)
(1.06553 1.19009e-06 0)
(1.06553 1.4695e-06 0)
(1.06553 1.83433e-06 0)
(1.06553 2.39641e-06 0)
(1.06553 3.18177e-06 0)
(1.06553 4.3159e-06 0)
(1.06553 5.88414e-06 0)
(1.06553 8.02595e-06 0)
(1.06553 1.1061e-05 0)
(1.06553 1.4984e-05 0)
(1.06553 2.0981e-05 0)
(1.06553 2.90279e-05 0)
(1.06552 5.2514e-05 0)
(1.06551 0.000108487 0)
(1.06549 0.000357662 0)
(1.06548 0.000955068 0)
(1.06551 0.00286052 0)
(1.06553 0.00458636 0)
(0.996676 0.0694838 0)
(1.06975 0.0455756 0)
(1.05599 0.018955 0)
(1.06853 0.00281605 0)
(1.06337 -0.000710132 0)
(1.06545 -0.000610458 0)
(1.06445 3.27048e-05 0)
(1.06498 0.000433768 0)
(1.06492 0.000540469 0)
(1.06513 0.000536983 0)
(1.0652 0.000479455 0)
(1.06531 0.000418384 0)
(1.06539 0.000359469 0)
(1.06546 0.00030794 0)
(1.06551 0.000261993 0)
(1.06556 0.000222193 0)
(1.0656 0.000187641 0)
(1.06563 0.000157333 0)
(1.06566 0.000131003 0)
(1.06568 0.000108313 0)
(1.06569 8.85897e-05 0)
(1.06571 7.18681e-05 0)
(1.06572 5.77721e-05 0)
(1.06573 4.59667e-05 0)
(1.06573 3.62189e-05 0)
(1.06574 2.83219e-05 0)
(1.06574 2.18983e-05 0)
(1.06574 1.67917e-05 0)
(1.06574 1.26875e-05 0)
(1.06575 9.51531e-06 0)
(1.06575 7.10805e-06 0)
(1.06575 5.33121e-06 0)
(1.06575 3.98766e-06 0)
(1.06575 3.06494e-06 0)
(1.06575 2.30036e-06 0)
(1.06575 1.80017e-06 0)
(1.06575 1.38848e-06 0)
(1.06575 1.14738e-06 0)
(1.06575 9.8198e-07 0)
(1.06575 8.47319e-07 0)
(1.06575 7.20097e-07 0)
(1.06575 6.40605e-07 0)
(1.06575 5.63546e-07 0)
(1.06575 4.77427e-07 0)
(1.06575 3.04222e-07 0)
(1.06575 2.47011e-07 0)
(1.06575 1.51688e-07 0)
(1.06575 1.04783e-07 0)
(1.06575 2.35546e-08 0)
(1.06575 8.26635e-08 0)
(1.06575 1.00504e-07 0)
(1.06575 1.33295e-07 0)
(1.06575 2.00591e-07 0)
(1.06575 3.03622e-07 0)
(1.06575 3.80836e-07 0)
(1.06575 5.24811e-07 0)
(1.06575 5.4804e-07 0)
(1.06575 5.43545e-07 0)
(1.06575 4.44345e-07 0)
(1.06575 4.17833e-07 0)
(1.06575 2.80118e-07 0)
(1.06575 2.60301e-07 0)
(1.06575 2.29595e-07 0)
(1.06575 2.5735e-07 0)
(1.06575 2.40357e-07 0)
(1.06575 2.58994e-07 0)
(1.06575 2.47054e-07 0)
(1.06575 2.39039e-07 0)
(1.06575 1.80619e-07 0)
(1.06575 1.84263e-07 0)
(1.06575 1.97328e-07 0)
(1.06575 2.6291e-07 0)
(1.06575 3.04016e-07 0)
(1.06575 3.8494e-07 0)
(1.06575 3.85862e-07 0)
(1.06575 4.15663e-07 0)
(1.06575 3.88302e-07 0)
(1.06575 4.07298e-07 0)
(1.06575 4.08031e-07 0)
(1.06575 4.72802e-07 0)
(1.06575 5.60465e-07 0)
(1.06575 6.85396e-07 0)
(1.06575 8.41994e-07 0)
(1.06575 1.11451e-06 0)
(1.06575 1.46419e-06 0)
(1.06575 1.99247e-06 0)
(1.06575 2.73864e-06 0)
(1.06575 3.82806e-06 0)
(1.06575 5.34379e-06 0)
(1.06575 7.42705e-06 0)
(1.06575 1.04052e-05 0)
(1.06576 1.43256e-05 0)
(1.06576 2.04743e-05 0)
(1.06576 2.89655e-05 0)
(1.06576 5.33693e-05 0)
(1.06576 0.000109733 0)
(1.06575 0.000356653 0)
(1.06583 0.000940364 0)
(1.06596 0.00281308 0)
(1.06669 0.00449754 0)
(0.994258 0.0594473 0)
(1.06649 0.0410324 0)
(1.05545 0.0174667 0)
(1.06825 0.00264374 0)
(1.06322 -0.000649908 0)
(1.06519 -0.000585416 0)
(1.06416 2.3716e-05 0)
(1.06472 0.000399311 0)
(1.06469 0.00050257 0)
(1.06495 0.000500306 0)
(1.06506 0.000447585 0)
(1.06521 0.000391008 0)
(1.06532 0.000336443 0)
(1.06542 0.00028857 0)
(1.0655 0.00024574 0)
(1.06556 0.000208576 0)
(1.06562 0.00017633 0)
(1.06567 0.000147999 0)
(1.06571 0.000123361 0)
(1.06574 0.000102091 0)
(1.06576 8.35683e-05 0)
(1.06578 6.78367e-05 0)
(1.0658 5.45515e-05 0)
(1.06581 4.34222e-05 0)
(1.06582 3.42234e-05 0)
(1.06583 2.67506e-05 0)
(1.06584 2.06661e-05 0)
(1.06584 1.58194e-05 0)
(1.06585 1.19158e-05 0)
(1.06585 8.90178e-06 0)
(1.06585 6.60758e-06 0)
(1.06585 4.91354e-06 0)
(1.06585 3.6384e-06 0)
(1.06585 2.76182e-06 0)
(1.06585 2.03378e-06 0)
(1.06585 1.56643e-06 0)
(1.06585 1.18216e-06 0)
(1.06585 9.63003e-07 0)
(1.06585 8.24201e-07 0)
(1.06585 7.03112e-07 0)
(1.06585 5.85575e-07 0)
(1.06585 5.00319e-07 0)
(1.06585 4.17369e-07 0)
(1.06585 3.33268e-07 0)
(1.06585 1.52251e-07 0)
(1.06585 7.75206e-08 0)
(1.06586 -1.7049e-08 0)
(1.06586 -5.93726e-08 0)
(1.06586 -1.4057e-07 0)
(1.06586 -9.03543e-08 0)
(1.06586 -6.5626e-08 0)
(1.06586 -3.09303e-08 0)
(1.06586 3.31962e-08 0)
(1.06586 1.47281e-07 0)
(1.06586 2.33152e-07 0)
(1.06586 3.74396e-07 0)
(1.06586 4.02871e-07 0)
(1.06586 4.01853e-07 0)
(1.06586 3.06656e-07 0)
(1.06586 2.81566e-07 0)
(1.06586 1.45639e-07 0)
(1.06586 1.20794e-07 0)
(1.06586 9.301e-08 0)
(1.06586 1.19379e-07 0)
(1.06586 9.99144e-08 0)
(1.06586 1.11142e-07 0)
(1.06586 9.92113e-08 0)
(1.06586 8.94418e-08 0)
(1.06586 2.85865e-08 0)
(1.06586 2.3121e-08 0)
(1.06586 3.62737e-08 0)
(1.06586 1.04783e-07 0)
(1.06586 1.46807e-07 0)
(1.06586 2.27596e-07 0)
(1.06586 2.33739e-07 0)
(1.06586 2.69163e-07 0)
(1.06586 2.46168e-07 0)
(1.06586 2.63063e-07 0)
(1.06586 2.64562e-07 0)
(1.06586 3.21942e-07 0)
(1.06586 4.06019e-07 0)
(1.06586 5.22204e-07 0)
(1.06586 6.63197e-07 0)
(1.06586 9.14896e-07 0)
(1.06586 1.24022e-06 0)
(1.06586 1.73061e-06 0)
(1.06586 2.42867e-06 0)
(1.06586 3.46123e-06 0)
(1.06586 4.89844e-06 0)
(1.06586 6.87623e-06 0)
(1.06586 9.72209e-06 0)
(1.06587 1.35248e-05 0)
(1.06587 1.96144e-05 0)
(1.06587 2.82077e-05 0)
(1.06587 5.25969e-05 0)
(1.06589 0.000107506 0)
(1.0659 0.000344871 0)
(1.06606 0.000899445 0)
(1.06628 0.00268494 0)
(1.06766 0.00428103 0)
(0.992307 0.0501606 0)
(1.06373 0.0361393 0)
(1.05493 0.015685 0)
(1.06797 0.00241409 0)
(1.06306 -0.000581714 0)
(1.06493 -0.000544444 0)
(1.06387 1.57522e-05 0)
(1.06444 0.000358196 0)
(1.06445 0.000454905 0)
(1.06474 0.000453699 0)
(1.06489 0.000406567 0)
(1.06508 0.000355523 0)
(1.06521 0.000306338 0)
(1.06533 0.000263055 0)
(1.06544 0.000224186 0)
(1.06552 0.000190401 0)
(1.0656 0.000161127 0)
(1.06566 0.000135366 0)
(1.06571 0.000112951 0)
(1.06575 9.35617e-05 0)
(1.06578 7.66468e-05 0)
(1.06581 6.22626e-05 0)
(1.06583 5.00919e-05 0)
(1.06585 3.98979e-05 0)
(1.06586 3.14684e-05 0)
(1.06587 2.46007e-05 0)
(1.06588 1.89982e-05 0)
(1.06589 1.4532e-05 0)
(1.06589 1.09249e-05 0)
(1.0659 8.14646e-06 0)
(1.0659 6.02827e-06 0)
(1.0659 4.46213e-06 0)
(1.0659 3.28572e-06 0)
(1.0659 2.48159e-06 0)
(1.0659 1.80647e-06 0)
(1.0659 1.38423e-06 0)
(1.06591 1.03609e-06 0)
(1.06591 8.39677e-07 0)
(1.06591 7.29414e-07 0)
(1.06591 6.25901e-07 0)
(1.06591 5.17445e-07 0)
(1.06591 4.29325e-07 0)
(1.06591 3.4059e-07 0)
(1.06591 2.63218e-07 0)
(1.06591 8.17964e-08 0)
(1.06591 -7.31812e-09 0)
(1.06591 -1.07017e-07 0)
(1.06591 -1.44748e-07 0)
(1.06591 -2.21588e-07 0)
(1.06591 -1.80056e-07 0)
(1.06591 -1.48984e-07 0)
(1.06591 -1.09597e-07 0)
(1.06591 -4.80887e-08 0)
(1.06591 7.39887e-08 0)
(1.06591 1.67747e-07 0)
(1.06591 3.04429e-07 0)
(1.06591 3.32512e-07 0)
(1.06591 3.36633e-07 0)
(1.06591 2.47956e-07 0)
(1.06591 2.28106e-07 0)
(1.06591 9.57282e-08 0)
(1.06591 6.53379e-08 0)
(1.06591 3.94464e-08 0)
(1.06591 6.53501e-08 0)
(1.06591 4.29762e-08 0)
(1.06591 4.67239e-08 0)
(1.06591 3.203e-08 0)
(1.06591 2.20532e-08 0)
(1.06591 -4.03678e-08 0)
(1.06591 -5.33069e-08 0)
(1.06591 -4.23788e-08 0)
(1.06591 2.85384e-08 0)
(1.06591 7.11337e-08 0)
(1.06591 1.52844e-07 0)
(1.06591 1.6435e-07 0)
(1.06591 2.05265e-07 0)
(1.06591 1.86149e-07 0)
(1.06591 2.00382e-07 0)
(1.06591 2.00655e-07 0)
(1.06591 2.49509e-07 0)
(1.06591 3.22945e-07 0)
(1.06591 4.25434e-07 0)
(1.06591 5.4754e-07 0)
(1.06591 7.75326e-07 0)
(1.06591 1.07229e-06 0)
(1.06591 1.51902e-06 0)
(1.06591 2.15599e-06 0)
(1.06591 3.11062e-06 0)
(1.06591 4.43765e-06 0)
(1.06591 6.26239e-06 0)
(1.06592 8.89985e-06 0)
(1.06592 1.24697e-05 0)
(1.06592 1.82847e-05 0)
(1.06593 2.66258e-05 0)
(1.06594 5.00602e-05 0)
(1.06596 0.00010174 0)
(1.06598 0.000322688 0)
(1.06623 0.000833936 0)
(1.06653 0.00248308 0)
(1.06849 0.00394946 0)
(0.990751 0.0414888 0)
(1.06145 0.0309732 0)
(1.05447 0.0136595 0)
(1.06771 0.00213332 0)
(1.06291 -0.000506127 0)
(1.06468 -0.000488614 0)
(1.0636 9.25979e-06 0)
(1.06418 0.000311608 0)
(1.06421 0.00039886 0)
(1.06454 0.000398495 0)
(1.06473 0.000357582 0)
(1.06494 0.000312942 0)
(1.0651 0.000270002 0)
(1.06524 0.000232108 0)
(1.06536 0.000197922 0)
(1.06547 0.00016816 0)
(1.06555 0.000142436 0)
(1.06563 0.000119764 0)
(1.06569 0.000100031 0)
(1.06574 8.29349e-05 0)
(1.06578 6.79857e-05 0)
(1.06581 5.52651e-05 0)
(1.06584 4.44801e-05 0)
(1.06586 3.54511e-05 0)
(1.06588 2.79846e-05 0)
(1.06589 2.18857e-05 0)
(1.0659 1.68954e-05 0)
(1.06591 1.29164e-05 0)
(1.06591 9.69155e-06 0)
(1.06592 7.21769e-06 0)
(1.06592 5.33039e-06 0)
(1.06592 3.93463e-06 0)
(1.06593 2.88451e-06 0)
(1.06593 2.17914e-06 0)
(1.06593 1.57508e-06 0)
(1.06593 1.21193e-06 0)
(1.06593 9.10357e-07 0)
(1.06593 7.40781e-07 0)
(1.06593 6.59161e-07 0)
(1.06593 5.78354e-07 0)
(1.06593 4.79913e-07 0)
(1.06593 3.8908e-07 0)
(1.06593 2.91743e-07 0)
(1.06593 2.20617e-07 0)
(1.06593 4.60716e-08 0)
(1.06593 -5.2887e-08 0)
(1.06593 -1.63156e-07 0)
(1.06593 -1.95589e-07 0)
(1.06593 -2.64953e-07 0)
(1.06593 -2.29569e-07 0)
(1.06593 -1.96487e-07 0)
(1.06593 -1.50115e-07 0)
(1.06593 -8.91005e-08 0)
(1.06593 3.96839e-08 0)
(1.06593 1.37177e-07 0)
(1.06593 2.68534e-07 0)
(1.06593 2.96141e-07 0)
(1.06593 3.03953e-07 0)
(1.06593 2.2012e-07 0)
(1.06593 2.09414e-07 0)
(1.06593 8.33919e-08 0)
(1.06593 4.98581e-08 0)
(1.06593 2.27962e-08 0)
(1.06593 4.86239e-08 0)
(1.06593 2.22687e-08 0)
(1.06593 1.99717e-08 0)
(1.06593 -8.32427e-10 0)
(1.06593 -8.94695e-09 0)
(1.06593 -7.09117e-08 0)
(1.06593 -9.00121e-08 0)
(1.06593 -8.3778e-08 0)
(1.06593 -1.12955e-08 0)
(1.06593 3.31238e-08 0)
(1.06593 1.17034e-07 0)
(1.06593 1.32446e-07 0)
(1.06593 1.77584e-07 0)
(1.06593 1.61407e-07 0)
(1.06593 1.73482e-07 0)
(1.06593 1.69537e-07 0)
(1.06593 2.09202e-07 0)
(1.06593 2.69333e-07 0)
(1.06593 3.56892e-07 0)
(1.06593 4.58175e-07 0)
(1.06593 6.59081e-07 0)
(1.06593 9.21581e-07 0)
(1.06593 1.31573e-06 0)
(1.06593 1.87706e-06 0)
(1.06593 2.73275e-06 0)
(1.06594 3.91991e-06 0)
(1.06594 5.54932e-06 0)
(1.06594 7.90849e-06 0)
(1.06595 1.11358e-05 0)
(1.06595 1.64652e-05 0)
(1.06596 2.42054e-05 0)
(1.06597 4.57795e-05 0)
(1.06601 9.25776e-05 0)
(1.06604 0.000290852 0)
(1.06637 0.000746056 0)
(1.06674 0.00221566 0)
(1.06921 0.0035166 0)
(0.989533 0.0333124 0)
(1.0596 0.0255963 0)
(1.05407 0.0114349 0)
(1.06749 0.00180815 0)
(1.06278 -0.000423892 0)
(1.06447 -0.00041942 0)
(1.06337 4.47129e-06 0)
(1.06396 0.000260619 0)
(1.06401 0.000335796 0)
(1.06437 0.000336031 0)
(1.06458 0.000301832 0)
(1.06481 0.000264312 0)
(1.06499 0.000228333 0)
(1.06515 0.000196495 0)
(1.06529 0.000167599 0)
(1.06541 0.000142404 0)
(1.06551 0.000120722 0)
(1.06559 0.000101582 0)
(1.06566 8.49223e-05 0)
(1.06572 7.04723e-05 0)
(1.06576 5.77987e-05 0)
(1.0658 4.70132e-05 0)
(1.06583 3.78494e-05 0)
(1.06586 3.01823e-05 0)
(1.06588 2.38452e-05 0)
(1.06589 1.86561e-05 0)
(1.06591 1.43933e-05 0)
(1.06591 1.09946e-05 0)
(1.06592 8.2281e-06 0)
(1.06593 6.11882e-06 0)
(1.06593 4.50834e-06 0)
(1.06593 3.31976e-06 0)
(1.06594 2.42109e-06 0)
(1.06594 1.837e-06 0)
(1.06594 1.32035e-06 0)
(1.06594 1.02764e-06 0)
(1.06594 7.83082e-07 0)
(1.06594 6.46078e-07 0)
(1.06594 5.92979e-07 0)
(1.06594 5.39107e-07 0)
(1.06594 4.54612e-07 0)
(1.06594 3.63358e-07 0)
(1.06594 2.55631e-07 0)
(1.06594 1.86182e-07 0)
(1.06594 2.21589e-08 0)
(1.06594 -8.06125e-08 0)
(1.06594 -2.01725e-07 0)
(1.06594 -2.30369e-07 0)
(1.06594 -2.89404e-07 0)
(1.06594 -2.57116e-07 0)
(1.06594 -2.2547e-07 0)
(1.06594 -1.71419e-07 0)
(1.06594 -1.11579e-07 0)
(1.06594 2.25862e-08 0)
(1.06594 1.19668e-07 0)
(1.06594 2.47363e-07 0)
(1.06594 2.75892e-07 0)
(1.06594 2.86858e-07 0)
(1.06594 2.0551e-07 0)
(1.06594 2.03752e-07 0)
(1.06594 8.66563e-08 0)
(1.06594 5.28283e-08 0)
(1.06594 2.16036e-08 0)
(1.06594 4.62474e-08 0)
(1.06594 1.66624e-08 0)
(1.06594 8.50442e-09 0)
(1.06594 -1.89136e-08 0)
(1.06594 -2.58895e-08 0)
(1.06594 -8.43292e-08 0)
(1.06594 -1.08708e-07 0)
(1.06594 -1.08985e-07 0)
(1.06594 -3.51056e-08 0)
(1.06594 1.16904e-08 0)
(1.06594 9.89769e-08 0)
(1.06594 1.16604e-07 0)
(1.06594 1.65187e-07 0)
(1.06594 1.52103e-07 0)
(1.06594 1.62026e-07 0)
(1.06594 1.52822e-07 0)
(1.06594 1.823e-07 0)
(1.06594 2.27826e-07 0)
(1.06594 2.98994e-07 0)
(1.06594 3.76916e-07 0)
(1.06594 5.46692e-07 0)
(1.06594 7.68842e-07 0)
(1.06594 1.10183e-06 0)
(1.06594 1.5745e-06 0)
(1.06595 2.31283e-06 0)
(1.06595 3.33482e-06 0)
(1.06595 4.73208e-06 0)
(1.06595 6.75056e-06 0)
(1.06596 9.53421e-06 0)
(1.06597 1.41807e-05 0)
(1.06598 2.09932e-05 0)
(1.06599 3.98741e-05 0)
(1.06604 8.03092e-05 0)
(1.06608 0.000250402 0)
(1.06647 0.00063849 0)
(1.06691 0.00189166 0)
(1.06981 0.00299702 0)
(0.988608 0.0255248 0)
(1.05817 0.0200598 0)
(1.05375 0.00905235 0)
(1.06731 0.00144582 0)
(1.06268 -0.000335935 0)
(1.06429 -0.000338736 0)
(1.06318 1.41029e-06 0)
(1.06377 0.000206199 0)
(1.06384 0.000267046 0)
(1.06422 0.000267644 0)
(1.06445 0.000240539 0)
(1.0647 0.000210711 0)
(1.0649 0.000182265 0)
(1.06508 0.00015702 0)
(1.06523 0.000133913 0)
(1.06536 0.000113729 0)
(1.06546 9.64922e-05 0)
(1.06556 8.12487e-05 0)
(1.06563 6.79828e-05 0)
(1.0657 5.64714e-05 0)
(1.06575 4.63327e-05 0)
(1.06579 3.7708e-05 0)
(1.06583 3.03629e-05 0)
(1.06585 2.42194e-05 0)
(1.06588 1.9148e-05 0)
(1.06589 1.49845e-05 0)
(1.06591 1.15471e-05 0)
(1.06592 8.80747e-06 0)
(1.06592 6.56549e-06 0)
(1.06593 4.87026e-06 0)
(1.06593 3.5737e-06 0)
(1.06594 2.6219e-06 0)
(1.06594 1.89762e-06 0)
(1.06594 1.4526e-06 0)
(1.06594 1.03779e-06 0)
(1.06594 8.22762e-07 0)
(1.06595 6.44946e-07 0)
(1.06595 5.46796e-07 0)
(1.06595 5.21907e-07 0)
(1.06595 4.96513e-07 0)
(1.06595 4.31089e-07 0)
(1.06595 3.42798e-07 0)
(1.06595 2.25082e-07 0)
(1.06595 1.52355e-07 0)
(1.06595 -1.07005e-09 0)
(1.06595 -1.01045e-07 0)
(1.06595 -2.30074e-07 0)
(1.06595 -2.58226e-07 0)
(1.06595 -3.0545e-07 0)
(1.06595 -2.72939e-07 0)
(1.06595 -2.44428e-07 0)
(1.06595 -1.83947e-07 0)
(1.06595 -1.23377e-07 0)
(1.06595 1.3018e-08 0)
(1.06595 1.07154e-07 0)
(1.06595 2.30385e-07 0)
(1.06595 2.62517e-07 0)
(1.06595 2.76642e-07 0)
(1.06595 1.96728e-07 0)
(1.06595 2.02598e-07 0)
(1.06595 9.76067e-08 0)
(1.06595 6.46296e-08 0)
(1.06595 2.84359e-08 0)
(1.06595 4.94942e-08 0)
(1.06595 1.75507e-08 0)
(1.06595 3.69029e-09 0)
(1.06595 -2.96396e-08 0)
(1.06595 -3.74517e-08 0)
(1.06595 -9.08212e-08 0)
(1.06595 -1.17895e-07 0)
(1.06595 -1.25098e-07 0)
(1.06595 -5.1508e-08 0)
(1.06595 -2.72309e-09 0)
(1.06595 8.80489e-08 0)
(1.06595 1.08253e-07 0)
(1.06595 1.59213e-07 0)
(1.06595 1.49469e-07 0)
(1.06595 1.57556e-07 0)
(1.06595 1.42501e-07 0)
(1.06595 1.5975e-07 0)
(1.06595 1.89502e-07 0)
(1.06595 2.425e-07 0)
(1.06595 2.95209e-07 0)
(1.06595 4.29638e-07 0)
(1.06595 6.06719e-07 0)
(1.06595 8.71478e-07 0)
(1.06595 1.24542e-06 0)
(1.06595 1.85044e-06 0)
(1.06595 2.68608e-06 0)
(1.06596 3.81973e-06 0)
(1.06596 5.44384e-06 0)
(1.06597 7.69502e-06 0)
(1.06598 1.14835e-05 0)
(1.06599 1.7079e-05 0)
(1.06601 3.25397e-05 0)
(1.06606 6.53443e-05 0)
(1.06611 0.000202606 0)
(1.06656 0.000514307 0)
(1.06704 0.00152066 0)
(1.07029 0.00240584 0)
(0.987942 0.0180294 0)
(1.05711 0.0144068 0)
(1.05351 0.00654971 0)
(1.06717 0.00105405 0)
(1.0626 -0.000243343 0)
(1.06416 -0.000248758 0)
(1.06303 -8.48798e-08 0)
(1.06363 0.000149223 0)
(1.06371 0.000193919 0)
(1.06411 0.000194667 0)
(1.06435 0.000174938 0)
(1.06462 0.000153236 0)
(1.06483 0.000132757 0)
(1.06502 0.000114518 0)
(1.06518 9.75888e-05 0)
(1.06532 8.27606e-05 0)
(1.06543 7.02812e-05 0)
(1.06553 5.92202e-05 0)
(1.06561 4.95989e-05 0)
(1.06568 4.12545e-05 0)
(1.06574 3.38557e-05 0)
(1.06578 2.75704e-05 0)
(1.06582 2.2202e-05 0)
(1.06585 1.77077e-05 0)
(1.06587 1.40056e-05 0)
(1.06589 1.09582e-05 0)
(1.06591 8.42455e-06 0)
(1.06592 6.40793e-06 0)
(1.06593 4.74427e-06 0)
(1.06593 3.5014e-06 0)
(1.06594 2.54726e-06 0)
(1.06594 1.85468e-06 0)
(1.06594 1.32426e-06 0)
(1.06594 1.03104e-06 0)
(1.06595 7.30354e-07 0)
(1.06595 5.97252e-07 0)
(1.06595 4.94135e-07 0)
(1.06595 4.41261e-07 0)
(1.06595 4.44189e-07 0)
(1.06595 4.45905e-07 0)
(1.06595 4.03902e-07 0)
(1.06595 3.22513e-07 0)
(1.06595 1.97094e-07 0)
(1.06595 1.1658e-07 0)
(1.06595 -2.7927e-08 0)
(1.06595 -1.20081e-07 0)
(1.06595 -2.51641e-07 0)
(1.06595 -2.82618e-07 0)
(1.06595 -3.18153e-07 0)
(1.06595 -2.82875e-07 0)
(1.06595 -2.56826e-07 0)
(1.06595 -1.92309e-07 0)
(1.06595 -1.28443e-07 0)
(1.06595 7.5721e-09 0)
(1.06595 9.65806e-08 0)
(1.06595 2.12562e-07 0)
(1.06595 2.50225e-07 0)
(1.06595 2.68324e-07 0)
(1.06595 1.90982e-07 0)
(1.06595 2.02039e-07 0)
(1.06595 1.12691e-07 0)
(1.06595 8.19835e-08 0)
(1.06595 4.0051e-08 0)
(1.06595 5.40186e-08 0)
(1.06595 2.0508e-08 0)
(1.06595 1.29127e-09 0)
(1.06595 -3.59616e-08 0)
(1.06595 -4.68046e-08 0)
(1.06595 -9.48604e-08 0)
(1.06595 -1.22088e-07 0)
(1.06595 -1.35066e-07 0)
(1.06595 -6.41432e-08 0)
(1.06595 -1.31812e-08 0)
(1.06595 7.96511e-08 0)
(1.06595 1.03264e-07 0)
(1.06595 1.55169e-07 0)
(1.06595 1.48889e-07 0)
(1.06595 1.55361e-07 0)
(1.06595 1.34502e-07 0)
(1.06595 1.37069e-07 0)
(1.06595 1.50005e-07 0)
(1.06595 1.836e-07 0)
(1.06595 2.10517e-07 0)
(1.06595 3.05862e-07 0)
(1.06595 4.34099e-07 0)
(1.06595 6.25244e-07 0)
(1.06595 8.93264e-07 0)
(1.06596 1.3519e-06 0)
(1.06596 1.98378e-06 0)
(1.06596 2.82822e-06 0)
(1.06597 4.01455e-06 0)
(1.06597 5.66049e-06 0)
(1.06598 8.44619e-06 0)
(1.066 1.25859e-05 0)
(1.06601 2.40334e-05 0)
(1.06608 4.81869e-05 0)
(1.06614 0.000148914 0)
(1.06662 0.000376885 0)
(1.06714 0.00111271 0)
(1.07065 0.00175862 0)
(0.98751 0.0107374 0)
(1.05642 0.00867449 0)
(1.05335 0.00396284 0)
(1.06708 0.000640953 0)
(1.06255 -0.000147335 0)
(1.06407 -0.000151939 0)
(1.06293 -3.32934e-07 0)
(1.06353 9.04883e-05 0)
(1.06363 0.000117696 0)
(1.06403 0.000118427 0)
(1.06429 0.000106264 0)
(1.06456 9.29919e-05 0)
(1.06478 8.07875e-05 0)
(1.06498 6.98434e-05 0)
(1.06514 5.93702e-05 0)
(1.06529 5.01459e-05 0)
(1.06541 4.26438e-05 0)
(1.06551 3.59691e-05 0)
(1.0656 3.01725e-05 0)
(1.06567 2.51589e-05 0)
(1.06573 2.06487e-05 0)
(1.06577 1.68319e-05 0)
(1.06581 1.35551e-05 0)
(1.06584 1.08006e-05 0)
(1.06587 8.53894e-06 0)
(1.06589 6.67284e-06 0)
(1.0659 5.10124e-06 0)
(1.06592 3.85505e-06 0)
(1.06592 2.80877e-06 0)
(1.06593 2.04532e-06 0)
(1.06594 1.45376e-06 0)
(1.06594 1.0366e-06 0)
(1.06594 7.14651e-07 0)
(1.06595 5.81255e-07 0)
(1.06595 4.04405e-07 0)
(1.06595 3.56112e-07 0)
(1.06595 3.32571e-07 0)
(1.06595 3.30982e-07 0)
(1.06595 3.61462e-07 0)
(1.06595 3.87257e-07 0)
(1.06595 3.70467e-07 0)
(1.06595 2.99335e-07 0)
(1.06595 1.69789e-07 0)
(1.06595 7.95237e-08 0)
(1.06595 -5.85944e-08 0)
(1.06595 -1.40507e-07 0)
(1.06595 -2.68164e-07 0)
(1.06595 -3.03249e-07 0)
(1.06595 -3.28843e-07 0)
(1.06595 -2.89165e-07 0)
(1.06595 -2.63584e-07 0)
(1.06595 -1.97339e-07 0)
(1.06595 -1.28337e-07 0)
(1.06595 5.21195e-09 0)
(1.06595 8.72799e-08 0)
(1.06595 1.92556e-07 0)
(1.06595 2.35997e-07 0)
(1.06595 2.59334e-07 0)
(1.06595 1.87077e-07 0)
(1.06595 2.01135e-07 0)
(1.06595 1.2916e-07 0)
(1.06595 1.02099e-07 0)
(1.06595 5.4157e-08 0)
(1.06595 5.77174e-08 0)
(1.06595 2.28426e-08 0)
(1.06595 -7.76806e-10 0)
(1.06595 -3.9464e-08 0)
(1.06595 -5.47853e-08 0)
(1.06595 -9.83843e-08 0)
(1.06595 -1.23806e-07 0)
(1.06595 -1.40423e-07 0)
(1.06595 -7.40781e-08 0)
(1.06595 -2.10651e-08 0)
(1.06595 7.22128e-08 0)
(1.06595 9.97672e-08 0)
(1.06595 1.51737e-07 0)
(1.06595 1.48527e-07 0)
(1.06595 1.53406e-07 0)
(1.06595 1.26834e-07 0)
(1.06595 1.12716e-07 0)
(1.06595 1.07655e-07 0)
(1.06595 1.21345e-07 0)
(1.06595 1.22934e-07 0)
(1.06595 1.76305e-07 0)
(1.06595 2.52269e-07 0)
(1.06595 3.66333e-07 0)
(1.06595 5.23882e-07 0)
(1.06596 8.26396e-07 0)
(1.06596 1.24097e-06 0)
(1.06596 1.77707e-06 0)
(1.06597 2.49385e-06 0)
(1.06598 3.48098e-06 0)
(1.06598 5.15611e-06 0)
(1.066 7.66246e-06 0)
(1.06602 1.46587e-05 0)
(1.06609 2.94135e-05 0)
(1.06615 9.09132e-05 0)
(1.06666 0.000229839 0)
(1.06721 0.000678155 0)
(1.0709 0.00107117 0)
(0.987298 0.00356552 0)
(1.05608 0.00289614 0)
(1.05327 0.00132601 0)
(1.06704 0.000214946 0)
(1.06252 -4.92292e-05 0)
(1.06403 -5.093e-05 0)
(1.06289 2.23327e-07 0)
(1.06349 3.07284e-05 0)
(1.06358 3.96319e-05 0)
(1.064 4.02377e-05 0)
(1.06425 3.57535e-05 0)
(1.06454 3.10873e-05 0)
(1.06476 2.73385e-05 0)
(1.06496 2.3858e-05 0)
(1.06513 2.00087e-05 0)
(1.06527 1.65406e-05 0)
(1.0654 1.41452e-05 0)
(1.0655 1.19781e-05 0)
(1.06559 1.01147e-05 0)
(1.06566 8.5303e-06 0)
(1.06572 6.99956e-06 0)
(1.06577 5.72922e-06 0)
(1.06581 4.61266e-06 0)
(1.06584 3.65421e-06 0)
(1.06587 2.87357e-06 0)
(1.06589 2.22877e-06 0)
(1.0659 1.65594e-06 0)
(1.06592 1.21035e-06 0)
(1.06592 8.04063e-07 0)
(1.06593 5.36039e-07 0)
(1.06594 3.18964e-07 0)
(1.06594 1.88151e-07 0)
(1.06594 8.3654e-08 0)
(1.06595 1.14149e-07 0)
(1.06595 6.77739e-08 0)
(1.06595 1.06794e-07 0)
(1.06595 1.63834e-07 0)
(1.06595 2.18186e-07 0)
(1.06595 2.76415e-07 0)
(1.06595 3.22913e-07 0)
(1.06595 3.29909e-07 0)
(1.06595 2.71155e-07 0)
(1.06595 1.41442e-07 0)
(1.06595 4.28046e-08 0)
(1.06595 -9.14445e-08 0)
(1.06595 -1.62924e-07 0)
(1.06595 -2.81037e-07 0)
(1.06595 -3.18677e-07 0)
(1.06595 -3.3707e-07 0)
(1.06595 -2.92355e-07 0)
(1.06595 -2.64673e-07 0)
(1.06595 -1.98094e-07 0)
(1.06595 -1.23882e-07 0)
(1.06595 5.81398e-09 0)
(1.06595 7.91162e-08 0)
(1.06595 1.71212e-07 0)
(1.06595 2.18368e-07 0)
(1.06595 2.4852e-07 0)
(1.06595 1.84372e-07 0)
(1.06595 2.00143e-07 0)
(1.06595 1.44717e-07 0)
(1.06595 1.22607e-07 0)
(1.06595 6.87964e-08 0)
(1.06595 5.98487e-08 0)
(1.06595 2.29641e-08 0)
(1.06595 -3.71247e-09 0)
(1.06595 -4.14554e-08 0)
(1.06595 -6.13228e-08 0)
(1.06595 -1.02258e-07 0)
(1.06595 -1.24493e-07 0)
(1.06595 -1.42287e-07 0)
(1.06595 -8.11977e-08 0)
(1.06595 -2.71834e-08 0)
(1.06595 6.52751e-08 0)
(1.06595 9.70604e-08 0)
(1.06595 1.48962e-07 0)
(1.06595 1.47706e-07 0)
(1.06595 1.50681e-07 0)
(1.06595 1.1823e-07 0)
(1.06595 8.65455e-08 0)
(1.06595 6.22523e-08 0)
(1.06595 5.61241e-08 0)
(1.06595 3.34469e-08 0)
(1.06595 4.3253e-08 0)
(1.06595 6.3603e-08 0)
(1.06595 9.90177e-08 0)
(1.06596 1.44037e-07 0)
(1.06596 2.84377e-07 0)
(1.06596 4.72155e-07 0)
(1.06596 6.87796e-07 0)
(1.06597 9.16016e-07 0)
(1.06598 1.21218e-06 0)
(1.06599 1.71069e-06 0)
(1.066 2.47472e-06 0)
(1.06602 4.75168e-06 0)
(1.06609 9.65192e-06 0)
(1.06616 3.02914e-05 0)
(1.06669 7.69536e-05 0)
(1.06725 0.000227551 0)
(1.07102 0.000359515 0)
(0.987298 -0.00356671 0)
(1.05608 -0.0028973 0)
(1.05327 -0.00132734 0)
(1.06704 -0.000215378 0)
(1.06252 4.95868e-05 0)
(1.06403 5.14925e-05 0)
(1.06289 1.05821e-06 0)
(1.06349 -2.93696e-05 0)
(1.06358 -3.90435e-05 0)
(1.064 -3.85993e-05 0)
(1.06425 -3.53659e-05 0)
(1.06454 -3.13725e-05 0)
(1.06476 -2.66071e-05 0)
(1.06496 -2.25709e-05 0)
(1.06513 -1.97399e-05 0)
(1.06527 -1.73943e-05 0)
(1.0654 -1.46432e-05 0)
(1.0655 -1.22639e-05 0)
(1.06559 -1.01568e-05 0)
(1.06566 -8.28e-06 0)
(1.06572 -6.7994e-06 0)
(1.06577 -5.4979e-06 0)
(1.06581 -4.43392e-06 0)
(1.06584 -3.57503e-06 0)
(1.06587 -2.8615e-06 0)
(1.06589 -2.27098e-06 0)
(1.0659 -1.83141e-06 0)
(1.06592 -1.46412e-06 0)
(1.06592 -1.22422e-06 0)
(1.06593 -9.92096e-07 0)
(1.06594 -8.31043e-07 0)
(1.06594 -6.69946e-07 0)
(1.06594 -5.5335e-07 0)
(1.06595 -3.58356e-07 0)
(1.06595 -2.7115e-07 0)
(1.06595 -1.42796e-07 0)
(1.06595 -7.76538e-09 0)
(1.06595 1.04868e-07 0)
(1.06595 1.91743e-07 0)
(1.06595 2.55962e-07 0)
(1.06595 2.82682e-07 0)
(1.06595 2.36825e-07 0)
(1.06595 1.10588e-07 0)
(1.06595 7.97422e-09 0)
(1.06595 -1.24175e-07 0)
(1.06595 -1.86465e-07 0)
(1.06595 -2.91813e-07 0)
(1.06595 -3.28175e-07 0)
(1.06595 -3.41956e-07 0)
(1.06595 -2.92598e-07 0)
(1.06595 -2.6036e-07 0)
(1.06595 -1.93667e-07 0)
(1.06595 -1.1582e-07 0)
(1.06595 9.1368e-09 0)
(1.06595 7.20113e-08 0)
(1.06595 1.4995e-07 0)
(1.06595 1.97275e-07 0)
(1.06595 2.35415e-07 0)
(1.06595 1.82112e-07 0)
(1.06595 1.99574e-07 0)
(1.06595 1.57729e-07 0)
(1.06595 1.41326e-07 0)
(1.06595 8.24561e-08 0)
(1.06595 6.04296e-08 0)
(1.06595 2.02086e-08 0)
(1.06595 -8.27547e-09 0)
(1.06595 -4.33546e-08 0)
(1.06595 -6.64091e-08 0)
(1.06595 -1.06682e-07 0)
(1.06595 -1.24807e-07 0)
(1.06595 -1.41761e-07 0)
(1.06595 -8.53385e-08 0)
(1.06595 -3.20239e-08 0)
(1.06595 5.86071e-08 0)
(1.06595 9.48761e-08 0)
(1.06595 1.47218e-07 0)
(1.06595 1.46259e-07 0)
(1.06595 1.46622e-07 0)
(1.06595 1.07817e-07 0)
(1.06595 5.89624e-08 0)
(1.06595 1.4579e-08 0)
(1.06595 -1.09168e-08 0)
(1.06595 -5.66104e-08 0)
(1.06595 -9.04514e-08 0)
(1.06595 -1.28572e-07 0)
(1.06595 -1.71831e-07 0)
(1.06596 -2.38968e-07 0)
(1.06596 -2.63133e-07 0)
(1.06596 -3.07116e-07 0)
(1.06596 -4.16742e-07 0)
(1.06597 -6.82607e-07 0)
(1.06598 -1.08703e-06 0)
(1.06599 -1.78659e-06 0)
(1.066 -2.80067e-06 0)
(1.06602 -5.33202e-06 0)
(1.06609 -1.04393e-05 0)
(1.06616 -3.12078e-05 0)
(1.06669 -7.78867e-05 0)
(1.06725 -0.000228413 0)
(1.07102 -0.000360217 0)
(0.98751 -0.0107386 0)
(1.05642 -0.00867562 0)
(1.05335 -0.00396414 0)
(1.06708 -0.00064137 0)
(1.06255 0.000147699 0)
(1.06407 0.000152505 0)
(1.06293 1.61013e-06 0)
(1.06353 -8.91375e-05 0)
(1.06363 -0.000117109 0)
(1.06403 -0.000116792 0)
(1.06429 -0.000105871 0)
(1.06456 -9.32829e-05 0)
(1.06478 -8.00675e-05 0)
(1.06498 -6.85742e-05 0)
(1.06514 -5.9116e-05 0)
(1.06529 -5.09953e-05 0)
(1.06541 -4.31459e-05 0)
(1.06551 -3.62629e-05 0)
(1.0656 -3.02191e-05 0)
(1.06567 -2.49158e-05 0)
(1.06573 -2.04524e-05 0)
(1.06577 -1.66062e-05 0)
(1.06581 -1.33887e-05 0)
(1.06584 -1.07288e-05 0)
(1.06587 -8.53435e-06 0)
(1.06589 -6.72084e-06 0)
(1.0659 -5.27964e-06 0)
(1.06592 -4.10582e-06 0)
(1.06593 -3.22869e-06 0)
(1.06593 -2.50355e-06 0)
(1.06594 -1.9692e-06 0)
(1.06594 -1.51708e-06 0)
(1.06594 -1.18051e-06 0)
(1.06595 -8.23822e-07 0)
(1.06595 -6.03896e-07 0)
(1.06595 -3.85611e-07 0)
(1.06595 -1.77673e-07 0)
(1.06595 -7.46024e-09 0)
(1.06595 1.0951e-07 0)
(1.06595 1.89004e-07 0)
(1.06595 2.30275e-07 0)
(1.06595 1.96267e-07 0)
(1.06595 7.66008e-08 0)
(1.06595 -2.42749e-08 0)
(1.06595 -1.54542e-07 0)
(1.06595 -2.09749e-07 0)
(1.06595 -3.01912e-07 0)
(1.06595 -3.32532e-07 0)
(1.06595 -3.42968e-07 0)
(1.06595 -2.90187e-07 0)
(1.06595 -2.51539e-07 0)
(1.06595 -1.84316e-07 0)
(1.06595 -1.05328e-07 0)
(1.06595 1.40744e-08 0)
(1.06595 6.54464e-08 0)
(1.06595 1.29502e-07 0)
(1.06595 1.73578e-07 0)
(1.06595 2.19793e-07 0)
(1.06595 1.79356e-07 0)
(1.06595 1.99342e-07 0)
(1.06595 1.67489e-07 0)
(1.06595 1.56702e-07 0)
(1.06595 9.42877e-08 0)
(1.06595 5.97544e-08 0)
(1.06595 1.47343e-08 0)
(1.06595 -1.4955e-08 0)
(1.06595 -4.648e-08 0)
(1.06595 -7.05146e-08 0)
(1.06595 -1.11353e-07 0)
(1.06595 -1.24962e-07 0)
(1.06595 -1.39854e-07 0)
(1.06595 -8.69896e-08 0)
(1.06595 -3.58361e-08 0)
(1.06595 5.18271e-08 0)
(1.06595 9.27349e-08 0)
(1.06595 1.46358e-07 0)
(1.06595 1.44081e-07 0)
(1.06595 1.40622e-07 0)
(1.06595 9.497e-08 0)
(1.06595 3.04074e-08 0)
(1.06595 -3.3941e-08 0)
(1.06595 -7.81582e-08 0)
(1.06595 -1.45625e-07 0)
(1.06595 -2.21863e-07 0)
(1.06595 -3.19979e-07 0)
(1.06595 -4.40874e-07 0)
(1.06596 -6.17446e-07 0)
(1.06596 -8.04776e-07 0)
(1.06596 -1.0805e-06 0)
(1.06596 -1.51284e-06 0)
(1.06597 -2.26458e-06 0)
(1.06598 -3.35665e-06 0)
(1.06598 -5.23031e-06 0)
(1.066 -7.98369e-06 0)
(1.06602 -1.52307e-05 0)
(1.06609 -3.01918e-05 0)
(1.06615 -9.18208e-05 0)
(1.06666 -0.000230763 0)
(1.06721 -0.000679009 0)
(1.0709 -0.00107186 0)
(0.987941 -0.0180305 0)
(1.05711 -0.0144079 0)
(1.05351 -0.00655097 0)
(1.06717 -0.00105445 0)
(1.0626 0.000243712 0)
(1.06416 0.00024932 0)
(1.06303 1.34226e-06 0)
(1.06363 -0.000147895 0)
(1.06371 -0.000193337 0)
(1.06411 -0.000193048 0)
(1.06435 -0.000174537 0)
(1.06462 -0.000153537 0)
(1.06483 -0.000132059 0)
(1.06502 -0.000113282 0)
(1.06518 -9.73577e-05 0)
(1.06532 -8.35979e-05 0)
(1.06543 -7.07855e-05 0)
(1.06553 -5.95231e-05 0)
(1.06561 -4.96477e-05 0)
(1.06568 -4.1018e-05 0)
(1.06574 -3.36611e-05 0)
(1.06578 -2.73495e-05 0)
(1.06582 -2.20503e-05 0)
(1.06585 -1.7645e-05 0)
(1.06587 -1.4011e-05 0)
(1.06589 -1.10133e-05 0)
(1.06591 -8.60588e-06 0)
(1.06592 -6.65154e-06 0)
(1.06593 -5.15973e-06 0)
(1.06593 -3.96095e-06 0)
(1.06594 -3.06683e-06 0)
(1.06594 -2.33257e-06 0)
(1.06594 -1.7818e-06 0)
(1.06594 -1.26991e-06 0)
(1.06595 -9.22307e-07 0)
(1.06595 -6.15999e-07 0)
(1.06595 -3.41469e-07 0)
(1.06595 -1.17662e-07 0)
(1.06595 3.0737e-08 0)
(1.06595 1.23518e-07 0)
(1.06595 1.74516e-07 0)
(1.06595 1.50335e-07 0)
(1.06595 3.96901e-08 0)
(1.06595 -5.4279e-08 0)
(1.06595 -1.81174e-07 0)
(1.06595 -2.31725e-07 0)
(1.06595 -3.12266e-07 0)
(1.06595 -3.33776e-07 0)
(1.06595 -3.40291e-07 0)
(1.06595 -2.85798e-07 0)
(1.06595 -2.39618e-07 0)
(1.06595 -1.71684e-07 0)
(1.06595 -9.4144e-08 0)
(1.06595 1.85182e-08 0)
(1.06595 5.83876e-08 0)
(1.06595 1.09474e-07 0)
(1.06595 1.48215e-07 0)
(1.06595 2.01211e-07 0)
(1.06595 1.74932e-07 0)
(1.06595 1.98532e-07 0)
(1.06595 1.73977e-07 0)
(1.06595 1.67817e-07 0)
(1.06595 1.03923e-07 0)
(1.06595 5.80026e-08 0)
(1.06595 7.2094e-09 0)
(1.06595 -2.39534e-08 0)
(1.06595 -5.17976e-08 0)
(1.06595 -7.46896e-08 0)
(1.06595 -1.15806e-07 0)
(1.06595 -1.25071e-07 0)
(1.06595 -1.37319e-07 0)
(1.06595 -8.73542e-08 0)
(1.06595 -3.8965e-08 0)
(1.06595 4.44188e-08 0)
(1.06595 8.97113e-08 0)
(1.06595 1.45361e-07 0)
(1.06595 1.40951e-07 0)
(1.06595 1.31976e-07 0)
(1.06595 7.93697e-08 0)
(1.06595 1.23659e-09 0)
(1.06595 -8.16969e-08 0)
(1.06595 -1.43872e-07 0)
(1.06595 -2.31802e-07 0)
(1.06595 -3.48273e-07 0)
(1.06595 -5.05818e-07 0)
(1.06595 -7.02502e-07 0)
(1.06595 -9.83662e-07 0)
(1.06596 -1.32919e-06 0)
(1.06596 -1.83126e-06 0)
(1.06596 -2.57657e-06 0)
(1.06597 -3.79261e-06 0)
(1.06597 -5.53761e-06 0)
(1.06598 -8.51718e-06 0)
(1.066 -1.28979e-05 0)
(1.06601 -2.45898e-05 0)
(1.06608 -4.89476e-05 0)
(1.06614 -0.000149804 0)
(1.06662 -0.00037779 0)
(1.06714 -0.00111355 0)
(1.07065 -0.0017593 0)
(0.988608 -0.0255258 0)
(1.05817 -0.0200608 0)
(1.05375 -0.00905356 0)
(1.06731 -0.00144621 0)
(1.06268 0.000336293 0)
(1.06429 0.000339273 0)
(1.06318 -1.98274e-07 0)
(1.06377 -0.00020492 0)
(1.06384 -0.000266482 0)
(1.06422 -0.00026606 0)
(1.06445 -0.000240139 0)
(1.0647 -0.000211027 0)
(1.0649 -0.000181598 0)
(1.06508 -0.000155826 0)
(1.06523 -0.000133704 0)
(1.06536 -0.000114542 0)
(1.06546 -9.69887e-05 0)
(1.06556 -8.15517e-05 0)
(1.06563 -6.8023e-05 0)
(1.0657 -5.62308e-05 0)
(1.06575 -4.61294e-05 0)
(1.06579 -3.74833e-05 0)
(1.06583 -3.02152e-05 0)
(1.06585 -2.416e-05 0)
(1.06588 -1.91587e-05 0)
(1.06589 -1.50417e-05 0)
(1.06591 -1.1727e-05 0)
(1.06592 -9.03853e-06 0)
(1.06592 -6.96731e-06 0)
(1.06593 -5.32601e-06 0)
(1.06593 -4.09434e-06 0)
(1.06594 -3.09586e-06 0)
(1.06594 -2.34195e-06 0)
(1.06594 -1.68531e-06 0)
(1.06594 -1.21903e-06 0)
(1.06594 -8.29676e-07 0)
(1.06595 -4.95276e-07 0)
(1.06595 -2.24837e-07 0)
(1.06595 -4.47629e-08 0)
(1.06595 5.93913e-08 0)
(1.06595 1.16903e-07 0)
(1.06595 1.00255e-07 0)
(1.06595 6.4786e-10 0)
(1.06595 -8.34832e-08 0)
(1.06595 -2.042e-07 0)
(1.06595 -2.52254e-07 0)
(1.06595 -3.23442e-07 0)
(1.06595 -3.34494e-07 0)
(1.06595 -3.35018e-07 0)
(1.06595 -2.80591e-07 0)
(1.06595 -2.26494e-07 0)
(1.06595 -1.58662e-07 0)
(1.06595 -8.44826e-08 0)
(1.06595 1.98255e-08 0)
(1.06595 4.95127e-08 0)
(1.06595 8.87071e-08 0)
(1.06595 1.21683e-07 0)
(1.06595 1.79006e-07 0)
(1.06595 1.67213e-07 0)
(1.06595 1.95339e-07 0)
(1.06595 1.77064e-07 0)
(1.06595 1.73855e-07 0)
(1.06595 1.10744e-07 0)
(1.06595 5.46443e-08 0)
(1.06595 -2.08077e-09 0)
(1.06595 -3.55294e-08 0)
(1.06595 -5.99365e-08 0)
(1.06595 -8.04698e-08 0)
(1.06595 -1.20115e-07 0)
(1.06595 -1.25718e-07 0)
(1.06595 -1.34958e-07 0)
(1.06595 -8.81513e-08 0)
(1.06595 -4.23059e-08 0)
(1.06595 3.56525e-08 0)
(1.06595 8.45827e-08 0)
(1.06595 1.42342e-07 0)
(1.06595 1.36082e-07 0)
(1.06595 1.1984e-07 0)
(1.06595 6.05802e-08 0)
(1.06595 -2.87784e-08 0)
(1.06595 -1.27535e-07 0)
(1.06595 -2.06762e-07 0)
(1.06595 -3.13774e-07 0)
(1.06595 -4.67621e-07 0)
(1.06595 -6.81635e-07 0)
(1.06595 -9.51306e-07 0)
(1.06595 -1.3305e-06 0)
(1.06595 -1.82569e-06 0)
(1.06595 -2.54317e-06 0)
(1.06596 -3.58483e-06 0)
(1.06596 -5.23112e-06 0)
(1.06597 -7.57391e-06 0)
(1.06598 -1.155e-05 0)
(1.06599 -1.73774e-05 0)
(1.06601 -3.30742e-05 0)
(1.06606 -6.60801e-05 0)
(1.06611 -0.00020347 0)
(1.06656 -0.000515186 0)
(1.06704 -0.00152148 0)
(1.07029 -0.00240651 0)
(0.989533 -0.0333134 0)
(1.0596 -0.0255973 0)
(1.05407 -0.0114361 0)
(1.06749 -0.00180854 0)
(1.06278 0.000424216 0)
(1.06447 0.000419902 0)
(1.06337 -3.33331e-06 0)
(1.06396 -0.000259418 0)
(1.06401 -0.000335266 0)
(1.06437 -0.00033451 0)
(1.06458 -0.000301441 0)
(1.06481 -0.000264641 0)
(1.06499 -0.000227705 0)
(1.06515 -0.000195348 0)
(1.06529 -0.000167405 0)
(1.06541 -0.00014318 0)
(1.06551 -0.000121196 0)
(1.06559 -0.00010187 0)
(1.06566 -8.49412e-05 0)
(1.06572 -7.02123e-05 0)
(1.06576 -5.75722e-05 0)
(1.0658 -4.67726e-05 0)
(1.06583 -3.76878e-05 0)
(1.06586 -3.01149e-05 0)
(1.06588 -2.38523e-05 0)
(1.06589 -1.87063e-05 0)
(1.06591 -1.45641e-05 0)
(1.06591 -1.12079e-05 0)
(1.06592 -8.60548e-06 0)
(1.06593 -6.56288e-06 0)
(1.06593 -5.02401e-06 0)
(1.06593 -3.78791e-06 0)
(1.06594 -2.84806e-06 0)
(1.06594 -2.06096e-06 0)
(1.06594 -1.48833e-06 0)
(1.06594 -1.02382e-06 0)
(1.06594 -6.36537e-07 0)
(1.06594 -3.28521e-07 0)
(1.06594 -1.18829e-07 0)
(1.06594 -4.31527e-09 0)
(1.06594 5.76453e-08 0)
(1.06594 4.73842e-08 0)
(1.06594 -4.10646e-08 0)
(1.06594 -1.14757e-07 0)
(1.06594 -2.26138e-07 0)
(1.06594 -2.72769e-07 0)
(1.06594 -3.36604e-07 0)
(1.06594 -3.37745e-07 0)
(1.06594 -3.29866e-07 0)
(1.06594 -2.76886e-07 0)
(1.06594 -2.14896e-07 0)
(1.06594 -1.48724e-07 0)
(1.06594 -7.92431e-08 0)
(1.06594 1.54017e-08 0)
(1.06594 3.66958e-08 0)
(1.06594 6.49725e-08 0)
(1.06594 9.3157e-08 0)
(1.06594 1.52075e-07 0)
(1.06594 1.54113e-07 0)
(1.06594 1.86999e-07 0)
(1.06594 1.75191e-07 0)
(1.06594 1.72865e-07 0)
(1.06594 1.12483e-07 0)
(1.06594 4.76495e-08 0)
(1.06594 -1.4403e-08 0)
(1.06594 -5.05961e-08 0)
(1.06594 -7.20437e-08 0)
(1.06594 -9.01106e-08 0)
(1.06594 -1.25813e-07 0)
(1.06594 -1.28258e-07 0)
(1.06594 -1.34224e-07 0)
(1.06594 -9.18778e-08 0)
(1.06594 -4.79262e-08 0)
(1.06594 2.38523e-08 0)
(1.06594 7.51835e-08 0)
(1.06594 1.3452e-07 0)
(1.06594 1.27584e-07 0)
(1.06594 1.02613e-07 0)
(1.06594 3.78358e-08 0)
(1.06594 -6.11068e-08 0)
(1.06594 -1.72005e-07 0)
(1.06594 -2.66894e-07 0)
(1.06594 -3.91584e-07 0)
(1.06594 -5.79364e-07 0)
(1.06594 -8.447e-07 0)
(1.06594 -1.18303e-06 0)
(1.06595 -1.65241e-06 0)
(1.06595 -2.28541e-06 0)
(1.06595 -3.20196e-06 0)
(1.06595 -4.5167e-06 0)
(1.06596 -6.54806e-06 0)
(1.06596 -9.41497e-06 0)
(1.06597 -1.42419e-05 0)
(1.06598 -2.1274e-05 0)
(1.06599 -4.03818e-05 0)
(1.06604 -8.10142e-05 0)
(1.06608 -0.000251232 0)
(1.06647 -0.000639334 0)
(1.06691 -0.00189244 0)
(1.06981 -0.00299766 0)
(0.990751 -0.0414897 0)
(1.06145 -0.0309741 0)
(1.05447 -0.0136606 0)
(1.06771 -0.00213372 0)
(1.06291 0.000506398 0)
(1.06468 0.000489015 0)
(1.0636 -8.21644e-06 0)
(1.06418 -0.000310506 0)
(1.06421 -0.00039838 0)
(1.06454 -0.000397061 0)
(1.06473 -0.000357212 0)
(1.06494 -0.000313282 0)
(1.0651 -0.000269418 0)
(1.06524 -0.000231014 0)
(1.06536 -0.000197735 0)
(1.06547 -0.000168891 0)
(1.06555 -0.000142876 0)
(1.06563 -0.000120025 0)
(1.06569 -0.000100024 0)
(1.06574 -8.26456e-05 0)
(1.06578 -6.77262e-05 0)
(1.06581 -5.50018e-05 0)
(1.06584 -4.42915e-05 0)
(1.06586 -3.53662e-05 0)
(1.06588 -2.79817e-05 0)
(1.06589 -2.19217e-05 0)
(1.0659 -1.70497e-05 0)
(1.06591 -1.31093e-05 0)
(1.06591 -1.00375e-05 0)
(1.06592 -7.64279e-06 0)
(1.06592 -5.83399e-06 0)
(1.06592 -4.39385e-06 0)
(1.06593 -3.29189e-06 0)
(1.06593 -2.39204e-06 0)
(1.06593 -1.72791e-06 0)
(1.06593 -1.19845e-06 0)
(1.06593 -7.66004e-07 0)
(1.06593 -4.30405e-07 0)
(1.06593 -1.9577e-07 0)
(1.06593 -7.18558e-08 0)
(1.06593 -4.71585e-09 0)
(1.06593 -9.91124e-09 0)
(1.06593 -8.79999e-08 0)
(1.06593 -1.52383e-07 0)
(1.06593 -2.52551e-07 0)
(1.06593 -2.97583e-07 0)
(1.06593 -3.55043e-07 0)
(1.06593 -3.47854e-07 0)
(1.06593 -3.29875e-07 0)
(1.06593 -2.79304e-07 0)
(1.06593 -2.09958e-07 0)
(1.06593 -1.46689e-07 0)
(1.06593 -8.2048e-08 0)
(1.06593 1.96478e-09 0)
(1.06593 1.60106e-08 0)
(1.06593 3.42818e-08 0)
(1.06593 5.97913e-08 0)
(1.06593 1.18042e-07 0)
(1.06593 1.31734e-07 0)
(1.06593 1.68676e-07 0)
(1.06593 1.63835e-07 0)
(1.06593 1.60479e-07 0)
(1.06593 1.03709e-07 0)
(1.06593 3.20618e-08 0)
(1.06593 -3.36418e-08 0)
(1.06593 -7.2589e-08 0)
(1.06593 -9.14434e-08 0)
(1.06593 -1.07451e-07 0)
(1.06593 -1.3684e-07 0)
(1.06593 -1.3654e-07 0)
(1.06593 -1.38767e-07 0)
(1.06593 -1.02447e-07 0)
(1.06593 -6.03443e-08 0)
(1.06593 5.09645e-09 0)
(1.06593 5.78817e-08 0)
(1.06593 1.17474e-07 0)
(1.06593 1.11304e-07 0)
(1.06593 7.74929e-08 0)
(1.06593 7.11036e-09 0)
(1.06593 -9.95833e-08 0)
(1.06593 -2.19416e-07 0)
(1.06593 -3.28007e-07 0)
(1.06593 -4.68613e-07 0)
(1.06593 -6.86222e-07 0)
(1.06593 -9.961e-07 0)
(1.06593 -1.39656e-06 0)
(1.06593 -1.94716e-06 0)
(1.06593 -2.70318e-06 0)
(1.06594 -3.79735e-06 0)
(1.06594 -5.35543e-06 0)
(1.06594 -7.71722e-06 0)
(1.06595 -1.10185e-05 0)
(1.06595 -1.65204e-05 0)
(1.06596 -2.44647e-05 0)
(1.06597 -4.62567e-05 0)
(1.06601 -9.32474e-05 0)
(1.06604 -0.000291642 0)
(1.06636 -0.000746859 0)
(1.06674 -0.0022164 0)
(1.06921 -0.00351721 0)
(0.992306 -0.0501614 0)
(1.06373 -0.0361402 0)
(1.05493 -0.0156861 0)
(1.06797 -0.00241449 0)
(1.06306 0.00058193 0)
(1.06492 0.00054476 0)
(1.06387 -1.48056e-05 0)
(1.06444 -0.000357201 0)
(1.06445 -0.000454477 0)
(1.06474 -0.000452367 0)
(1.06489 -0.000406225 0)
(1.06508 -0.000355867 0)
(1.06521 -0.000305799 0)
(1.06534 -0.000262019 0)
(1.06544 -0.000224004 0)
(1.06552 -0.000191087 0)
(1.0656 -0.000161532 0)
(1.06566 -0.000135597 0)
(1.06571 -0.000112925 0)
(1.06575 -9.32469e-05 0)
(1.06578 -7.63584e-05 0)
(1.06581 -6.19823e-05 0)
(1.06583 -4.98764e-05 0)
(1.06585 -3.97941e-05 0)
(1.06586 -3.14573e-05 0)
(1.06587 -2.46214e-05 0)
(1.06588 -1.91329e-05 0)
(1.06589 -1.47056e-05 0)
(1.06589 -1.12396e-05 0)
(1.0659 -8.54892e-06 0)
(1.0659 -6.51309e-06 0)
(1.0659 -4.90725e-06 0)
(1.0659 -3.67331e-06 0)
(1.0659 -2.68167e-06 0)
(1.0659 -1.94298e-06 0)
(1.0659 -1.3605e-06 0)
(1.0659 -8.91694e-07 0)
(1.06591 -5.38036e-07 0)
(1.06591 -2.83703e-07 0)
(1.06591 -1.52011e-07 0)
(1.06591 -7.94289e-08 0)
(1.06591 -7.95506e-08 0)
(1.06591 -1.46838e-07 0)
(1.06591 -2.04738e-07 0)
(1.06591 -2.93196e-07 0)
(1.06591 -3.35414e-07 0)
(1.06591 -3.87026e-07 0)
(1.06591 -3.73095e-07 0)
(1.06591 -3.44658e-07 0)
(1.06591 -2.96407e-07 0)
(1.06591 -2.20211e-07 0)
(1.06591 -1.59845e-07 0)
(1.06591 -1.02972e-07 0)
(1.06591 -2.94492e-08 0)
(1.06591 -2.13557e-08 0)
(1.06591 -1.19466e-08 0)
(1.06591 1.16175e-08 0)
(1.06591 6.89288e-08 0)
(1.06591 9.2699e-08 0)
(1.06591 1.31927e-07 0)
(1.06591 1.3354e-07 0)
(1.06591 1.27733e-07 0)
(1.06591 7.45188e-08 0)
(1.06591 -1.1274e-09 0)
(1.06591 -6.88536e-08 0)
(1.06591 -1.11647e-07 0)
(1.06591 -1.28291e-07 0)
(1.06591 -1.4192e-07 0)
(1.06591 -1.63556e-07 0)
(1.06591 -1.59393e-07 0)
(1.06591 -1.58874e-07 0)
(1.06591 -1.29959e-07 0)
(1.06591 -9.0515e-08 0)
(1.06591 -3.0701e-08 0)
(1.06591 2.25786e-08 0)
(1.06591 8.24595e-08 0)
(1.06591 7.84886e-08 0)
(1.06591 3.52929e-08 0)
(1.06591 -4.13071e-08 0)
(1.06591 -1.52749e-07 0)
(1.06591 -2.78716e-07 0)
(1.06591 -3.99741e-07 0)
(1.06591 -5.55061e-07 0)
(1.06591 -7.97856e-07 0)
(1.06591 -1.14437e-06 0)
(1.06591 -1.59787e-06 0)
(1.06591 -2.21919e-06 0)
(1.06591 -3.08088e-06 0)
(1.06591 -4.32645e-06 0)
(1.06591 -6.09162e-06 0)
(1.06592 -8.7215e-06 0)
(1.06592 -1.23548e-05 0)
(1.06592 -1.83336e-05 0)
(1.06593 -2.68604e-05 0)
(1.06594 -5.0504e-05 0)
(1.06596 -0.000102372 0)
(1.06598 -0.000323432 0)
(1.06623 -0.000834693 0)
(1.06653 -0.00248377 0)
(1.06849 -0.00395003 0)
(0.994258 -0.0594481 0)
(1.06649 -0.0410333 0)
(1.05545 -0.0174677 0)
(1.06825 -0.00264411 0)
(1.06322 0.000650084 0)
(1.06519 0.000585667 0)
(1.06416 -2.28502e-05 0)
(1.06472 -0.000398411 0)
(1.06469 -0.000502181 0)
(1.06495 -0.000499078 0)
(1.06506 -0.000447268 0)
(1.06521 -0.000391346 0)
(1.06532 -0.000335952 0)
(1.06542 -0.000287602 0)
(1.0655 -0.000245568 0)
(1.06557 -0.000209223 0)
(1.06562 -0.000176711 0)
(1.06567 -0.000148212 0)
(1.06571 -0.000123336 0)
(1.06574 -0.000101769 0)
(1.06577 -8.32704e-05 0)
(1.06579 -6.75561e-05 0)
(1.0658 -5.43231e-05 0)
(1.06581 -4.3307e-05 0)
(1.06582 -3.42131e-05 0)
(1.06583 -2.67609e-05 0)
(1.06584 -2.07832e-05 0)
(1.06584 -1.59769e-05 0)
(1.06585 -1.22047e-05 0)
(1.06585 -9.28172e-06 0)
(1.06585 -7.06719e-06 0)
(1.06585 -5.33746e-06 0)
(1.06585 -4.00707e-06 0)
(1.06585 -2.94766e-06 0)
(1.06585 -2.15285e-06 0)
(1.06585 -1.52985e-06 0)
(1.06585 -1.03375e-06 0)
(1.06585 -6.68229e-07 0)
(1.06585 -3.9938e-07 0)
(1.06585 -2.63292e-07 0)
(1.06586 -1.87581e-07 0)
(1.06586 -1.80831e-07 0)
(1.06586 -2.37817e-07 0)
(1.06586 -2.88882e-07 0)
(1.06586 -3.65997e-07 0)
(1.06586 -4.03543e-07 0)
(1.06586 -4.48763e-07 0)
(1.06586 -4.29456e-07 0)
(1.06586 -3.90972e-07 0)
(1.06586 -3.45564e-07 0)
(1.06586 -2.66293e-07 0)
(1.06586 -2.09775e-07 0)
(1.06585 -1.63081e-07 0)
(1.06585 -9.9134e-08 0)
(1.06585 -9.56652e-08 0)
(1.06585 -9.35449e-08 0)
(1.06586 -7.27542e-08 0)
(1.06586 -1.62853e-08 0)
(1.06586 1.55304e-08 0)
(1.06586 5.78513e-08 0)
(1.06586 6.6064e-08 0)
(1.06586 5.77539e-08 0)
(1.06586 6.38708e-09 0)
(1.06586 -7.21628e-08 0)
(1.06586 -1.42542e-07 0)
(1.06586 -1.88944e-07 0)
(1.06586 -2.03793e-07 0)
(1.06586 -2.1402e-07 0)
(1.06586 -2.28017e-07 0)
(1.06586 -2.1909e-07 0)
(1.06586 -2.168e-07 0)
(1.06586 -1.9578e-07 0)
(1.06586 -1.60033e-07 0)
(1.06586 -1.04148e-07 0)
(1.06586 -5.15791e-08 0)
(1.06586 8.16708e-09 0)
(1.06586 6.72173e-09 0)
(1.06586 -4.50815e-08 0)
(1.06586 -1.27316e-07 0)
(1.06586 -2.38087e-07 0)
(1.06586 -3.68066e-07 0)
(1.06586 -5.0016e-07 0)
(1.06586 -6.70315e-07 0)
(1.06586 -9.34696e-07 0)
(1.06586 -1.31091e-06 0)
(1.06586 -1.80711e-06 0)
(1.06586 -2.48655e-06 0)
(1.06586 -3.43403e-06 0)
(1.06586 -4.80048e-06 0)
(1.06586 -6.72964e-06 0)
(1.06586 -9.5588e-06 0)
(1.06587 -1.34131e-05 0)
(1.06587 -1.9657e-05 0)
(1.06587 -2.84157e-05 0)
(1.06587 -5.30058e-05 0)
(1.06589 -0.000108097 0)
(1.0659 -0.000345566 0)
(1.06606 -0.00090015 0)
(1.06628 -0.00268558 0)
(1.06766 -0.00428156 0)
(0.996676 -0.0694845 0)
(1.06975 -0.0455764 0)
(1.05599 -0.0189558 0)
(1.06853 -0.00281637 0)
(1.06337 0.000710299 0)
(1.06545 0.000610673 0)
(1.06445 -3.19024e-05 0)
(1.06498 -0.00043295 0)
(1.06492 -0.000540098 0)
(1.06513 -0.000535852 0)
(1.0652 -0.000479164 0)
(1.06531 -0.000418711 0)
(1.06539 -0.000359031 0)
(1.06546 -0.000307058 0)
(1.06551 -0.000261842 0)
(1.06556 -0.000222812 0)
(1.0656 -0.000188015 0)
(1.06563 -0.000157548 0)
(1.06566 -0.000130998 0)
(1.06568 -0.000108009 0)
(1.06569 -8.83074e-05 0)
(1.06571 -7.16058e-05 0)
(1.06572 -5.75494e-05 0)
(1.06573 -4.58514e-05 0)
(1.06573 -3.62163e-05 0)
(1.06574 -2.83265e-05 0)
(1.06574 -2.20018e-05 0)
(1.06574 -1.69343e-05 0)
(1.06574 -1.29554e-05 0)
(1.06575 -9.87364e-06 0)
(1.06575 -7.53491e-06 0)
(1.06575 -5.72564e-06 0)
(1.06575 -4.33669e-06 0)
(1.06575 -3.23446e-06 0)
(1.06575 -2.40106e-06 0)
(1.06575 -1.74716e-06 0)
(1.06575 -1.23044e-06 0)
(1.06575 -8.57613e-07 0)
(1.06575 -5.85734e-07 0)
(1.06575 -4.49092e-07 0)
(1.06575 -3.72322e-07 0)
(1.06575 -3.57777e-07 0)
(1.06575 -4.05655e-07 0)
(1.06575 -4.49842e-07 0)
(1.06575 -5.1722e-07 0)
(1.06575 -5.46468e-07 0)
(1.06575 -5.83677e-07 0)
(1.06575 -5.59911e-07 0)
(1.06575 -5.164e-07 0)
(1.06575 -4.74246e-07 0)
(1.06575 -3.95474e-07 0)
(1.06575 -3.42454e-07 0)
(1.06575 -3.05652e-07 0)
(1.06575 -2.50529e-07 0)
(1.06575 -2.512e-07 0)
(1.06575 -2.54478e-07 0)
(1.06575 -2.37433e-07 0)
(1.06575 -1.81889e-07 0)
(1.06575 -1.45531e-07 0)
(1.06575 -1.00276e-07 0)
(1.06575 -8.57393e-08 0)
(1.06575 -9.61635e-08 0)
(1.06575 -1.47344e-07 0)
(1.06575 -2.27193e-07 0)
(1.06575 -3.00209e-07 0)
(1.06575 -3.47647e-07 0)
(1.06575 -3.60993e-07 0)
(1.06575 -3.66703e-07 0)
(1.06575 -3.74231e-07 0)
(1.06575 -3.61214e-07 0)
(1.06575 -3.5713e-07 0)
(1.06575 -3.43267e-07 0)
(1.06575 -3.12159e-07 0)
(1.06575 -2.58589e-07 0)
(1.06575 -2.07297e-07 0)
(1.06575 -1.4946e-07 0)
(1.06575 -1.49605e-07 0)
(1.06575 -2.0702e-07 0)
(1.06575 -2.93926e-07 0)
(1.06575 -4.0071e-07 0)
(1.06575 -5.27777e-07 0)
(1.06575 -6.65221e-07 0)
(1.06575 -8.51157e-07 0)
(1.06575 -1.13402e-06 0)
(1.06575 -1.53547e-06 0)
(1.06575 -2.06729e-06 0)
(1.06575 -2.79292e-06 0)
(1.06575 -3.80596e-06 0)
(1.06575 -5.26077e-06 0)
(1.06575 -7.30436e-06 0)
(1.06575 -1.02586e-05 0)
(1.06576 -1.42184e-05 0)
(1.06576 -2.05105e-05 0)
(1.06576 -2.91465e-05 0)
(1.06576 -5.37429e-05 0)
(1.06576 -0.000110281 0)
(1.06575 -0.000357295 0)
(1.06583 -0.000941013 0)
(1.06596 -0.00281367 0)
(1.06668 -0.00449803 0)
(0.999637 -0.0804218 0)
(1.07353 -0.0496728 0)
(1.0565 -0.0200947 0)
(1.06874 -0.00292559 0)
(1.06345 0.000762067 0)
(1.06564 0.000619093 0)
(1.06466 -4.13731e-05 0)
(1.06517 -0.000459572 0)
(1.06506 -0.000566865 0)
(1.06522 -0.000561409 0)
(1.06525 -0.000500812 0)
(1.06532 -0.000437049 0)
(1.06536 -0.000374291 0)
(1.0654 -0.000319783 0)
(1.06543 -0.000272347 0)
(1.06545 -0.000231473 0)
(1.06547 -0.000195146 0)
(1.06548 -0.00016338 0)
(1.06549 -0.000135746 0)
(1.0655 -0.000111857 0)
(1.06551 -9.1406e-05 0)
(1.06552 -7.41027e-05 0)
(1.06552 -5.95577e-05 0)
(1.06552 -4.7459e-05 0)
(1.06552 -3.75184e-05 0)
(1.06552 -2.93876e-05 0)
(1.06553 -2.2873e-05 0)
(1.06553 -1.76718e-05 0)
(1.06553 -1.35951e-05 0)
(1.06553 -1.04356e-05 0)
(1.06553 -8.03003e-06 0)
(1.06553 -6.18208e-06 0)
(1.06553 -4.76706e-06 0)
(1.06553 -3.64001e-06 0)
(1.06553 -2.78071e-06 0)
(1.06553 -2.10433e-06 0)
(1.06553 -1.57721e-06 0)
(1.06553 -1.2132e-06 0)
(1.06553 -9.52297e-07 0)
(1.06553 -8.16777e-07 0)
(1.06553 -7.41478e-07 0)
(1.06553 -7.19023e-07 0)
(1.06553 -7.58033e-07 0)
(1.06553 -7.97261e-07 0)
(1.06553 -8.57703e-07 0)
(1.06553 -8.76795e-07 0)
(1.06553 -9.04668e-07 0)
(1.06553 -8.77649e-07 0)
(1.06553 -8.33673e-07 0)
(1.06553 -7.94733e-07 0)
(1.06553 -7.17577e-07 0)
(1.06553 -6.65574e-07 0)
(1.06553 -6.38766e-07 0)
(1.06553 -5.9218e-07 0)
(1.06553 -5.96758e-07 0)
(1.06553 -6.03303e-07 0)
(1.06553 -5.90953e-07 0)
(1.06553 -5.36215e-07 0)
(1.06553 -4.97724e-07 0)
(1.06553 -4.52937e-07 0)
(1.06553 -4.3423e-07 0)
(1.06553 -4.45604e-07 0)
(1.06553 -4.97097e-07 0)
(1.06553 -5.7465e-07 0)
(1.06553 -6.48296e-07 0)
(1.06553 -6.94628e-07 0)
(1.06553 -7.06722e-07 0)
(1.06553 -7.06896e-07 0)
(1.06553 -7.0927e-07 0)
(1.06553 -6.93027e-07 0)
(1.06553 -6.87868e-07 0)
(1.06553 -6.79976e-07 0)
(1.06553 -6.54023e-07 0)
(1.06553 -6.01873e-07 0)
(1.06553 -5.52028e-07 0)
(1.06553 -4.97308e-07 0)
(1.06553 -4.97411e-07 0)
(1.06553 -5.5772e-07 0)
(1.06553 -6.47478e-07 0)
(1.06553 -7.50156e-07 0)
(1.06553 -8.69601e-07 0)
(1.06553 -1.00683e-06 0)
(1.06553 -1.19966e-06 0)
(1.06553 -1.48739e-06 0)
(1.06553 -1.90825e-06 0)
(1.06553 -2.4712e-06 0)
(1.06553 -3.23294e-06 0)
(1.06553 -4.29944e-06 0)
(1.06553 -5.81611e-06 0)
(1.06553 -7.9254e-06 0)
(1.06553 -1.09312e-05 0)
(1.06553 -1.48822e-05 0)
(1.06553 -2.10106e-05 0)
(1.06553 -2.91831e-05 0)
(1.06552 -5.2853e-05 0)
(1.06551 -0.00010899 0)
(1.06549 -0.000358249 0)
(1.06548 -0.000955657 0)
(1.06551 -0.00286105 0)
(1.06553 -0.00458681 0)
(1.00321 -0.0924258 0)
(1.07778 -0.0531994 0)
(1.05685 -0.0208212 0)
(1.06874 -0.00296669 0)
(1.06333 0.000804688 0)
(1.06563 0.00061049 0)
(1.06468 -5.06937e-05 0)
(1.06515 -0.000477098 0)
(1.065 -0.000581272 0)
(1.0651 -0.000574638 0)
(1.06508 -0.000511313 0)
(1.0651 -0.000445655 0)
(1.0651 -0.000381203 0)
(1.0651 -0.000325394 0)
(1.0651 -0.000276824 0)
(1.0651 -0.000235047 0)
(1.0651 -0.000198031 0)
(1.06509 -0.000165712 0)
(1.06509 -0.000137646 0)
(1.06509 -0.00011343 0)
(1.06508 -9.27289e-05 0)
(1.06508 -7.5245e-05 0)
(1.06508 -6.05726e-05 0)
(1.06507 -4.83809e-05 0)
(1.06507 -3.83898e-05 0)
(1.06507 -3.02308e-05 0)
(1.06507 -2.36908e-05 0)
(1.06507 -1.84843e-05 0)
(1.06507 -1.44138e-05 0)
(1.06506 -1.12498e-05 0)
(1.06506 -8.82204e-06 0)
(1.06506 -6.95914e-06 0)
(1.06506 -5.54353e-06 0)
(1.06506 -4.40483e-06 0)
(1.06506 -3.54014e-06 0)
(1.06506 -2.87477e-06 0)
(1.06506 -2.36684e-06 0)
(1.06506 -2.02463e-06 0)
(1.06506 -1.77918e-06 0)
(1.06506 -1.64702e-06 0)
(1.06506 -1.57588e-06 0)
(1.06506 -1.54658e-06 0)
(1.06506 -1.57629e-06 0)
(1.06506 -1.61049e-06 0)
(1.06506 -1.66621e-06 0)
(1.06506 -1.67666e-06 0)
(1.06506 -1.6947e-06 0)
(1.06506 -1.6661e-06 0)
(1.06506 -1.62247e-06 0)
(1.06506 -1.58674e-06 0)
(1.06506 -1.51353e-06 0)
(1.06506 -1.46182e-06 0)
(1.06506 -1.44411e-06 0)
(1.06506 -1.40637e-06 0)
(1.06506 -1.41435e-06 0)
(1.06506 -1.42193e-06 0)
(1.06506 -1.41459e-06 0)
(1.06506 -1.36135e-06 0)
(1.06506 -1.32228e-06 0)
(1.06506 -1.28014e-06 0)
(1.06506 -1.25951e-06 0)
(1.06506 -1.26992e-06 0)
(1.06506 -1.3214e-06 0)
(1.06506 -1.39419e-06 0)
(1.06506 -1.46708e-06 0)
(1.06506 -1.51074e-06 0)
(1.06506 -1.52139e-06 0)
(1.06506 -1.51576e-06 0)
(1.06506 -1.51412e-06 0)
(1.06506 -1.49613e-06 0)
(1.06506 -1.49078e-06 0)
(1.06506 -1.48751e-06 0)
(1.06506 -1.4667e-06 0)
(1.06506 -1.41581e-06 0)
(1.06506 -1.36752e-06 0)
(1.06506 -1.31721e-06 0)
(1.06506 -1.31826e-06 0)
(1.06506 -1.37845e-06 0)
(1.06506 -1.46839e-06 0)
(1.06506 -1.56596e-06 0)
(1.06506 -1.67818e-06 0)
(1.06506 -1.81309e-06 0)
(1.06506 -2.00575e-06 0)
(1.06506 -2.28672e-06 0)
(1.06506 -2.70252e-06 0)
(1.06506 -3.26815e-06 0)
(1.06506 -4.0439e-06 0)
(1.06506 -5.15677e-06 0)
(1.06506 -6.71388e-06 0)
(1.06506 -8.8591e-06 0)
(1.06506 -1.18614e-05 0)
(1.06506 -1.57069e-05 0)
(1.06506 -2.14846e-05 0)
(1.06505 -2.8894e-05 0)
(1.06504 -5.07631e-05 0)
(1.06502 -0.000104644 0)
(1.06499 -0.000348597 0)
(1.06489 -0.000943253 0)
(1.06481 -0.00282243 0)
(1.06408 -0.00453697 0)
(1.00739 -0.105668 0)
(1.08235 -0.0559967 0)
(1.05677 -0.0210636 0)
(1.06828 -0.0029351 0)
(1.06275 0.000836892 0)
(1.06515 0.000584508 0)
(1.06424 -5.95267e-05 0)
(1.06467 -0.000484545 0)
(1.06445 -0.000582379 0)
(1.06449 -0.000574727 0)
(1.06441 -0.000510091 0)
(1.06439 -0.000444162 0)
(1.06434 -0.000379584 0)
(1.06431 -0.000323867 0)
(1.06428 -0.000275381 0)
(1.06425 -0.000233754 0)
(1.06422 -0.000196979 0)
(1.0642 -0.000164928 0)
(1.06418 -0.000137148 0)
(1.06416 -0.000113233 0)
(1.06415 -9.28289e-05 0)
(1.06414 -7.56189e-05 0)
(1.06413 -6.11935e-05 0)
(1.06412 -4.92254e-05 0)
(1.06411 -3.94411e-05 0)
(1.06411 -3.14589e-05 0)
(1.0641 -2.50411e-05 0)
(1.0641 -1.99314e-05 0)
(1.0641 -1.59329e-05 0)
(1.06409 -1.28235e-05 0)
(1.06409 -1.04094e-05 0)
(1.06409 -8.54954e-06 0)
(1.06409 -7.19561e-06 0)
(1.06409 -6.11103e-06 0)
(1.06409 -5.28618e-06 0)
(1.06409 -4.66052e-06 0)
(1.06409 -4.1921e-06 0)
(1.06409 -3.8726e-06 0)
(1.06409 -3.64402e-06 0)
(1.06409 -3.51828e-06 0)
(1.06409 -3.4539e-06 0)
(1.06409 -3.41973e-06 0)
(1.06409 -3.4397e-06 0)
(1.06409 -3.46876e-06 0)
(1.06409 -3.52073e-06 0)
(1.06409 -3.52422e-06 0)
(1.06409 -3.53255e-06 0)
(1.06409 -3.50361e-06 0)
(1.06409 -3.46232e-06 0)
(1.06409 -3.42919e-06 0)
(1.06409 -3.36246e-06 0)
(1.06409 -3.31166e-06 0)
(1.06409 -3.30193e-06 0)
(1.06409 -3.27274e-06 0)
(1.06409 -3.28337e-06 0)
(1.06409 -3.28972e-06 0)
(1.06409 -3.28732e-06 0)
(1.06409 -3.23682e-06 0)
(1.06409 -3.19841e-06 0)
(1.06409 -3.16049e-06 0)
(1.06409 -3.1404e-06 0)
(1.06409 -3.1487e-06 0)
(1.06409 -3.199e-06 0)
(1.06409 -3.26509e-06 0)
(1.06409 -3.33596e-06 0)
(1.06409 -3.37589e-06 0)
(1.06409 -3.3844e-06 0)
(1.06409 -3.37351e-06 0)
(1.06409 -3.36901e-06 0)
(1.06409 -3.35051e-06 0)
(1.06409 -3.34601e-06 0)
(1.06409 -3.34624e-06 0)
(1.06409 -3.33024e-06 0)
(1.06409 -3.28119e-06 0)
(1.06409 -3.23494e-06 0)
(1.06409 -3.18988e-06 0)
(1.06409 -3.19277e-06 0)
(1.06409 -3.24996e-06 0)
(1.06409 -3.33652e-06 0)
(1.06409 -3.42775e-06 0)
(1.06409 -3.53128e-06 0)
(1.06409 -3.66026e-06 0)
(1.06409 -3.85317e-06 0)
(1.06409 -4.12636e-06 0)
(1.06409 -4.51845e-06 0)
(1.06409 -5.06134e-06 0)
(1.06409 -5.81487e-06 0)
(1.06409 -6.9065e-06 0)
(1.06409 -8.43708e-06 0)
(1.06408 -1.05966e-05 0)
(1.06408 -1.35534e-05 0)
(1.06408 -1.72329e-05 0)
(1.06408 -2.25366e-05 0)
(1.06407 -2.89649e-05 0)
(1.06406 -4.83046e-05 0)
(1.06403 -9.81762e-05 0)
(1.06398 -0.000329246 0)
(1.06379 -0.000903982 0)
(1.06361 -0.00269491 0)
(1.06211 -0.00434012 0)
(1.01203 -0.120289 0)
(1.08677 -0.0578538 0)
(1.0557 -0.0207398 0)
(1.06675 -0.00282673 0)
(1.06115 0.000856475 0)
(1.06364 0.000540821 0)
(1.06276 -6.77275e-05 0)
(1.06314 -0.0004811 0)
(1.06287 -0.000569496 0)
(1.06284 -0.000561133 0)
(1.0627 -0.000496869 0)
(1.06262 -0.000432524 0)
(1.06252 -0.000369593 0)
(1.06245 -0.000315529 0)
(1.06239 -0.000268492 0)
(1.06233 -0.000228194 0)
(1.06228 -0.000192669 0)
(1.06224 -0.000161763 0)
(1.06221 -0.000135028 0)
(1.06217 -0.000112069 0)
(1.06215 -9.25231e-05 0)
(1.06213 -7.60372e-05 0)
(1.06211 -6.22096e-05 0)
(1.0621 -5.07426e-05 0)
(1.06209 -4.1368e-05 0)
(1.06208 -3.37026e-05 0)
(1.06207 -2.7543e-05 0)
(1.06206 -2.26189e-05 0)
(1.06206 -1.8737e-05 0)
(1.06206 -1.57919e-05 0)
(1.06205 -1.35252e-05 0)
(1.06205 -1.17855e-05 0)
(1.06205 -1.05471e-05 0)
(1.06205 -9.56944e-06 0)
(1.06205 -8.81261e-06 0)
(1.06205 -8.23059e-06 0)
(1.06205 -7.80347e-06 0)
(1.06205 -7.51165e-06 0)
(1.06205 -7.3046e-06 0)
(1.06205 -7.18778e-06 0)
(1.06205 -7.13191e-06 0)
(1.06205 -7.0959e-06 0)
(1.06205 -7.10645e-06 0)
(1.06205 -7.1301e-06 0)
(1.06205 -7.17869e-06 0)
(1.06205 -7.17733e-06 0)
(1.06205 -7.17682e-06 0)
(1.06205 -7.14848e-06 0)
(1.06205 -7.11158e-06 0)
(1.06205 -7.08067e-06 0)
(1.06205 -7.02273e-06 0)
(1.06205 -6.97427e-06 0)
(1.06205 -6.97081e-06 0)
(1.06205 -6.94896e-06 0)
(1.06205 -6.96134e-06 0)
(1.06205 -6.96459e-06 0)
(1.06205 -6.96637e-06 0)
(1.06205 -6.92067e-06 0)
(1.06205 -6.88443e-06 0)
(1.06205 -6.8518e-06 0)
(1.06205 -6.83474e-06 0)
(1.06205 -6.84057e-06 0)
(1.06205 -6.88849e-06 0)
(1.06205 -6.94653e-06 0)
(1.06205 -7.01348e-06 0)
(1.06205 -7.04906e-06 0)
(1.06205 -7.05455e-06 0)
(1.06205 -7.03924e-06 0)
(1.06205 -7.03327e-06 0)
(1.06205 -7.01543e-06 0)
(1.06205 -7.01253e-06 0)
(1.06205 -7.01533e-06 0)
(1.06205 -7.00377e-06 0)
(1.06205 -6.95734e-06 0)
(1.06205 -6.91405e-06 0)
(1.06205 -6.87489e-06 0)
(1.06205 -6.88022e-06 0)
(1.06205 -6.9319e-06 0)
(1.06205 -7.01162e-06 0)
(1.06205 -7.09451e-06 0)
(1.06205 -7.18841e-06 0)
(1.06205 -7.30723e-06 0)
(1.06205 -7.49449e-06 0)
(1.06205 -7.7555e-06 0)
(1.06205 -8.12196e-06 0)
(1.06205 -8.63732e-06 0)
(1.06205 -9.34788e-06 0)
(1.06204 -1.03615e-05 0)
(1.06204 -1.18016e-05 0)
(1.06204 -1.38385e-05 0)
(1.06204 -1.66076e-05 0)
(1.06204 -2.00468e-05 0)
(1.06203 -2.48029e-05 0)
(1.06202 -3.01179e-05 0)
(1.06201 -4.64496e-05 0)
(1.06197 -9.08918e-05 0)
(1.06192 -0.000301893 0)
(1.06164 -0.000839141 0)
(1.06135 -0.00247884 0)
(1.05909 -0.00399155 0)
(1.0165 -0.1363 0)
(1.08996 -0.0584877 0)
(1.05246 -0.0197598 0)
(1.06298 -0.00263917 0)
(1.05736 0.000858801 0)
(1.05993 0.00047835 0)
(1.05909 -7.55175e-05 0)
(1.05941 -0.000466864 0)
(1.05907 -0.000542987 0)
(1.05896 -0.000534367 0)
(1.05876 -0.000472431 0)
(1.05862 -0.000411731 0)
(1.05848 -0.000352402 0)
(1.05837 -0.000301654 0)
(1.05827 -0.000257508 0)
(1.05818 -0.000219768 0)
(1.05811 -0.000186504 0)
(1.05805 -0.000157587 0)
(1.058 -0.000132593 0)
(1.05795 -0.000111146 0)
(1.05792 -9.28887e-05 0)
(1.05789 -7.75021e-05 0)
(1.05786 -6.46043e-05 0)
(1.05784 -5.38872e-05 0)
(1.05783 -4.50818e-05 0)
(1.05781 -3.7819e-05 0)
(1.05781 -3.21809e-05 0)
(1.0578 -2.77008e-05 0)
(1.05779 -2.41837e-05 0)
(1.05779 -2.15482e-05 0)
(1.05778 -1.95398e-05 0)
(1.05778 -1.801e-05 0)
(1.05778 -1.68992e-05 0)
(1.05778 -1.6028e-05 0)
(1.05778 -1.53456e-05 0)
(1.05778 -1.48181e-05 0)
(1.05778 -1.44402e-05 0)
(1.05778 -1.41833e-05 0)
(1.05778 -1.40026e-05 0)
(1.05778 -1.38968e-05 0)
(1.05778 -1.38495e-05 0)
(1.05778 -1.38153e-05 0)
(1.05778 -1.3818e-05 0)
(1.05778 -1.38359e-05 0)
(1.05778 -1.38807e-05 0)
(1.05778 -1.38769e-05 0)
(1.05778 -1.38699e-05 0)
(1.05778 -1.38427e-05 0)
(1.05777 -1.38122e-05 0)
(1.05777 -1.37837e-05 0)
(1.05777 -1.37355e-05 0)
(1.05777 -1.36907e-05 0)
(1.05777 -1.36918e-05 0)
(1.05777 -1.36756e-05 0)
(1.05777 -1.36886e-05 0)
(1.05777 -1.3688e-05 0)
(1.05777 -1.36924e-05 0)
(1.05777 -1.36534e-05 0)
(1.05777 -1.36207e-05 0)
(1.05777 -1.35935e-05 0)
(1.05778 -1.35814e-05 0)
(1.05778 -1.35857e-05 0)
(1.05778 -1.36297e-05 0)
(1.05778 -1.36789e-05 0)
(1.05778 -1.37396e-05 0)
(1.05778 -1.37704e-05 0)
(1.05778 -1.37725e-05 0)
(1.05778 -1.37538e-05 0)
(1.05778 -1.37479e-05 0)
(1.05778 -1.37322e-05 0)
(1.05778 -1.37311e-05 0)
(1.05778 -1.37356e-05 0)
(1.05778 -1.3728e-05 0)
(1.05778 -1.3685e-05 0)
(1.05778 -1.36455e-05 0)
(1.05778 -1.36125e-05 0)
(1.05778 -1.36204e-05 0)
(1.05778 -1.36648e-05 0)
(1.05778 -1.37351e-05 0)
(1.05778 -1.38076e-05 0)
(1.05778 -1.38904e-05 0)
(1.05777 -1.39961e-05 0)
(1.05777 -1.41696e-05 0)
(1.05777 -1.44113e-05 0)
(1.05777 -1.47438e-05 0)
(1.05777 -1.52175e-05 0)
(1.05777 -1.58744e-05 0)
(1.05777 -1.68078e-05 0)
(1.05777 -1.81349e-05 0)
(1.05777 -1.99449e-05 0)
(1.05776 -2.24058e-05 0)
(1.05776 -2.54182e-05 0)
(1.05775 -2.9391e-05 0)
(1.05774 -3.34098e-05 0)
(1.05773 -4.64161e-05 0)
(1.05768 -8.44569e-05 0)
(1.05762 -0.00026952 0)
(1.05728 -0.000752132 0)
(1.05688 -0.00218014 0)
(1.05392 -0.00349324 0)
(1.01911 -0.153411 0)
(1.0895 -0.0575276 0)
(1.04458 -0.0180362 0)
(1.05446 -0.0023792 0)
(1.04892 0.000829685 0)
(1.05155 0.00038977 0)
(1.05075 -8.85877e-05 0)
(1.051 -0.000448485 0)
(1.0506 -0.000510019 0)
(1.05041 -0.000501696 0)
(1.05015 -0.00044414 0)
(1.04995 -0.000389133 0)
(1.04976 -0.000335296 0)
(1.04961 -0.000289368 0)
(1.04947 -0.00024933 0)
(1.04936 -0.000215108 0)
(1.04926 -0.000185042 0)
(1.04918 -0.0001589 0)
(1.04911 -0.000136255 0)
(1.04905 -0.000116754 0)
(1.04901 -0.000100054 0)
(1.04897 -8.61476e-05 0)
(1.04894 -7.4728e-05 0)
(1.04891 -6.52867e-05 0)
(1.04889 -5.7561e-05 0)
(1.04888 -5.12072e-05 0)
(1.04887 -4.63326e-05 0)
(1.04886 -4.25071e-05 0)
(1.04885 -3.95439e-05 0)
(1.04885 -3.72869e-05 0)
(1.04884 -3.55515e-05 0)
(1.04884 -3.42278e-05 0)
(1.04884 -3.32671e-05 0)
(1.04883 -3.25195e-05 0)
(1.04883 -3.193e-05 0)
(1.04883 -3.14719e-05 0)
(1.04883 -3.11515e-05 0)
(1.04883 -3.09359e-05 0)
(1.04883 -3.07858e-05 0)
(1.04883 -3.06932e-05 0)
(1.04883 -3.06528e-05 0)
(1.04883 -3.06238e-05 0)
(1.04883 -3.06216e-05 0)
(1.04883 -3.06335e-05 0)
(1.04883 -3.06734e-05 0)
(1.04883 -3.06697e-05 0)
(1.04883 -3.06592e-05 0)
(1.04883 -3.06339e-05 0)
(1.04883 -3.06102e-05 0)
(1.04883 -3.05862e-05 0)
(1.04883 -3.05476e-05 0)
(1.04883 -3.0507e-05 0)
(1.04883 -3.05105e-05 0)
(1.04883 -3.0499e-05 0)
(1.04883 -3.05109e-05 0)
(1.04883 -3.05066e-05 0)
(1.04883 -3.05118e-05 0)
(1.04883 -3.04808e-05 0)
(1.04883 -3.04523e-05 0)
(1.04883 -3.04294e-05 0)
(1.04883 -3.0422e-05 0)
(1.04883 -3.04263e-05 0)
(1.04883 -3.04649e-05 0)
(1.04883 -3.05051e-05 0)
(1.04883 -3.05569e-05 0)
(1.04883 -3.05826e-05 0)
(1.04883 -3.05822e-05 0)
(1.04883 -3.05619e-05 0)
(1.04883 -3.05571e-05 0)
(1.04883 -3.05453e-05 0)
(1.04883 -3.05452e-05 0)
(1.04883 -3.05504e-05 0)
(1.04883 -3.05462e-05 0)
(1.04883 -3.05077e-05 0)
(1.04883 -3.04723e-05 0)
(1.04883 -3.04457e-05 0)
(1.04883 -3.04554e-05 0)
(1.04883 -3.04918e-05 0)
(1.04883 -3.05506e-05 0)
(1.04883 -3.06116e-05 0)
(1.04883 -3.06817e-05 0)
(1.04883 -3.07724e-05 0)
(1.04883 -3.09243e-05 0)
(1.04883 -3.11381e-05 0)
(1.04883 -3.14279e-05 0)
(1.04883 -3.18431e-05 0)
(1.04883 -3.24259e-05 0)
(1.04883 -3.32544e-05 0)
(1.04882 -3.44318e-05 0)
(1.04882 -3.60206e-05 0)
(1.04882 -3.81562e-05 0)
(1.04881 -4.06388e-05 0)
(1.0488 -4.36958e-05 0)
(1.04879 -4.63615e-05 0)
(1.04878 -5.5579e-05 0)
(1.04873 -8.5807e-05 0)
(1.04867 -0.000240884 0)
(1.04828 -0.000654489 0)
(1.04778 -0.00181902 0)
(1.04425 -0.00286329 0)
(1.01564 -0.17089 0)
(1.08002 -0.0545007 0)
(1.02688 -0.0154956 0)
(1.03601 -0.00207308 0)
(1.03069 0.000734155 0)
(1.03335 0.000252283 0)
(1.03262 -0.000131875 0)
(1.03279 -0.000448765 0)
(1.03233 -0.000493996 0)
(1.03206 -0.000486529 0)
(1.03173 -0.0004352 0)
(1.03147 -0.000387561 0)
(1.03124 -0.000340687 0)
(1.03105 -0.000300867 0)
(1.03088 -0.0002659 0)
(1.03074 -0.000235864 0)
(1.03062 -0.00021022 0)
(1.03052 -0.000188124 0)
(1.03044 -0.000169028 0)
(1.03037 -0.000152631 0)
(1.03031 -0.000138629 0)
(1.03026 -0.000127033 0)
(1.03023 -0.000117595 0)
(1.0302 -0.000109872 0)
(1.03018 -0.000103638 0)
(1.03016 -9.8586e-05 0)
(1.03014 -9.45783e-05 0)
(1.03013 -9.14441e-05 0)
(1.03012 -8.90183e-05 0)
(1.03012 -8.7172e-05 0)
(1.03011 -8.57545e-05 0)
(1.03011 -8.46696e-05 0)
(1.03011 -8.38862e-05 0)
(1.03011 -8.32842e-05 0)
(1.0301 -8.28076e-05 0)
(1.0301 -8.24324e-05 0)
(1.0301 -8.21762e-05 0)
(1.0301 -8.20074e-05 0)
(1.0301 -8.18903e-05 0)
(1.0301 -8.18132e-05 0)
(1.0301 -8.17781e-05 0)
(1.0301 -8.17563e-05 0)
(1.0301 -8.17528e-05 0)
(1.0301 -8.17586e-05 0)
(1.0301 -8.17914e-05 0)
(1.0301 -8.17899e-05 0)
(1.0301 -8.17792e-05 0)
(1.0301 -8.17572e-05 0)
(1.0301 -8.17399e-05 0)
(1.0301 -8.17227e-05 0)
(1.0301 -8.16937e-05 0)
(1.0301 -8.16572e-05 0)
(1.0301 -8.16602e-05 0)
(1.0301 -8.16534e-05 0)
(1.0301 -8.16643e-05 0)
(1.0301 -8.16572e-05 0)
(1.0301 -8.16612e-05 0)
(1.0301 -8.16386e-05 0)
(1.0301 -8.16147e-05 0)
(1.0301 -8.15944e-05 0)
(1.0301 -8.15899e-05 0)
(1.0301 -8.15957e-05 0)
(1.0301 -8.16277e-05 0)
(1.0301 -8.16583e-05 0)
(1.0301 -8.16999e-05 0)
(1.0301 -8.17197e-05 0)
(1.0301 -8.1718e-05 0)
(1.0301 -8.16983e-05 0)
(1.0301 -8.16949e-05 0)
(1.0301 -8.16888e-05 0)
(1.0301 -8.16895e-05 0)
(1.0301 -8.16936e-05 0)
(1.0301 -8.16916e-05 0)
(1.0301 -8.166e-05 0)
(1.0301 -8.16288e-05 0)
(1.0301 -8.16077e-05 0)
(1.0301 -8.1618e-05 0)
(1.0301 -8.16463e-05 0)
(1.0301 -8.16919e-05 0)
(1.0301 -8.17409e-05 0)
(1.0301 -8.17968e-05 0)
(1.0301 -8.18708e-05 0)
(1.0301 -8.19957e-05 0)
(1.0301 -8.21726e-05 0)
(1.0301 -8.24115e-05 0)
(1.0301 -8.27541e-05 0)
(1.0301 -8.32404e-05 0)
(1.0301 -8.39318e-05 0)
(1.03009 -8.4915e-05 0)
(1.03009 -8.6242e-05 0)
(1.03009 -8.80043e-05 0)
(1.03008 -8.99813e-05 0)
(1.03007 -9.22297e-05 0)
(1.03006 -9.3734e-05 0)
(1.03004 -9.92065e-05 0)
(1.03 -0.00012078 0)
(1.02994 -0.00024015 0)
(1.02952 -0.000575554 0)
(1.02896 -0.00144324 0)
(1.02509 -0.0021513 0)
(0.996232 -0.187063 0)
(1.05005 -0.0487139 0)
(0.988564 -0.0120626 0)
(0.996807 -0.00172833 0)
(0.991942 0.000549697 0)
(0.99458 5.89848e-05 0)
(0.993916 -0.000218726 0)
(0.99401 -0.000475091 0)
(0.993489 -0.000502595 0)
(0.993153 -0.000496559 0)
(0.992767 -0.000453813 0)
(0.992464 -0.000415511 0)
(0.992191 -0.000377509 0)
(0.991965 -0.000346359 0)
(0.991771 -0.000318989 0)
(0.991607 -0.000295555 0)
(0.99147 -0.000275776 0)
(0.991355 -0.000258877 0)
(0.99126 -0.000244389 0)
(0.991182 -0.000232085 0)
(0.991118 -0.000221726 0)
(0.991067 -0.000213067 0)
(0.991025 -0.000205872 0)
(0.990993 -0.000200007 0)
(0.990967 -0.000195304 0)
(0.990947 -0.000191509 0)
(0.990932 -0.000188483 0)
(0.99092 -0.000186125 0)
(0.990911 -0.000184292 0)
(0.990905 -0.000182908 0)
(0.9909 -0.000181857 0)
(0.990896 -0.000181049 0)
(0.990893 -0.000180462 0)
(0.990891 -0.00018002 0)
(0.99089 -0.000179669 0)
(0.990889 -0.000179387 0)
(0.990888 -0.000179201 0)
(0.990888 -0.000179082 0)
(0.990888 -0.000178998 0)
(0.990887 -0.000178938 0)
(0.990887 -0.00017891 0)
(0.990887 -0.000178896 0)
(0.990887 -0.000178894 0)
(0.990887 -0.000178895 0)
(0.990887 -0.000178919 0)
(0.990887 -0.000178919 0)
(0.990887 -0.00017891 0)
(0.990886 -0.000178895 0)
(0.990886 -0.000178884 0)
(0.990886 -0.000178873 0)
(0.990886 -0.000178853 0)
(0.990886 -0.000178822 0)
(0.990886 -0.000178821 0)
(0.990886 -0.000178816 0)
(0.990886 -0.000178827 0)
(0.990886 -0.000178819 0)
(0.990886 -0.00017882 0)
(0.990886 -0.000178805 0)
(0.990886 -0.000178788 0)
(0.990886 -0.000178769 0)
(0.990887 -0.000178766 0)
(0.990887 -0.000178774 0)
(0.990887 -0.000178798 0)
(0.990887 -0.000178819 0)
(0.990887 -0.00017885 0)
(0.990887 -0.000178864 0)
(0.990887 -0.000178862 0)
(0.990887 -0.000178845 0)
(0.990887 -0.000178843 0)
(0.990887 -0.000178841 0)
(0.990887 -0.000178842 0)
(0.990887 -0.000178844 0)
(0.990887 -0.000178843 0)
(0.990887 -0.000178822 0)
(0.990887 -0.000178797 0)
(0.990887 -0.00017878 0)
(0.990887 -0.00017879 0)
(0.990887 -0.000178811 0)
(0.990887 -0.000178842 0)
(0.990887 -0.000178879 0)
(0.990887 -0.000178919 0)
(0.990886 -0.000178973 0)
(0.990886 -0.000179067 0)
(0.990886 -0.000179201 0)
(0.990885 -0.000179381 0)
(0.990884 -0.000179639 0)
(0.990883 -0.000180009 0)
(0.990881 -0.000180535 0)
(0.990878 -0.000181282 0)
(0.990874 -0.000182292 0)
(0.990869 -0.000183624 0)
(0.990861 -0.000185072 0)
(0.990851 -0.000186577 0)
(0.990838 -0.000187181 0)
(0.990824 -0.000189669 0)
(0.990785 -0.000203261 0)
(0.99073 -0.000283899 0)
(0.990321 -0.000530524 0)
(0.989739 -0.00109602 0)
(0.98595 -0.00141765 0)
(0.938174 -0.19532 0)
(0.975113 -0.0389484 0)
(0.907059 -0.00768418 0)
(0.91427 -0.00117515 0)
(0.910169 0.000432408 0)
(0.912679 -1.6375e-05 0)
(0.912105 -0.000180555 0)
(0.91212 -0.000357415 0)
(0.911573 -0.000367201 0)
(0.911192 -0.000363318 0)
(0.910777 -0.00033363 0)
(0.910447 -0.00030831 0)
(0.910153 -0.000282609 0)
(0.90991 -0.000262227 0)
(0.909703 -0.000244454 0)
(0.909529 -0.000229485 0)
(0.909383 -0.000216444 0)
(0.909261 -0.000205258 0)
(0.909161 -0.000195698 0)
(0.90908 -0.000187615 0)
(0.909013 -0.000180858 0)
(0.90896 -0.000175212 0)
(0.908918 -0.000170492 0)
(0.908884 -0.000166653 0)
(0.908858 -0.00016359 0)
(0.908838 -0.000161122 0)
(0.908822 -0.000159163 0)
(0.90881 -0.000157646 0)
(0.908801 -0.00015646 0)
(0.908795 -0.000155568 0)
(0.90879 -0.000154906 0)
(0.908786 -0.000154394 0)
(0.908783 -0.000154013 0)
(0.908782 -0.000153733 0)
(0.90878 -0.00015351 0)
(0.908779 -0.000153329 0)
(0.908779 -0.000153219 0)
(0.908778 -0.000153149 0)
(0.908778 -0.000153094 0)
(0.908778 -0.000153053 0)
(0.908777 -0.000153036 0)
(0.908777 -0.000153031 0)
(0.908777 -0.000153031 0)
(0.908777 -0.000153027 0)
(0.908777 -0.00015304 0)
(0.908777 -0.000153041 0)
(0.908777 -0.000153036 0)
(0.908777 -0.000153029 0)
(0.908777 -0.000153023 0)
(0.908777 -0.000153016 0)
(0.908777 -0.000153004 0)
(0.908777 -0.000152981 0)
(0.908777 -0.000152978 0)
(0.908777 -0.000152976 0)
(0.908777 -0.000152989 0)
(0.908777 -0.000152982 0)
(0.908777 -0.000152981 0)
(0.908777 -0.000152973 0)
(0.908777 -0.000152966 0)
(0.908777 -0.000152952 0)
(0.908777 -0.000152949 0)
(0.908777 -0.000152956 0)
(0.908777 -0.000152973 0)
(0.908777 -0.000152983 0)
(0.908777 -0.000153004 0)
(0.908777 -0.000153011 0)
(0.908777 -0.000153008 0)
(0.908777 -0.000152997 0)
(0.908777 -0.000152996 0)
(0.908777 -0.000152997 0)
(0.908777 -0.000153 0)
(0.908777 -0.000152999 0)
(0.908777 -0.000152998 0)
(0.908777 -0.000152988 0)
(0.908777 -0.000152972 0)
(0.908777 -0.000152957 0)
(0.908777 -0.000152965 0)
(0.908777 -0.000152979 0)
(0.908777 -0.000152995 0)
(0.908777 -0.000153019 0)
(0.908777 -0.000153045 0)
(0.908777 -0.000153076 0)
(0.908776 -0.000153137 0)
(0.908776 -0.000153226 0)
(0.908775 -0.00015334 0)
(0.908774 -0.000153506 0)
(0.908773 -0.000153747 0)
(0.908771 -0.000154089 0)
(0.908768 -0.00015457 0)
(0.908764 -0.000155224 0)
(0.908758 -0.000156086 0)
(0.908751 -0.000156989 0)
(0.908741 -0.000157833 0)
(0.908728 -0.000157866 0)
(0.908717 -0.000158297 0)
(0.908686 -0.000165161 0)
(0.908646 -0.000210446 0)
(0.908279 -0.000360194 0)
(0.907751 -0.000653428 0)
(0.904637 -0.000607117 0)
(0.789069 -0.171985 0)
(0.802518 -0.0240812 0)
(0.7353 -0.00284002 0)
(0.741219 -8.6219e-05 0)
(0.738297 0.000766535 0)
(0.740436 0.000454095 0)
(0.739985 0.000390865 0)
(0.739936 0.000298639 0)
(0.739432 0.000300311 0)
(0.739063 0.000301842 0)
(0.738679 0.000316993 0)
(0.738371 0.000328743 0)
(0.7381 0.000341077 0)
(0.737876 0.000351022 0)
(0.737685 0.000359715 0)
(0.737526 0.000366929 0)
(0.737393 0.000373297 0)
(0.737284 0.000378749 0)
(0.737193 0.000383387 0)
(0.73712 0.000387314 0)
(0.737061 0.000390586 0)
(0.737013 0.000393292 0)
(0.736975 0.000395551 0)
(0.736946 0.000397382 0)
(0.736923 0.000398832 0)
(0.736905 0.000400002 0)
(0.736891 0.000400931 0)
(0.736881 0.000401638 0)
(0.736874 0.000402193 0)
(0.736868 0.000402613 0)
(0.736864 0.000402913 0)
(0.73686 0.000403148 0)
(0.736858 0.000403333 0)
(0.736857 0.00040346 0)
(0.736855 0.000403565 0)
(0.736855 0.000403658 0)
(0.736854 0.000403699 0)
(0.736854 0.000403724 0)
(0.736853 0.000403751 0)
(0.736853 0.000403775 0)
(0.736853 0.000403786 0)
(0.736853 0.000403783 0)
(0.736853 0.000403779 0)
(0.736853 0.000403783 0)
(0.736853 0.000403779 0)
(0.736853 0.000403777 0)
(0.736853 0.00040378 0)
(0.736852 0.00040378 0)
(0.736852 0.000403782 0)
(0.736852 0.000403789 0)
(0.736852 0.000403794 0)
(0.736852 0.000403804 0)
(0.736852 0.000403808 0)
(0.736852 0.000403814 0)
(0.736852 0.000403804 0)
(0.736852 0.000403806 0)
(0.736852 0.000403808 0)
(0.736852 0.000403813 0)
(0.736852 0.000403811 0)
(0.736853 0.000403822 0)
(0.736853 0.000403828 0)
(0.736853 0.00040382 0)
(0.736853 0.000403809 0)
(0.736853 0.000403809 0)
(0.736853 0.000403799 0)
(0.736853 0.000403795 0)
(0.736853 0.000403797 0)
(0.736853 0.000403801 0)
(0.736853 0.000403801 0)
(0.736853 0.000403801 0)
(0.736853 0.000403796 0)
(0.736853 0.000403798 0)
(0.736853 0.000403802 0)
(0.736853 0.000403803 0)
(0.736853 0.000403809 0)
(0.736853 0.000403821 0)
(0.736853 0.000403815 0)
(0.736853 0.000403806 0)
(0.736853 0.000403802 0)
(0.736853 0.000403791 0)
(0.736853 0.000403776 0)
(0.736852 0.000403765 0)
(0.736852 0.000403737 0)
(0.736852 0.000403691 0)
(0.736851 0.000403637 0)
(0.73685 0.000403557 0)
(0.736849 0.000403441 0)
(0.736847 0.000403275 0)
(0.736845 0.000403043 0)
(0.736841 0.00040273 0)
(0.736836 0.000402312 0)
(0.736829 0.000401894 0)
(0.73682 0.000401554 0)
(0.73681 0.000401728 0)
(0.736802 0.000402231 0)
(0.736784 0.00040012 0)
(0.736764 0.000382569 0)
(0.736485 0.000315912 0)
(0.736101 0.000212875 0)
(0.734293 0.000457772 0)
(0.427071 -0.0732057 0)
(0.418115 -0.00685205 0)
(0.375404 0.000524102 0)
(0.379017 0.0010708 0)
(0.377772 0.0013091 0)
(0.378958 0.00120925 0)
(0.37871 0.00120071 0)
(0.378649 0.00117616 0)
(0.378351 0.00117882 0)
(0.378129 0.00117932 0)
(0.377906 0.00118371 0)
(0.377728 0.0011867 0)
(0.377572 0.00118979 0)
(0.377444 0.00119224 0)
(0.377335 0.0011944 0)
(0.377245 0.00119616 0)
(0.37717 0.00119769 0)
(0.377108 0.00119898 0)
(0.377058 0.00120007 0)
(0.377017 0.00120099 0)
(0.376984 0.00120175 0)
(0.376958 0.00120237 0)
(0.376937 0.00120289 0)
(0.376921 0.0012033 0)
(0.376909 0.00120362 0)
(0.376899 0.00120389 0)
(0.376892 0.0012041 0)
(0.376886 0.00120425 0)
(0.376882 0.00120438 0)
(0.376879 0.00120447 0)
(0.376877 0.00120454 0)
(0.376875 0.00120459 0)
(0.376874 0.00120463 0)
(0.376873 0.00120466 0)
(0.376873 0.00120468 0)
(0.376872 0.0012047 0)
(0.376872 0.00120471 0)
(0.376872 0.00120471 0)
(0.376872 0.00120472 0)
(0.376872 0.00120472 0)
(0.376871 0.00120473 0)
(0.376871 0.00120473 0)
(0.376871 0.00120473 0)
(0.376871 0.00120473 0)
(0.376871 0.00120473 0)
(0.376871 0.00120472 0)
(0.376871 0.00120472 0)
(0.376871 0.00120472 0)
(0.376871 0.00120473 0)
(0.376871 0.00120473 0)
(0.376871 0.00120473 0)
(0.376871 0.00120473 0)
(0.376871 0.00120473 0)
(0.376871 0.00120473 0)
(0.376871 0.00120473 0)
(0.376871 0.00120473 0)
(0.376871 0.00120473 0)
(0.376871 0.00120473 0)
(0.376871 0.00120473 0)
(0.376871 0.00120473 0)
(0.376871 0.00120474 0)
(0.376871 0.00120473 0)
(0.376871 0.00120473 0)
(0.376871 0.00120473 0)
(0.376871 0.00120473 0)
(0.376871 0.00120473 0)
(0.376871 0.00120473 0)
(0.376871 0.00120473 0)
(0.376871 0.00120473 0)
(0.376871 0.00120473 0)
(0.376871 0.00120472 0)
(0.376871 0.00120473 0)
(0.376871 0.00120473 0)
(0.376871 0.00120473 0)
(0.376871 0.00120473 0)
(0.376871 0.00120473 0)
(0.376871 0.00120473 0)
(0.376871 0.00120473 0)
(0.376871 0.00120473 0)
(0.376871 0.00120473 0)
(0.376871 0.00120472 0)
(0.376871 0.00120472 0)
(0.376871 0.00120471 0)
(0.376871 0.0012047 0)
(0.376871 0.00120469 0)
(0.37687 0.00120467 0)
(0.37687 0.00120464 0)
(0.376869 0.00120459 0)
(0.376867 0.00120453 0)
(0.376865 0.00120446 0)
(0.376862 0.00120435 0)
(0.376858 0.00120425 0)
(0.376854 0.00120419 0)
(0.376848 0.00120432 0)
(0.376845 0.00120471 0)
(0.37684 0.00120464 0)
(0.37684 0.00120164 0)
(0.376711 0.00118543 0)
(0.376552 0.00116678 0)
(0.376217 0.00130294 0)
)
;

boundaryField
{
    inlet
    {
        type            fixedValue;
        value           uniform (1 0 0);
    }
    outlet
    {
        type            zeroGradient;
    }
    lowerWall
    {
        type            noSlip;
    }
    upperWall
    {
        type            noSlip;
    }
    frontAndBack
    {
        type            empty;
    }
}


// ************************************************************************* //
