/*--------------------------------*- C++ -*----------------------------------*\
| =========                 |                                                 |
| \\      /  F ield         | OpenFOAM: The Open Source CFD Toolbox           |
|  \\    /   O peration     | Version:  v1906                                 |
|   \\  /    A nd           | Web:      www.OpenFOAM.com                      |
|    \\/     M anipulation  |                                                 |
\*---------------------------------------------------------------------------*/
FoamFile
{
    version     2.0;
    format      ascii;
    class       volScalarField;
    location    "1";
    object      Ux;
}
// * * * * * * * * * * * * * * * * * * * * * * * * * * * * * * * * * * * * * //

dimensions      [0 1 -1 0 0 0 0];


internalField   nonuniform List<scalar> 
4000
(
0.427071
0.418115
0.375403
0.379016
0.377771
0.378958
0.37871
0.378648
0.37835
0.378129
0.377906
0.377727
0.377572
0.377443
0.377335
0.377245
0.37717
0.377109
0.377058
0.377017
0.376984
0.376958
0.376938
0.376921
0.376909
0.376899
0.376892
0.376886
0.376882
0.376879
0.376877
0.376875
0.376874
0.376873
0.376873
0.376872
0.376872
0.376872
0.376872
0.376871
0.376871
0.376871
0.376871
0.376871
0.376871
0.376871
0.376871
0.376871
0.376871
0.376871
0.376871
0.376871
0.376871
0.376871
0.376871
0.376871
0.376871
0.376871
0.376871
0.376871
0.376871
0.376871
0.376871
0.376871
0.376871
0.376871
0.376871
0.376871
0.376871
0.376871
0.376871
0.376871
0.376871
0.376871
0.376871
0.376871
0.376871
0.376871
0.376871
0.376871
0.376871
0.376871
0.376871
0.376871
0.37687
0.37687
0.376869
0.376868
0.376867
0.376865
0.376862
0.376858
0.376853
0.376848
0.376845
0.37684
0.37684
0.376711
0.376552
0.376217
0.78907
0.802518
0.7353
0.741219
0.738297
0.740436
0.739985
0.739936
0.739431
0.739062
0.738678
0.738371
0.7381
0.737875
0.737685
0.737526
0.737394
0.737284
0.737194
0.73712
0.737061
0.737013
0.736975
0.736946
0.736923
0.736905
0.736891
0.736881
0.736873
0.736868
0.736864
0.73686
0.736858
0.736857
0.736855
0.736855
0.736854
0.736854
0.736853
0.736853
0.736853
0.736853
0.736852
0.736852
0.736852
0.736852
0.736852
0.736852
0.736853
0.736853
0.736853
0.736853
0.736853
0.736853
0.736853
0.736853
0.736853
0.736852
0.736852
0.736852
0.736852
0.736852
0.736852
0.736853
0.736853
0.736853
0.736853
0.736853
0.736853
0.736853
0.736853
0.736853
0.736853
0.736853
0.736853
0.736853
0.736853
0.736853
0.736852
0.736852
0.736852
0.736852
0.736852
0.736851
0.736851
0.73685
0.736849
0.736847
0.736845
0.736841
0.736836
0.736829
0.73682
0.73681
0.736802
0.736784
0.736764
0.736486
0.736102
0.734293
0.938174
0.975114
0.907059
0.914271
0.910169
0.912679
0.912105
0.91212
0.911573
0.911191
0.910777
0.910447
0.910153
0.90991
0.909702
0.909528
0.909383
0.909261
0.909162
0.90908
0.909013
0.90896
0.908917
0.908884
0.908858
0.908837
0.908822
0.90881
0.908801
0.908795
0.90879
0.908786
0.908784
0.908782
0.90878
0.908779
0.908779
0.908778
0.908778
0.908777
0.908777
0.908777
0.908777
0.908777
0.908777
0.908777
0.908777
0.908777
0.908777
0.908777
0.908777
0.908777
0.908777
0.908777
0.908777
0.908777
0.908777
0.908777
0.908777
0.908777
0.908777
0.908777
0.908777
0.908777
0.908777
0.908777
0.908777
0.908777
0.908777
0.908777
0.908777
0.908777
0.908777
0.908777
0.908777
0.908777
0.908777
0.908777
0.908777
0.908777
0.908776
0.908776
0.908776
0.908775
0.908775
0.908774
0.908773
0.908771
0.908768
0.908764
0.908758
0.90875
0.90874
0.908728
0.908716
0.908686
0.908646
0.908279
0.907752
0.904637
0.996233
1.05005
0.988565
0.996808
0.991943
0.994581
0.993917
0.994011
0.99349
0.993153
0.992767
0.992464
0.992191
0.991965
0.99177
0.991607
0.991469
0.991355
0.99126
0.991182
0.991118
0.991066
0.991025
0.990992
0.990967
0.990947
0.990931
0.99092
0.990911
0.990904
0.9909
0.990896
0.990893
0.990892
0.99089
0.990889
0.990888
0.990888
0.990887
0.990887
0.990887
0.990886
0.990886
0.990886
0.990886
0.990886
0.990886
0.990886
0.990887
0.990887
0.990887
0.990887
0.990887
0.990887
0.990887
0.990887
0.990887
0.990886
0.990886
0.990886
0.990886
0.990886
0.990886
0.990886
0.990887
0.990887
0.990887
0.990887
0.990887
0.990887
0.990887
0.990887
0.990887
0.990887
0.990887
0.990887
0.990887
0.990886
0.990886
0.990886
0.990886
0.990886
0.990886
0.990885
0.990885
0.990884
0.990882
0.99088
0.990878
0.990874
0.990868
0.990861
0.990851
0.990838
0.990824
0.990785
0.99073
0.990321
0.989739
0.985951
1.01564
1.08002
1.02689
1.03601
1.0307
1.03336
1.03262
1.03279
1.03233
1.03206
1.03173
1.03147
1.03124
1.03105
1.03088
1.03074
1.03062
1.03052
1.03044
1.03037
1.03031
1.03026
1.03023
1.0302
1.03018
1.03016
1.03014
1.03013
1.03012
1.03012
1.03011
1.03011
1.03011
1.03011
1.0301
1.0301
1.0301
1.0301
1.0301
1.0301
1.0301
1.0301
1.0301
1.0301
1.0301
1.0301
1.0301
1.0301
1.0301
1.0301
1.0301
1.0301
1.0301
1.0301
1.0301
1.0301
1.0301
1.0301
1.0301
1.0301
1.0301
1.0301
1.0301
1.0301
1.0301
1.0301
1.0301
1.0301
1.0301
1.0301
1.0301
1.0301
1.0301
1.0301
1.0301
1.0301
1.0301
1.0301
1.0301
1.0301
1.0301
1.0301
1.0301
1.0301
1.0301
1.0301
1.0301
1.0301
1.03009
1.03009
1.03009
1.03008
1.03007
1.03006
1.03004
1.03
1.02994
1.02952
1.02896
1.02509
1.01911
1.0895
1.04458
1.05446
1.04892
1.05155
1.05075
1.05101
1.0506
1.05041
1.05015
1.04995
1.04976
1.04961
1.04947
1.04936
1.04926
1.04918
1.04911
1.04905
1.04901
1.04897
1.04894
1.04891
1.04889
1.04888
1.04887
1.04886
1.04885
1.04884
1.04884
1.04884
1.04884
1.04883
1.04883
1.04883
1.04883
1.04883
1.04883
1.04883
1.04883
1.04883
1.04883
1.04883
1.04883
1.04883
1.04883
1.04883
1.04883
1.04883
1.04883
1.04883
1.04883
1.04883
1.04883
1.04883
1.04883
1.04883
1.04883
1.04883
1.04883
1.04883
1.04883
1.04883
1.04883
1.04883
1.04883
1.04883
1.04883
1.04883
1.04883
1.04883
1.04883
1.04883
1.04883
1.04883
1.04883
1.04883
1.04883
1.04883
1.04883
1.04883
1.04883
1.04883
1.04883
1.04883
1.04883
1.04883
1.04882
1.04882
1.04882
1.04881
1.0488
1.04879
1.04877
1.04873
1.04867
1.04828
1.04778
1.04425
1.0165
1.08996
1.05246
1.06298
1.05736
1.05993
1.05909
1.05941
1.05907
1.05896
1.05876
1.05862
1.05848
1.05837
1.05827
1.05818
1.05811
1.05805
1.058
1.05795
1.05792
1.05789
1.05786
1.05784
1.05783
1.05781
1.0578
1.0578
1.05779
1.05779
1.05778
1.05778
1.05778
1.05778
1.05778
1.05778
1.05778
1.05778
1.05778
1.05778
1.05778
1.05777
1.05777
1.05777
1.05777
1.05777
1.05777
1.05777
1.05777
1.05778
1.05778
1.05778
1.05778
1.05778
1.05778
1.05778
1.05778
1.05778
1.05777
1.05777
1.05777
1.05777
1.05778
1.05778
1.05778
1.05778
1.05778
1.05778
1.05778
1.05778
1.05778
1.05778
1.05778
1.05778
1.05778
1.05778
1.05778
1.05777
1.05777
1.05777
1.05777
1.05777
1.05777
1.05777
1.05777
1.05777
1.05777
1.05777
1.05777
1.05777
1.05776
1.05776
1.05775
1.05774
1.05773
1.05768
1.05762
1.05728
1.05688
1.05392
1.01203
1.08677
1.0557
1.06676
1.06115
1.06364
1.06276
1.06314
1.06287
1.06284
1.0627
1.06262
1.06252
1.06245
1.06239
1.06233
1.06228
1.06224
1.0622
1.06217
1.06215
1.06213
1.06211
1.0621
1.06209
1.06208
1.06207
1.06206
1.06206
1.06206
1.06205
1.06205
1.06205
1.06205
1.06205
1.06205
1.06205
1.06205
1.06205
1.06205
1.06205
1.06205
1.06205
1.06205
1.06205
1.06205
1.06205
1.06205
1.06205
1.06205
1.06205
1.06205
1.06205
1.06205
1.06205
1.06205
1.06205
1.06205
1.06205
1.06205
1.06205
1.06205
1.06205
1.06205
1.06205
1.06205
1.06205
1.06205
1.06205
1.06205
1.06205
1.06205
1.06205
1.06205
1.06205
1.06205
1.06205
1.06205
1.06205
1.06205
1.06205
1.06205
1.06205
1.06205
1.06205
1.06205
1.06204
1.06204
1.06204
1.06204
1.06204
1.06204
1.06203
1.06202
1.06201
1.06197
1.06192
1.06164
1.06135
1.05909
1.00739
1.08235
1.05677
1.06828
1.06275
1.06515
1.06424
1.06467
1.06445
1.06449
1.06441
1.06438
1.06434
1.06431
1.06427
1.06425
1.06422
1.0642
1.06418
1.06416
1.06415
1.06414
1.06413
1.06412
1.06411
1.06411
1.0641
1.0641
1.0641
1.06409
1.06409
1.06409
1.06409
1.06409
1.06409
1.06409
1.06409
1.06409
1.06409
1.06409
1.06409
1.06409
1.06409
1.06409
1.06409
1.06409
1.06409
1.06409
1.06409
1.06409
1.06409
1.06409
1.06409
1.06409
1.06409
1.06409
1.06409
1.06409
1.06409
1.06409
1.06409
1.06409
1.06409
1.06409
1.06409
1.06409
1.06409
1.06409
1.06409
1.06409
1.06409
1.06409
1.06409
1.06409
1.06409
1.06409
1.06409
1.06409
1.06409
1.06409
1.06409
1.06409
1.06409
1.06409
1.06409
1.06409
1.06409
1.06409
1.06408
1.06408
1.06408
1.06408
1.06408
1.06407
1.06406
1.06403
1.06398
1.06379
1.06361
1.06211
1.00321
1.07778
1.05685
1.06875
1.06333
1.06563
1.06468
1.06516
1.065
1.0651
1.06508
1.0651
1.0651
1.0651
1.0651
1.0651
1.0651
1.06509
1.06509
1.06509
1.06508
1.06508
1.06508
1.06507
1.06507
1.06507
1.06507
1.06507
1.06507
1.06506
1.06506
1.06506
1.06506
1.06506
1.06506
1.06506
1.06506
1.06506
1.06506
1.06506
1.06506
1.06506
1.06506
1.06506
1.06506
1.06506
1.06506
1.06506
1.06506
1.06506
1.06506
1.06506
1.06506
1.06506
1.06506
1.06506
1.06506
1.06506
1.06506
1.06506
1.06506
1.06506
1.06506
1.06506
1.06506
1.06506
1.06506
1.06506
1.06506
1.06506
1.06506
1.06506
1.06506
1.06506
1.06506
1.06506
1.06506
1.06506
1.06506
1.06506
1.06506
1.06506
1.06506
1.06506
1.06506
1.06506
1.06506
1.06506
1.06506
1.06506
1.06506
1.06506
1.06506
1.06505
1.06504
1.06502
1.06499
1.06489
1.06481
1.06409
0.999637
1.07353
1.0565
1.06874
1.06345
1.06564
1.06466
1.06517
1.06506
1.06522
1.06525
1.06532
1.06536
1.0654
1.06542
1.06545
1.06547
1.06548
1.06549
1.0655
1.06551
1.06551
1.06552
1.06552
1.06552
1.06552
1.06553
1.06553
1.06553
1.06553
1.06553
1.06553
1.06553
1.06553
1.06553
1.06553
1.06553
1.06553
1.06553
1.06553
1.06553
1.06553
1.06553
1.06553
1.06553
1.06553
1.06553
1.06553
1.06553
1.06553
1.06553
1.06553
1.06553
1.06553
1.06553
1.06553
1.06553
1.06553
1.06553
1.06553
1.06553
1.06553
1.06553
1.06553
1.06553
1.06553
1.06553
1.06553
1.06553
1.06553
1.06553
1.06553
1.06553
1.06553
1.06553
1.06553
1.06553
1.06553
1.06553
1.06553
1.06553
1.06553
1.06553
1.06553
1.06553
1.06553
1.06553
1.06553
1.06553
1.06553
1.06553
1.06553
1.06553
1.06553
1.06552
1.06551
1.06549
1.06548
1.06551
1.06553
0.996676
1.06975
1.05599
1.06853
1.06337
1.06545
1.06445
1.06498
1.06492
1.06513
1.0652
1.06531
1.06539
1.06546
1.06551
1.06556
1.0656
1.06563
1.06566
1.06568
1.06569
1.06571
1.06572
1.06573
1.06573
1.06574
1.06574
1.06574
1.06574
1.06575
1.06575
1.06575
1.06575
1.06575
1.06575
1.06575
1.06575
1.06575
1.06575
1.06575
1.06575
1.06575
1.06575
1.06575
1.06575
1.06575
1.06575
1.06575
1.06575
1.06575
1.06575
1.06575
1.06575
1.06575
1.06575
1.06575
1.06575
1.06575
1.06575
1.06575
1.06575
1.06575
1.06575
1.06575
1.06575
1.06575
1.06575
1.06575
1.06575
1.06575
1.06575
1.06575
1.06575
1.06575
1.06575
1.06575
1.06575
1.06575
1.06575
1.06575
1.06575
1.06575
1.06575
1.06575
1.06575
1.06575
1.06575
1.06575
1.06575
1.06575
1.06575
1.06576
1.06576
1.06576
1.06576
1.06576
1.06575
1.06583
1.06596
1.06669
0.994258
1.06649
1.05545
1.06825
1.06322
1.06519
1.06416
1.06472
1.06469
1.06495
1.06506
1.06521
1.06532
1.06542
1.0655
1.06556
1.06562
1.06567
1.06571
1.06574
1.06576
1.06578
1.0658
1.06581
1.06582
1.06583
1.06584
1.06584
1.06585
1.06585
1.06585
1.06585
1.06585
1.06585
1.06585
1.06585
1.06585
1.06585
1.06585
1.06585
1.06585
1.06585
1.06585
1.06585
1.06585
1.06585
1.06586
1.06586
1.06586
1.06586
1.06586
1.06586
1.06586
1.06586
1.06586
1.06586
1.06586
1.06586
1.06586
1.06586
1.06586
1.06586
1.06586
1.06586
1.06586
1.06586
1.06586
1.06586
1.06586
1.06586
1.06586
1.06586
1.06586
1.06586
1.06586
1.06586
1.06586
1.06586
1.06586
1.06586
1.06586
1.06586
1.06586
1.06586
1.06586
1.06586
1.06586
1.06586
1.06586
1.06586
1.06586
1.06587
1.06587
1.06587
1.06587
1.06589
1.0659
1.06606
1.06628
1.06766
0.992307
1.06373
1.05493
1.06797
1.06306
1.06493
1.06387
1.06444
1.06445
1.06474
1.06489
1.06508
1.06521
1.06533
1.06544
1.06552
1.0656
1.06566
1.06571
1.06575
1.06578
1.06581
1.06583
1.06585
1.06586
1.06587
1.06588
1.06589
1.06589
1.0659
1.0659
1.0659
1.0659
1.0659
1.0659
1.0659
1.06591
1.06591
1.06591
1.06591
1.06591
1.06591
1.06591
1.06591
1.06591
1.06591
1.06591
1.06591
1.06591
1.06591
1.06591
1.06591
1.06591
1.06591
1.06591
1.06591
1.06591
1.06591
1.06591
1.06591
1.06591
1.06591
1.06591
1.06591
1.06591
1.06591
1.06591
1.06591
1.06591
1.06591
1.06591
1.06591
1.06591
1.06591
1.06591
1.06591
1.06591
1.06591
1.06591
1.06591
1.06591
1.06591
1.06591
1.06591
1.06591
1.06591
1.06591
1.06591
1.06591
1.06591
1.06592
1.06592
1.06592
1.06593
1.06594
1.06596
1.06598
1.06623
1.06653
1.06849
0.990751
1.06145
1.05447
1.06771
1.06291
1.06468
1.0636
1.06418
1.06421
1.06454
1.06473
1.06494
1.0651
1.06524
1.06536
1.06547
1.06555
1.06563
1.06569
1.06574
1.06578
1.06581
1.06584
1.06586
1.06588
1.06589
1.0659
1.06591
1.06591
1.06592
1.06592
1.06592
1.06593
1.06593
1.06593
1.06593
1.06593
1.06593
1.06593
1.06593
1.06593
1.06593
1.06593
1.06593
1.06593
1.06593
1.06593
1.06593
1.06593
1.06593
1.06593
1.06593
1.06593
1.06593
1.06593
1.06593
1.06593
1.06593
1.06593
1.06593
1.06593
1.06593
1.06593
1.06593
1.06593
1.06593
1.06593
1.06593
1.06593
1.06593
1.06593
1.06593
1.06593
1.06593
1.06593
1.06593
1.06593
1.06593
1.06593
1.06593
1.06593
1.06593
1.06593
1.06593
1.06593
1.06593
1.06593
1.06593
1.06594
1.06594
1.06594
1.06595
1.06595
1.06596
1.06597
1.06601
1.06604
1.06637
1.06674
1.06921
0.989533
1.0596
1.05407
1.06749
1.06278
1.06447
1.06337
1.06396
1.06401
1.06437
1.06458
1.06481
1.06499
1.06515
1.06529
1.06541
1.06551
1.06559
1.06566
1.06572
1.06576
1.0658
1.06583
1.06586
1.06588
1.06589
1.06591
1.06591
1.06592
1.06593
1.06593
1.06593
1.06594
1.06594
1.06594
1.06594
1.06594
1.06594
1.06594
1.06594
1.06594
1.06594
1.06594
1.06594
1.06594
1.06594
1.06594
1.06594
1.06594
1.06594
1.06594
1.06594
1.06594
1.06594
1.06594
1.06594
1.06594
1.06594
1.06594
1.06594
1.06594
1.06594
1.06594
1.06594
1.06594
1.06594
1.06594
1.06594
1.06594
1.06594
1.06594
1.06594
1.06594
1.06594
1.06594
1.06594
1.06594
1.06594
1.06594
1.06594
1.06594
1.06594
1.06594
1.06594
1.06594
1.06594
1.06594
1.06595
1.06595
1.06595
1.06595
1.06596
1.06597
1.06598
1.06599
1.06604
1.06608
1.06647
1.06691
1.06981
0.988608
1.05817
1.05375
1.06731
1.06268
1.06429
1.06318
1.06377
1.06384
1.06422
1.06445
1.0647
1.0649
1.06508
1.06523
1.06536
1.06546
1.06556
1.06563
1.0657
1.06575
1.06579
1.06583
1.06585
1.06588
1.06589
1.06591
1.06592
1.06592
1.06593
1.06593
1.06594
1.06594
1.06594
1.06594
1.06594
1.06595
1.06595
1.06595
1.06595
1.06595
1.06595
1.06595
1.06595
1.06595
1.06595
1.06595
1.06595
1.06595
1.06595
1.06595
1.06595
1.06595
1.06595
1.06595
1.06595
1.06595
1.06595
1.06595
1.06595
1.06595
1.06595
1.06595
1.06595
1.06595
1.06595
1.06595
1.06595
1.06595
1.06595
1.06595
1.06595
1.06595
1.06595
1.06595
1.06595
1.06595
1.06595
1.06595
1.06595
1.06595
1.06595
1.06595
1.06595
1.06595
1.06595
1.06595
1.06595
1.06595
1.06596
1.06596
1.06597
1.06598
1.06599
1.06601
1.06606
1.06611
1.06656
1.06704
1.07029
0.987942
1.05711
1.05351
1.06717
1.0626
1.06416
1.06303
1.06363
1.06371
1.06411
1.06435
1.06462
1.06483
1.06502
1.06518
1.06532
1.06543
1.06553
1.06561
1.06568
1.06574
1.06578
1.06582
1.06585
1.06587
1.06589
1.06591
1.06592
1.06593
1.06593
1.06594
1.06594
1.06594
1.06594
1.06595
1.06595
1.06595
1.06595
1.06595
1.06595
1.06595
1.06595
1.06595
1.06595
1.06595
1.06595
1.06595
1.06595
1.06595
1.06595
1.06595
1.06595
1.06595
1.06595
1.06595
1.06595
1.06595
1.06595
1.06595
1.06595
1.06595
1.06595
1.06595
1.06595
1.06595
1.06595
1.06595
1.06595
1.06595
1.06595
1.06595
1.06595
1.06595
1.06595
1.06595
1.06595
1.06595
1.06595
1.06595
1.06595
1.06595
1.06595
1.06595
1.06595
1.06595
1.06595
1.06595
1.06596
1.06596
1.06596
1.06597
1.06597
1.06598
1.066
1.06601
1.06608
1.06614
1.06662
1.06714
1.07065
0.98751
1.05642
1.05335
1.06708
1.06255
1.06407
1.06293
1.06353
1.06363
1.06403
1.06429
1.06456
1.06478
1.06498
1.06514
1.06529
1.06541
1.06551
1.0656
1.06567
1.06573
1.06577
1.06581
1.06584
1.06587
1.06589
1.0659
1.06592
1.06592
1.06593
1.06594
1.06594
1.06594
1.06595
1.06595
1.06595
1.06595
1.06595
1.06595
1.06595
1.06595
1.06595
1.06595
1.06595
1.06595
1.06595
1.06595
1.06595
1.06595
1.06595
1.06595
1.06595
1.06595
1.06595
1.06595
1.06595
1.06595
1.06595
1.06595
1.06595
1.06595
1.06595
1.06595
1.06595
1.06595
1.06595
1.06595
1.06595
1.06595
1.06595
1.06595
1.06595
1.06595
1.06595
1.06595
1.06595
1.06595
1.06595
1.06595
1.06595
1.06595
1.06595
1.06595
1.06595
1.06595
1.06595
1.06595
1.06596
1.06596
1.06596
1.06597
1.06598
1.06598
1.066
1.06602
1.06609
1.06615
1.06666
1.06721
1.0709
0.987298
1.05608
1.05327
1.06704
1.06252
1.06403
1.06289
1.06349
1.06358
1.064
1.06425
1.06454
1.06476
1.06496
1.06513
1.06527
1.0654
1.0655
1.06559
1.06566
1.06572
1.06577
1.06581
1.06584
1.06587
1.06589
1.0659
1.06592
1.06592
1.06593
1.06594
1.06594
1.06594
1.06595
1.06595
1.06595
1.06595
1.06595
1.06595
1.06595
1.06595
1.06595
1.06595
1.06595
1.06595
1.06595
1.06595
1.06595
1.06595
1.06595
1.06595
1.06595
1.06595
1.06595
1.06595
1.06595
1.06595
1.06595
1.06595
1.06595
1.06595
1.06595
1.06595
1.06595
1.06595
1.06595
1.06595
1.06595
1.06595
1.06595
1.06595
1.06595
1.06595
1.06595
1.06595
1.06595
1.06595
1.06595
1.06595
1.06595
1.06595
1.06595
1.06595
1.06595
1.06595
1.06595
1.06596
1.06596
1.06596
1.06596
1.06597
1.06598
1.06599
1.066
1.06602
1.06609
1.06616
1.06669
1.06725
1.07102
0.987298
1.05608
1.05327
1.06704
1.06252
1.06403
1.06289
1.06349
1.06358
1.064
1.06425
1.06454
1.06476
1.06496
1.06513
1.06527
1.0654
1.0655
1.06559
1.06566
1.06572
1.06577
1.06581
1.06584
1.06587
1.06589
1.0659
1.06592
1.06592
1.06593
1.06594
1.06594
1.06594
1.06595
1.06595
1.06595
1.06595
1.06595
1.06595
1.06595
1.06595
1.06595
1.06595
1.06595
1.06595
1.06595
1.06595
1.06595
1.06595
1.06595
1.06595
1.06595
1.06595
1.06595
1.06595
1.06595
1.06595
1.06595
1.06595
1.06595
1.06595
1.06595
1.06595
1.06595
1.06595
1.06595
1.06595
1.06595
1.06595
1.06595
1.06595
1.06595
1.06595
1.06595
1.06595
1.06595
1.06595
1.06595
1.06595
1.06595
1.06595
1.06595
1.06595
1.06595
1.06595
1.06595
1.06596
1.06596
1.06596
1.06596
1.06597
1.06598
1.06599
1.066
1.06602
1.06609
1.06616
1.06669
1.06725
1.07102
0.98751
1.05642
1.05335
1.06708
1.06255
1.06407
1.06293
1.06353
1.06363
1.06403
1.06429
1.06456
1.06478
1.06498
1.06514
1.06529
1.06541
1.06551
1.0656
1.06567
1.06573
1.06577
1.06581
1.06584
1.06587
1.06589
1.0659
1.06592
1.06593
1.06593
1.06594
1.06594
1.06594
1.06595
1.06595
1.06595
1.06595
1.06595
1.06595
1.06595
1.06595
1.06595
1.06595
1.06595
1.06595
1.06595
1.06595
1.06595
1.06595
1.06595
1.06595
1.06595
1.06595
1.06595
1.06595
1.06595
1.06595
1.06595
1.06595
1.06595
1.06595
1.06595
1.06595
1.06595
1.06595
1.06595
1.06595
1.06595
1.06595
1.06595
1.06595
1.06595
1.06595
1.06595
1.06595
1.06595
1.06595
1.06595
1.06595
1.06595
1.06595
1.06595
1.06595
1.06595
1.06595
1.06595
1.06596
1.06596
1.06596
1.06596
1.06597
1.06598
1.06598
1.066
1.06602
1.06609
1.06615
1.06666
1.06721
1.0709
0.987941
1.05711
1.05351
1.06717
1.0626
1.06416
1.06303
1.06363
1.06371
1.06411
1.06435
1.06462
1.06483
1.06502
1.06518
1.06532
1.06543
1.06553
1.06561
1.06568
1.06574
1.06578
1.06582
1.06585
1.06587
1.06589
1.06591
1.06592
1.06593
1.06593
1.06594
1.06594
1.06594
1.06594
1.06595
1.06595
1.06595
1.06595
1.06595
1.06595
1.06595
1.06595
1.06595
1.06595
1.06595
1.06595
1.06595
1.06595
1.06595
1.06595
1.06595
1.06595
1.06595
1.06595
1.06595
1.06595
1.06595
1.06595
1.06595
1.06595
1.06595
1.06595
1.06595
1.06595
1.06595
1.06595
1.06595
1.06595
1.06595
1.06595
1.06595
1.06595
1.06595
1.06595
1.06595
1.06595
1.06595
1.06595
1.06595
1.06595
1.06595
1.06595
1.06595
1.06595
1.06595
1.06595
1.06595
1.06596
1.06596
1.06596
1.06597
1.06597
1.06598
1.066
1.06601
1.06608
1.06614
1.06662
1.06714
1.07065
0.988608
1.05817
1.05375
1.06731
1.06268
1.06429
1.06318
1.06377
1.06384
1.06422
1.06445
1.0647
1.0649
1.06508
1.06523
1.06536
1.06546
1.06556
1.06563
1.0657
1.06575
1.06579
1.06583
1.06585
1.06588
1.06589
1.06591
1.06592
1.06592
1.06593
1.06593
1.06594
1.06594
1.06594
1.06594
1.06594
1.06595
1.06595
1.06595
1.06595
1.06595
1.06595
1.06595
1.06595
1.06595
1.06595
1.06595
1.06595
1.06595
1.06595
1.06595
1.06595
1.06595
1.06595
1.06595
1.06595
1.06595
1.06595
1.06595
1.06595
1.06595
1.06595
1.06595
1.06595
1.06595
1.06595
1.06595
1.06595
1.06595
1.06595
1.06595
1.06595
1.06595
1.06595
1.06595
1.06595
1.06595
1.06595
1.06595
1.06595
1.06595
1.06595
1.06595
1.06595
1.06595
1.06595
1.06595
1.06595
1.06595
1.06596
1.06596
1.06597
1.06598
1.06599
1.06601
1.06606
1.06611
1.06656
1.06704
1.07029
0.989533
1.0596
1.05407
1.06749
1.06278
1.06447
1.06337
1.06396
1.06401
1.06437
1.06458
1.06481
1.06499
1.06515
1.06529
1.06541
1.06551
1.06559
1.06566
1.06572
1.06576
1.0658
1.06583
1.06586
1.06588
1.06589
1.06591
1.06591
1.06592
1.06593
1.06593
1.06593
1.06594
1.06594
1.06594
1.06594
1.06594
1.06594
1.06594
1.06594
1.06594
1.06594
1.06594
1.06594
1.06594
1.06594
1.06594
1.06594
1.06594
1.06594
1.06594
1.06594
1.06594
1.06594
1.06594
1.06594
1.06594
1.06594
1.06594
1.06594
1.06594
1.06594
1.06594
1.06594
1.06594
1.06594
1.06594
1.06594
1.06594
1.06594
1.06594
1.06594
1.06594
1.06594
1.06594
1.06594
1.06594
1.06594
1.06594
1.06594
1.06594
1.06594
1.06594
1.06594
1.06594
1.06594
1.06595
1.06595
1.06595
1.06595
1.06596
1.06596
1.06597
1.06598
1.06599
1.06604
1.06608
1.06647
1.06691
1.06981
0.990751
1.06145
1.05447
1.06771
1.06291
1.06468
1.0636
1.06418
1.06421
1.06454
1.06473
1.06494
1.0651
1.06524
1.06536
1.06547
1.06555
1.06563
1.06569
1.06574
1.06578
1.06581
1.06584
1.06586
1.06588
1.06589
1.0659
1.06591
1.06591
1.06592
1.06592
1.06592
1.06593
1.06593
1.06593
1.06593
1.06593
1.06593
1.06593
1.06593
1.06593
1.06593
1.06593
1.06593
1.06593
1.06593
1.06593
1.06593
1.06593
1.06593
1.06593
1.06593
1.06593
1.06593
1.06593
1.06593
1.06593
1.06593
1.06593
1.06593
1.06593
1.06593
1.06593
1.06593
1.06593
1.06593
1.06593
1.06593
1.06593
1.06593
1.06593
1.06593
1.06593
1.06593
1.06593
1.06593
1.06593
1.06593
1.06593
1.06593
1.06593
1.06593
1.06593
1.06593
1.06593
1.06593
1.06593
1.06593
1.06594
1.06594
1.06594
1.06595
1.06595
1.06596
1.06597
1.06601
1.06604
1.06636
1.06674
1.06921
0.992306
1.06373
1.05493
1.06797
1.06306
1.06492
1.06387
1.06444
1.06445
1.06474
1.06489
1.06508
1.06521
1.06534
1.06544
1.06552
1.0656
1.06566
1.06571
1.06575
1.06578
1.06581
1.06583
1.06585
1.06586
1.06587
1.06588
1.06589
1.06589
1.0659
1.0659
1.0659
1.0659
1.0659
1.0659
1.0659
1.0659
1.06591
1.06591
1.06591
1.06591
1.06591
1.06591
1.06591
1.06591
1.06591
1.06591
1.06591
1.06591
1.06591
1.06591
1.06591
1.06591
1.06591
1.06591
1.06591
1.06591
1.06591
1.06591
1.06591
1.06591
1.06591
1.06591
1.06591
1.06591
1.06591
1.06591
1.06591
1.06591
1.06591
1.06591
1.06591
1.06591
1.06591
1.06591
1.06591
1.06591
1.06591
1.06591
1.06591
1.06591
1.06591
1.06591
1.06591
1.06591
1.06591
1.06591
1.06591
1.06591
1.06591
1.06592
1.06592
1.06592
1.06593
1.06594
1.06596
1.06598
1.06623
1.06653
1.06849
0.994258
1.06649
1.05545
1.06825
1.06322
1.06519
1.06416
1.06472
1.06469
1.06495
1.06506
1.06521
1.06532
1.06542
1.0655
1.06557
1.06562
1.06567
1.06571
1.06574
1.06577
1.06579
1.0658
1.06581
1.06582
1.06583
1.06584
1.06584
1.06585
1.06585
1.06585
1.06585
1.06585
1.06585
1.06585
1.06585
1.06585
1.06585
1.06585
1.06585
1.06586
1.06586
1.06586
1.06586
1.06586
1.06586
1.06586
1.06586
1.06586
1.06586
1.06586
1.06586
1.06585
1.06585
1.06585
1.06585
1.06586
1.06586
1.06586
1.06586
1.06586
1.06586
1.06586
1.06586
1.06586
1.06586
1.06586
1.06586
1.06586
1.06586
1.06586
1.06586
1.06586
1.06586
1.06586
1.06586
1.06586
1.06586
1.06586
1.06586
1.06586
1.06586
1.06586
1.06586
1.06586
1.06586
1.06586
1.06586
1.06586
1.06586
1.06586
1.06587
1.06587
1.06587
1.06587
1.06589
1.0659
1.06606
1.06628
1.06766
0.996676
1.06975
1.05599
1.06853
1.06337
1.06545
1.06445
1.06498
1.06492
1.06513
1.0652
1.06531
1.06539
1.06546
1.06551
1.06556
1.0656
1.06563
1.06566
1.06568
1.06569
1.06571
1.06572
1.06573
1.06573
1.06574
1.06574
1.06574
1.06574
1.06575
1.06575
1.06575
1.06575
1.06575
1.06575
1.06575
1.06575
1.06575
1.06575
1.06575
1.06575
1.06575
1.06575
1.06575
1.06575
1.06575
1.06575
1.06575
1.06575
1.06575
1.06575
1.06575
1.06575
1.06575
1.06575
1.06575
1.06575
1.06575
1.06575
1.06575
1.06575
1.06575
1.06575
1.06575
1.06575
1.06575
1.06575
1.06575
1.06575
1.06575
1.06575
1.06575
1.06575
1.06575
1.06575
1.06575
1.06575
1.06575
1.06575
1.06575
1.06575
1.06575
1.06575
1.06575
1.06575
1.06575
1.06575
1.06575
1.06575
1.06575
1.06575
1.06576
1.06576
1.06576
1.06576
1.06576
1.06575
1.06583
1.06596
1.06668
0.999637
1.07353
1.0565
1.06874
1.06345
1.06564
1.06466
1.06517
1.06506
1.06522
1.06525
1.06532
1.06536
1.0654
1.06543
1.06545
1.06547
1.06548
1.06549
1.0655
1.06551
1.06552
1.06552
1.06552
1.06552
1.06552
1.06553
1.06553
1.06553
1.06553
1.06553
1.06553
1.06553
1.06553
1.06553
1.06553
1.06553
1.06553
1.06553
1.06553
1.06553
1.06553
1.06553
1.06553
1.06553
1.06553
1.06553
1.06553
1.06553
1.06553
1.06553
1.06553
1.06553
1.06553
1.06553
1.06553
1.06553
1.06553
1.06553
1.06553
1.06553
1.06553
1.06553
1.06553
1.06553
1.06553
1.06553
1.06553
1.06553
1.06553
1.06553
1.06553
1.06553
1.06553
1.06553
1.06553
1.06553
1.06553
1.06553
1.06553
1.06553
1.06553
1.06553
1.06553
1.06553
1.06553
1.06553
1.06553
1.06553
1.06553
1.06553
1.06553
1.06553
1.06553
1.06552
1.06551
1.06549
1.06548
1.06551
1.06553
1.00321
1.07778
1.05685
1.06874
1.06333
1.06563
1.06468
1.06515
1.065
1.0651
1.06508
1.0651
1.0651
1.0651
1.0651
1.0651
1.0651
1.06509
1.06509
1.06509
1.06508
1.06508
1.06508
1.06507
1.06507
1.06507
1.06507
1.06507
1.06507
1.06506
1.06506
1.06506
1.06506
1.06506
1.06506
1.06506
1.06506
1.06506
1.06506
1.06506
1.06506
1.06506
1.06506
1.06506
1.06506
1.06506
1.06506
1.06506
1.06506
1.06506
1.06506
1.06506
1.06506
1.06506
1.06506
1.06506
1.06506
1.06506
1.06506
1.06506
1.06506
1.06506
1.06506
1.06506
1.06506
1.06506
1.06506
1.06506
1.06506
1.06506
1.06506
1.06506
1.06506
1.06506
1.06506
1.06506
1.06506
1.06506
1.06506
1.06506
1.06506
1.06506
1.06506
1.06506
1.06506
1.06506
1.06506
1.06506
1.06506
1.06506
1.06506
1.06506
1.06506
1.06505
1.06504
1.06502
1.06499
1.06489
1.06481
1.06408
1.00739
1.08235
1.05677
1.06828
1.06275
1.06515
1.06424
1.06467
1.06445
1.06449
1.06441
1.06439
1.06434
1.06431
1.06428
1.06425
1.06422
1.0642
1.06418
1.06416
1.06415
1.06414
1.06413
1.06412
1.06411
1.06411
1.0641
1.0641
1.0641
1.06409
1.06409
1.06409
1.06409
1.06409
1.06409
1.06409
1.06409
1.06409
1.06409
1.06409
1.06409
1.06409
1.06409
1.06409
1.06409
1.06409
1.06409
1.06409
1.06409
1.06409
1.06409
1.06409
1.06409
1.06409
1.06409
1.06409
1.06409
1.06409
1.06409
1.06409
1.06409
1.06409
1.06409
1.06409
1.06409
1.06409
1.06409
1.06409
1.06409
1.06409
1.06409
1.06409
1.06409
1.06409
1.06409
1.06409
1.06409
1.06409
1.06409
1.06409
1.06409
1.06409
1.06409
1.06409
1.06409
1.06409
1.06409
1.06409
1.06409
1.06408
1.06408
1.06408
1.06408
1.06407
1.06406
1.06403
1.06398
1.06379
1.06361
1.06211
1.01203
1.08677
1.0557
1.06675
1.06115
1.06364
1.06276
1.06314
1.06287
1.06284
1.0627
1.06262
1.06252
1.06245
1.06239
1.06233
1.06228
1.06224
1.06221
1.06217
1.06215
1.06213
1.06211
1.0621
1.06209
1.06208
1.06207
1.06206
1.06206
1.06206
1.06205
1.06205
1.06205
1.06205
1.06205
1.06205
1.06205
1.06205
1.06205
1.06205
1.06205
1.06205
1.06205
1.06205
1.06205
1.06205
1.06205
1.06205
1.06205
1.06205
1.06205
1.06205
1.06205
1.06205
1.06205
1.06205
1.06205
1.06205
1.06205
1.06205
1.06205
1.06205
1.06205
1.06205
1.06205
1.06205
1.06205
1.06205
1.06205
1.06205
1.06205
1.06205
1.06205
1.06205
1.06205
1.06205
1.06205
1.06205
1.06205
1.06205
1.06205
1.06205
1.06205
1.06205
1.06205
1.06205
1.06205
1.06204
1.06204
1.06204
1.06204
1.06204
1.06203
1.06202
1.06201
1.06197
1.06192
1.06164
1.06135
1.05909
1.0165
1.08996
1.05246
1.06298
1.05736
1.05993
1.05909
1.05941
1.05907
1.05896
1.05876
1.05862
1.05848
1.05837
1.05827
1.05818
1.05811
1.05805
1.058
1.05795
1.05792
1.05789
1.05786
1.05784
1.05783
1.05781
1.05781
1.0578
1.05779
1.05779
1.05778
1.05778
1.05778
1.05778
1.05778
1.05778
1.05778
1.05778
1.05778
1.05778
1.05778
1.05778
1.05778
1.05778
1.05778
1.05778
1.05778
1.05778
1.05777
1.05777
1.05777
1.05777
1.05777
1.05777
1.05777
1.05777
1.05777
1.05777
1.05777
1.05777
1.05778
1.05778
1.05778
1.05778
1.05778
1.05778
1.05778
1.05778
1.05778
1.05778
1.05778
1.05778
1.05778
1.05778
1.05778
1.05778
1.05778
1.05778
1.05778
1.05778
1.05778
1.05777
1.05777
1.05777
1.05777
1.05777
1.05777
1.05777
1.05777
1.05777
1.05776
1.05776
1.05775
1.05774
1.05773
1.05768
1.05762
1.05728
1.05688
1.05392
1.01911
1.0895
1.04458
1.05446
1.04892
1.05155
1.05075
1.051
1.0506
1.05041
1.05015
1.04995
1.04976
1.04961
1.04947
1.04936
1.04926
1.04918
1.04911
1.04905
1.04901
1.04897
1.04894
1.04891
1.04889
1.04888
1.04887
1.04886
1.04885
1.04885
1.04884
1.04884
1.04884
1.04883
1.04883
1.04883
1.04883
1.04883
1.04883
1.04883
1.04883
1.04883
1.04883
1.04883
1.04883
1.04883
1.04883
1.04883
1.04883
1.04883
1.04883
1.04883
1.04883
1.04883
1.04883
1.04883
1.04883
1.04883
1.04883
1.04883
1.04883
1.04883
1.04883
1.04883
1.04883
1.04883
1.04883
1.04883
1.04883
1.04883
1.04883
1.04883
1.04883
1.04883
1.04883
1.04883
1.04883
1.04883
1.04883
1.04883
1.04883
1.04883
1.04883
1.04883
1.04883
1.04883
1.04883
1.04883
1.04882
1.04882
1.04882
1.04881
1.0488
1.04879
1.04878
1.04873
1.04867
1.04828
1.04778
1.04425
1.01564
1.08002
1.02688
1.03601
1.03069
1.03335
1.03262
1.03279
1.03233
1.03206
1.03173
1.03147
1.03124
1.03105
1.03088
1.03074
1.03062
1.03052
1.03044
1.03037
1.03031
1.03026
1.03023
1.0302
1.03018
1.03016
1.03014
1.03013
1.03012
1.03012
1.03011
1.03011
1.03011
1.03011
1.0301
1.0301
1.0301
1.0301
1.0301
1.0301
1.0301
1.0301
1.0301
1.0301
1.0301
1.0301
1.0301
1.0301
1.0301
1.0301
1.0301
1.0301
1.0301
1.0301
1.0301
1.0301
1.0301
1.0301
1.0301
1.0301
1.0301
1.0301
1.0301
1.0301
1.0301
1.0301
1.0301
1.0301
1.0301
1.0301
1.0301
1.0301
1.0301
1.0301
1.0301
1.0301
1.0301
1.0301
1.0301
1.0301
1.0301
1.0301
1.0301
1.0301
1.0301
1.0301
1.0301
1.0301
1.03009
1.03009
1.03009
1.03008
1.03007
1.03006
1.03004
1.03
1.02994
1.02952
1.02896
1.02509
0.996232
1.05005
0.988564
0.996807
0.991942
0.99458
0.993916
0.99401
0.993489
0.993153
0.992767
0.992464
0.992191
0.991965
0.991771
0.991607
0.99147
0.991355
0.99126
0.991182
0.991118
0.991067
0.991025
0.990993
0.990967
0.990947
0.990932
0.99092
0.990911
0.990905
0.9909
0.990896
0.990893
0.990891
0.99089
0.990889
0.990888
0.990888
0.990888
0.990887
0.990887
0.990887
0.990887
0.990887
0.990887
0.990887
0.990887
0.990886
0.990886
0.990886
0.990886
0.990886
0.990886
0.990886
0.990886
0.990886
0.990886
0.990886
0.990886
0.990886
0.990887
0.990887
0.990887
0.990887
0.990887
0.990887
0.990887
0.990887
0.990887
0.990887
0.990887
0.990887
0.990887
0.990887
0.990887
0.990887
0.990887
0.990887
0.990887
0.990887
0.990887
0.990886
0.990886
0.990886
0.990885
0.990884
0.990883
0.990881
0.990878
0.990874
0.990869
0.990861
0.990851
0.990838
0.990824
0.990785
0.99073
0.990321
0.989739
0.98595
0.938174
0.975113
0.907059
0.91427
0.910169
0.912679
0.912105
0.91212
0.911573
0.911192
0.910777
0.910447
0.910153
0.90991
0.909703
0.909529
0.909383
0.909261
0.909161
0.90908
0.909013
0.90896
0.908918
0.908884
0.908858
0.908838
0.908822
0.90881
0.908801
0.908795
0.90879
0.908786
0.908783
0.908782
0.90878
0.908779
0.908779
0.908778
0.908778
0.908778
0.908777
0.908777
0.908777
0.908777
0.908777
0.908777
0.908777
0.908777
0.908777
0.908777
0.908777
0.908777
0.908777
0.908777
0.908777
0.908777
0.908777
0.908777
0.908777
0.908777
0.908777
0.908777
0.908777
0.908777
0.908777
0.908777
0.908777
0.908777
0.908777
0.908777
0.908777
0.908777
0.908777
0.908777
0.908777
0.908777
0.908777
0.908777
0.908777
0.908777
0.908777
0.908777
0.908776
0.908776
0.908775
0.908774
0.908773
0.908771
0.908768
0.908764
0.908758
0.908751
0.908741
0.908728
0.908717
0.908686
0.908646
0.908279
0.907751
0.904637
0.789069
0.802518
0.7353
0.741219
0.738297
0.740436
0.739985
0.739936
0.739432
0.739063
0.738679
0.738371
0.7381
0.737876
0.737685
0.737526
0.737393
0.737284
0.737193
0.73712
0.737061
0.737013
0.736975
0.736946
0.736923
0.736905
0.736891
0.736881
0.736874
0.736868
0.736864
0.73686
0.736858
0.736857
0.736855
0.736855
0.736854
0.736854
0.736853
0.736853
0.736853
0.736853
0.736853
0.736853
0.736853
0.736853
0.736853
0.736852
0.736852
0.736852
0.736852
0.736852
0.736852
0.736852
0.736852
0.736852
0.736852
0.736852
0.736852
0.736853
0.736853
0.736853
0.736853
0.736853
0.736853
0.736853
0.736853
0.736853
0.736853
0.736853
0.736853
0.736853
0.736853
0.736853
0.736853
0.736853
0.736853
0.736853
0.736853
0.736853
0.736853
0.736852
0.736852
0.736852
0.736851
0.73685
0.736849
0.736847
0.736845
0.736841
0.736836
0.736829
0.73682
0.73681
0.736802
0.736784
0.736764
0.736485
0.736101
0.734293
0.427071
0.418115
0.375404
0.379017
0.377772
0.378958
0.37871
0.378649
0.378351
0.378129
0.377906
0.377728
0.377572
0.377444
0.377335
0.377245
0.37717
0.377108
0.377058
0.377017
0.376984
0.376958
0.376937
0.376921
0.376909
0.376899
0.376892
0.376886
0.376882
0.376879
0.376877
0.376875
0.376874
0.376873
0.376873
0.376872
0.376872
0.376872
0.376872
0.376872
0.376871
0.376871
0.376871
0.376871
0.376871
0.376871
0.376871
0.376871
0.376871
0.376871
0.376871
0.376871
0.376871
0.376871
0.376871
0.376871
0.376871
0.376871
0.376871
0.376871
0.376871
0.376871
0.376871
0.376871
0.376871
0.376871
0.376871
0.376871
0.376871
0.376871
0.376871
0.376871
0.376871
0.376871
0.376871
0.376871
0.376871
0.376871
0.376871
0.376871
0.376871
0.376871
0.376871
0.376871
0.376871
0.37687
0.37687
0.376869
0.376867
0.376865
0.376862
0.376858
0.376854
0.376848
0.376845
0.37684
0.37684
0.376711
0.376552
0.376217
)
;

boundaryField
{
    inlet
    {
        type            calculated;
        value           uniform 1;
    }
    outlet
    {
        type            calculated;
        value           nonuniform List<scalar> 
40
(
0.376217
0.734293
0.904637
0.985951
1.02509
1.04425
1.05392
1.05909
1.06211
1.06409
1.06553
1.06669
1.06766
1.06849
1.06921
1.06981
1.07029
1.07065
1.0709
1.07102
1.07102
1.0709
1.07065
1.07029
1.06981
1.06921
1.06849
1.06766
1.06668
1.06553
1.06408
1.06211
1.05909
1.05392
1.04425
1.02509
0.98595
0.904637
0.734293
0.376217
)
;
    }
    lowerWall
    {
        type            calculated;
        value           uniform 0;
    }
    upperWall
    {
        type            calculated;
        value           uniform 0;
    }
    frontAndBack
    {
        type            empty;
    }
}


// ************************************************************************* //
