/*--------------------------------*- C++ -*----------------------------------*\
| =========                 |                                                 |
| \\      /  F ield         | OpenFOAM: The Open Source CFD Toolbox           |
|  \\    /   O peration     | Version:  v1906                                 |
|   \\  /    A nd           | Web:      www.OpenFOAM.com                      |
|    \\/     M anipulation  |                                                 |
\*---------------------------------------------------------------------------*/
FoamFile
{
    version     2.0;
    format      ascii;
    class       volScalarField;
    location    "1";
    object      Uy;
}
// * * * * * * * * * * * * * * * * * * * * * * * * * * * * * * * * * * * * * //

dimensions      [0 1 -1 0 0 0 0];


internalField   nonuniform List<scalar> 
4000
(
0.0295851
-0.0014323
-0.00217363
-0.00196797
-0.00213339
-0.002036
-0.0021073
-0.00206888
-0.00209865
-0.00208405
-0.00209637
-0.00209097
-0.00209592
-0.00209386
-0.00209584
-0.00209505
-0.0020958
-0.00209548
-0.00209577
-0.00209564
-0.00209576
-0.0020957
-0.00209573
-0.00209573
-0.00209574
-0.00209573
-0.00209573
-0.00209573
-0.00209574
-0.00209574
-0.00209573
-0.00209573
-0.00209573
-0.00209573
-0.00209574
-0.00209573
-0.00209573
-0.00209574
-0.00209573
-0.00209573
-0.00209573
-0.00209573
-0.00209573
-0.00209573
-0.00209573
-0.00209573
-0.00209574
-0.00209573
-0.00209573
-0.00209574
-0.00209573
-0.00209573
-0.00209573
-0.00209573
-0.00209573
-0.00209573
-0.00209573
-0.00209573
-0.00209573
-0.00209573
-0.00209573
-0.00209574
-0.00209573
-0.00209573
-0.00209573
-0.00209573
-0.00209573
-0.00209573
-0.00209573
-0.00209573
-0.00209573
-0.00209573
-0.00209573
-0.00209573
-0.00209573
-0.00209573
-0.00209573
-0.00209573
-0.00209573
-0.00209574
-0.00209573
-0.00209573
-0.00209574
-0.00209573
-0.00209573
-0.00209573
-0.00209573
-0.00209573
-0.00209573
-0.00209573
-0.00209572
-0.00209571
-0.00209567
-0.00209564
-0.00209551
-0.00209549
-0.00209519
-0.00209627
-0.00208523
-0.00211063
0.0707464
0.0020599
-0.000815737
0.000297258
-0.00054241
-3.64573e-05
-0.000394345
-0.00019672
-0.000345149
-0.000269563
-0.000330744
-0.000303007
-0.000327223
-0.000316627
-0.000326284
-0.00032214
-0.000325896
-0.000324217
-0.000325682
-0.000325008
-0.000325572
-0.000325297
-0.000325482
-0.00032541
-0.000325493
-0.00032543
-0.000325465
-0.000325457
-0.00032547
-0.000325462
-0.000325446
-0.000325452
-0.000325453
-0.000325457
-0.000325464
-0.000325456
-0.000325449
-0.000325466
-0.000325451
-0.000325443
-0.000325446
-0.000325449
-0.000325446
-0.000325458
-0.000325446
-0.000325454
-0.000325458
-0.000325454
-0.00032545
-0.00032546
-0.000325452
-0.00032546
-0.000325459
-0.000325457
-0.000325458
-0.000325457
-0.000325456
-0.000325457
-0.000325457
-0.000325457
-0.000325457
-0.00032546
-0.000325456
-0.000325457
-0.000325455
-0.000325451
-0.000325452
-0.000325453
-0.000325447
-0.000325457
-0.000325448
-0.000325456
-0.000325452
-0.000325455
-0.000325453
-0.000325456
-0.000325453
-0.000325456
-0.000325455
-0.000325459
-0.000325457
-0.000325456
-0.000325459
-0.000325454
-0.000325454
-0.000325453
-0.000325449
-0.000325451
-0.000325442
-0.000325435
-0.000325401
-0.000325373
-0.000325243
-0.000325125
-0.000324669
-0.000324594
-0.000323058
-0.000326462
-0.000280614
-0.000284527
0.0785098
0.00396888
-0.000257114
0.00150426
9.67266e-05
0.00094381
0.000332174
0.000658975
0.000410201
0.000533145
0.000430283
0.000475076
0.000433716
0.000450629
0.000434062
0.000440656
0.000434159
0.000436837
0.000434311
0.000435397
0.000434438
0.000434858
0.000434547
0.000434685
0.000434523
0.000434619
0.000434561
0.000434576
0.000434566
0.000434572
0.000434597
0.000434599
0.000434589
0.000434581
0.000434571
0.000434574
0.000434601
0.000434577
0.000434592
0.000434611
0.000434608
0.000434597
0.000434602
0.00043458
0.000434597
0.000434591
0.000434582
0.000434586
0.000434599
0.000434576
0.000434585
0.000434574
0.000434574
0.000434576
0.000434581
0.000434577
0.000434588
0.000434583
0.000434583
0.00043458
0.000434582
0.000434574
0.000434582
0.000434578
0.000434586
0.000434592
0.000434593
0.000434591
0.000434599
0.000434584
0.000434594
0.000434582
0.000434587
0.000434583
0.000434586
0.000434582
0.000434587
0.000434584
0.000434584
0.000434576
0.000434582
0.000434579
0.00043458
0.000434584
0.000434588
0.000434588
0.000434596
0.000434594
0.000434612
0.000434626
0.000434689
0.000434753
0.000434993
0.000435234
0.00043612
0.000436272
0.00043994
0.000433948
0.00053122
0.000668069
0.0744786
0.00422185
-0.000484447
0.00156577
-0.000153922
0.000884096
0.000116771
0.000522936
0.000207095
0.000355454
0.000225849
0.000279514
0.00022638
0.000246316
0.000224913
0.00023261
0.000224226
0.000227349
0.000224084
0.00022536
0.000224155
0.000224626
0.000224214
0.000224405
0.000224194
0.000224301
0.000224225
0.00022424
0.000224245
0.000224249
0.00022427
0.000224282
0.000224265
0.000224258
0.00022425
0.000224237
0.000224285
0.000224265
0.000224274
0.000224302
0.000224298
0.00022428
0.000224289
0.000224256
0.000224273
0.000224274
0.000224265
0.000224262
0.000224285
0.000224252
0.000224259
0.000224244
0.000224241
0.000224243
0.000224254
0.000224245
0.000224266
0.000224258
0.000224258
0.000224253
0.000224254
0.000224242
0.000224255
0.000224248
0.000224262
0.000224271
0.000224274
0.000224272
0.000224281
0.000224261
0.000224271
0.000224256
0.000224261
0.000224253
0.000224261
0.000224256
0.000224263
0.00022426
0.00022426
0.000224248
0.000224256
0.00022425
0.000224255
0.000224257
0.000224265
0.000224267
0.000224277
0.000224277
0.000224302
0.000224325
0.000224416
0.000224518
0.000224866
0.000225228
0.00022655
0.000226764
0.000233084
0.00022477
0.00038554
0.000699564
0.0691879
0.00419964
-0.000661364
0.00153124
-0.000354904
0.000791749
-6.19219e-05
0.000391885
3.08763e-05
0.000196838
4.63196e-05
0.000106303
4.3287e-05
6.52903e-05
3.97287e-05
4.79142e-05
3.81051e-05
4.14352e-05
3.76109e-05
3.89737e-05
3.75833e-05
3.80717e-05
3.75861e-05
3.78093e-05
3.75585e-05
3.76713e-05
3.75841e-05
3.75949e-05
3.76134e-05
3.76149e-05
3.7634e-05
3.76556e-05
3.7632e-05
3.76235e-05
3.76182e-05
3.75895e-05
3.7658e-05
3.76392e-05
3.76425e-05
3.768e-05
3.76777e-05
3.76504e-05
3.76639e-05
3.76233e-05
3.76403e-05
3.76455e-05
3.76381e-05
3.76287e-05
3.76603e-05
3.76178e-05
3.76214e-05
3.76045e-05
3.75973e-05
3.7601e-05
3.76192e-05
3.76031e-05
3.7636e-05
3.76241e-05
3.76228e-05
3.76166e-05
3.76171e-05
3.7601e-05
3.76173e-05
3.76083e-05
3.76278e-05
3.76396e-05
3.76462e-05
3.76429e-05
3.76534e-05
3.76289e-05
3.76378e-05
3.76186e-05
3.76239e-05
3.76137e-05
3.76254e-05
3.76197e-05
3.76291e-05
3.76274e-05
3.76265e-05
3.76107e-05
3.76218e-05
3.76115e-05
3.76198e-05
3.76208e-05
3.76317e-05
3.76354e-05
3.76474e-05
3.76495e-05
3.76828e-05
3.77123e-05
3.78289e-05
3.79637e-05
3.84058e-05
3.88753e-05
4.05973e-05
4.08425e-05
5.00118e-05
3.96283e-05
0.000263121
0.000725704
0.0641924
0.00423015
-0.000686997
0.00159745
-0.000403942
0.000819777
-9.04796e-05
0.000388832
3.7322e-06
0.000180033
1.58686e-05
7.8995e-05
9.48969e-06
3.23047e-05
3.93248e-06
1.2366e-05
1.33027e-06
4.82875e-06
4.6996e-07
1.89368e-06
3.32693e-07
8.23618e-07
2.74115e-07
5.21876e-07
2.41251e-07
3.53993e-07
2.60449e-07
2.63448e-07
2.96742e-07
2.97835e-07
3.10399e-07
3.42181e-07
3.1221e-07
3.01324e-07
3.01626e-07
2.56421e-07
3.41575e-07
3.2836e-07
3.25676e-07
3.70333e-07
3.70635e-07
3.34851e-07
3.5208e-07
3.05329e-07
3.21446e-07
3.30729e-07
3.27625e-07
3.09706e-07
3.48768e-07
2.99249e-07
2.97886e-07
2.78927e-07
2.68407e-07
2.72248e-07
2.98776e-07
2.76686e-07
3.19038e-07
3.05297e-07
3.01851e-07
2.94128e-07
2.93165e-07
2.73245e-07
2.94028e-07
2.8312e-07
3.08671e-07
3.23011e-07
3.33706e-07
3.29392e-07
3.40999e-07
3.11448e-07
3.19421e-07
2.96482e-07
3.01435e-07
2.88456e-07
3.0413e-07
2.98639e-07
3.10204e-07
3.09211e-07
3.0889e-07
2.89074e-07
3.01955e-07
2.87875e-07
2.98422e-07
2.99192e-07
3.12376e-07
3.17788e-07
3.32219e-07
3.35975e-07
3.76288e-07
4.11684e-07
5.48721e-07
7.11769e-07
1.23134e-06
1.81392e-06
3.94863e-06
4.20158e-06
1.62515e-05
3.87291e-06
0.000277905
0.000851765
0.0592638
0.0042264
-0.000663787
0.0016686
-0.000400728
0.000871591
-8.0968e-05
0.000416995
1.46837e-05
0.000195494
2.35884e-05
8.67788e-05
1.42286e-05
3.6664e-05
6.87283e-06
1.53561e-05
3.32093e-06
6.93418e-06
2.12319e-06
3.53583e-06
1.87224e-06
2.35459e-06
1.75804e-06
2.02087e-06
1.7168e-06
1.82568e-06
1.73135e-06
1.72412e-06
1.77075e-06
1.77252e-06
1.77782e-06
1.81967e-06
1.78388e-06
1.76862e-06
1.77634e-06
1.71593e-06
1.81415e-06
1.80812e-06
1.79953e-06
1.85033e-06
1.85419e-06
1.80997e-06
1.83014e-06
1.77951e-06
1.79473e-06
1.80627e-06
1.80918e-06
1.78229e-06
1.82706e-06
1.77247e-06
1.76478e-06
1.7447e-06
1.73136e-06
1.73449e-06
1.77034e-06
1.74284e-06
1.79281e-06
1.77821e-06
1.77205e-06
1.76279e-06
1.76001e-06
1.73634e-06
1.76196e-06
1.74954e-06
1.78147e-06
1.7979e-06
1.81331e-06
1.80792e-06
1.82022e-06
1.78597e-06
1.79248e-06
1.76625e-06
1.77032e-06
1.75489e-06
1.77428e-06
1.76972e-06
1.78293e-06
1.78271e-06
1.78323e-06
1.75946e-06
1.77387e-06
1.75611e-06
1.76832e-06
1.76908e-06
1.7842e-06
1.79099e-06
1.80805e-06
1.81289e-06
1.85942e-06
1.89937e-06
2.0524e-06
2.23741e-06
2.81716e-06
3.46723e-06
6.0156e-06
6.26094e-06
2.10515e-05
6.8387e-06
0.000322654
0.000984823
0.0543712
0.00414331
-0.000636723
0.00169735
-0.000388743
0.000901845
-7.1173e-05
0.000435559
2.30597e-05
0.00020566
2.88841e-05
9.18298e-05
1.69899e-05
3.90062e-05
8.14565e-06
1.64155e-05
3.88711e-06
7.38977e-06
2.35903e-06
3.72848e-06
1.99662e-06
2.46383e-06
1.83301e-06
2.10222e-06
1.78254e-06
1.88387e-06
1.79344e-06
1.77429e-06
1.83262e-06
1.83641e-06
1.83367e-06
1.88453e-06
1.8441e-06
1.82353e-06
1.83989e-06
1.76594e-06
1.8735e-06
1.87618e-06
1.86236e-06
1.91759e-06
1.92587e-06
1.87387e-06
1.89602e-06
1.84329e-06
1.85773e-06
1.86956e-06
1.8796e-06
1.84382e-06
1.89218e-06
1.8346e-06
1.81962e-06
1.79893e-06
1.78375e-06
1.7852e-06
1.831e-06
1.79886e-06
1.85453e-06
1.83989e-06
1.83076e-06
1.81987e-06
1.81505e-06
1.78779e-06
1.81857e-06
1.80495e-06
1.84343e-06
1.86151e-06
1.8822e-06
1.87577e-06
1.88829e-06
1.84974e-06
1.8545e-06
1.82543e-06
1.8282e-06
1.81042e-06
1.83321e-06
1.83007e-06
1.8445e-06
1.84485e-06
1.84661e-06
1.81897e-06
1.83453e-06
1.81348e-06
1.82672e-06
1.82775e-06
1.84452e-06
1.85232e-06
1.87217e-06
1.87754e-06
1.92921e-06
1.97228e-06
2.13676e-06
2.34006e-06
2.96555e-06
3.66324e-06
6.46486e-06
6.68209e-06
2.38021e-05
8.12231e-06
0.000357058
0.00108289
0.0495771
0.0039905
-0.000608914
0.00168413
-0.000372702
0.000908193
-6.24301e-05
0.000441952
2.85799e-05
0.000209547
3.16343e-05
9.34167e-05
1.77355e-05
3.90369e-05
7.76535e-06
1.56167e-05
3.05394e-06
6.27921e-06
1.27197e-06
2.5753e-06
7.95036e-07
1.25533e-06
5.9026e-07
8.58669e-07
5.30285e-07
6.21221e-07
5.38776e-07
5.06817e-07
5.74258e-07
5.81243e-07
5.70608e-07
6.29019e-07
5.85315e-07
5.58519e-07
5.84474e-07
4.99103e-07
6.12155e-07
6.24388e-07
6.0666e-07
6.64311e-07
6.77439e-07
6.18679e-07
6.41971e-07
5.88552e-07
6.02942e-07
6.12893e-07
6.31139e-07
5.86687e-07
6.36577e-07
5.77765e-07
5.55083e-07
5.3422e-07
5.1822e-07
5.16838e-07
5.72803e-07
5.37143e-07
5.9654e-07
5.82515e-07
5.70244e-07
5.57694e-07
5.50799e-07
5.20147e-07
5.56116e-07
5.41856e-07
5.86734e-07
6.06037e-07
6.32344e-07
6.25097e-07
6.37658e-07
5.94794e-07
5.97689e-07
5.66065e-07
5.67379e-07
5.47496e-07
5.73159e-07
5.7187e-07
5.87112e-07
5.87768e-07
5.90955e-07
5.59771e-07
5.76044e-07
5.52155e-07
5.65853e-07
5.67283e-07
5.85646e-07
5.93975e-07
6.1694e-07
6.22423e-07
6.78213e-07
7.23021e-07
8.95033e-07
1.12099e-06
1.78597e-06
2.50724e-06
5.38094e-06
5.55536e-06
2.44637e-05
7.73465e-06
0.000378722
0.00114294
0.044901
0.0037834
-0.000577455
0.00163664
-0.000351813
0.000894729
-5.33239e-05
0.000438637
3.32826e-05
0.00020915
3.397e-05
9.34635e-05
1.86287e-05
3.8867e-05
7.85986e-06
1.52025e-05
2.79946e-06
5.75924e-06
8.84255e-07
2.05788e-06
3.27543e-07
7.59127e-07
9.04901e-08
3.53378e-07
2.24762e-08
1.00446e-07
2.78368e-08
-1.6773e-08
5.70618e-08
6.83073e-08
5.02047e-08
1.14081e-07
6.88392e-08
3.63913e-08
7.13433e-08
-2.13099e-08
9.18145e-08
1.14055e-07
9.41317e-08
1.52075e-07
1.71215e-07
1.06089e-07
1.29773e-07
7.65447e-08
9.20587e-08
9.80099e-08
1.25621e-07
7.24537e-08
1.21923e-07
6.33188e-08
3.30146e-08
1.29109e-08
-3.60485e-09
-8.81874e-09
5.69869e-08
1.90341e-08
8.14754e-08
6.74495e-08
5.20476e-08
3.76131e-08
2.92399e-08
-3.41572e-09
3.60753e-08
2.27309e-08
7.26342e-08
9.293e-08
1.26226e-07
1.18362e-07
1.31015e-07
8.24379e-08
8.34565e-08
4.94623e-08
4.9445e-08
2.84674e-08
5.5619e-08
5.63842e-08
7.21771e-08
7.27308e-08
7.75456e-08
4.31731e-08
5.97081e-08
3.43643e-08
4.71792e-08
4.91373e-08
6.89649e-08
7.76863e-08
1.05198e-07
1.10506e-07
1.69761e-07
2.15007e-07
3.89485e-07
6.20679e-07
1.29663e-06
1.98798e-06
4.89653e-06
5.02781e-06
2.52114e-05
7.81228e-06
0.000389515
0.00116839
0.0403327
0.00353194
-0.000541475
0.00155984
-0.000326799
0.000863558
-4.43135e-05
0.000426388
3.68686e-05
0.000204568
3.56287e-05
9.1865e-05
1.94318e-05
3.83254e-05
8.21058e-06
1.4981e-05
2.91092e-06
5.62624e-06
8.99237e-07
1.95056e-06
3.03722e-07
6.83575e-07
4.54115e-08
2.96855e-07
-2.68976e-08
3.58561e-08
-2.39633e-08
-7.98819e-08
-2.68367e-09
1.36426e-08
-1.1352e-08
5.56634e-08
1.06524e-08
-2.81501e-08
1.66542e-08
-8.24873e-08
2.9114e-08
6.12997e-08
4.07771e-08
9.72603e-08
1.21267e-07
5.2252e-08
7.60036e-08
2.29783e-08
4.01774e-08
4.13687e-08
7.77224e-08
1.71213e-08
6.49569e-08
7.57387e-09
-2.97673e-08
-5.09953e-08
-6.52171e-08
-7.50159e-08
-2.31413e-10
-3.92179e-08
2.37166e-08
1.10014e-08
-7.56857e-09
-2.409e-08
-3.3611e-08
-6.92531e-08
-2.5112e-08
-3.80936e-08
1.71547e-08
3.86326e-08
7.73602e-08
6.90156e-08
8.14803e-08
2.88556e-08
2.81553e-08
-8.23114e-09
-9.17724e-09
-3.21866e-08
-2.94065e-09
-6.73725e-11
1.56778e-08
1.57456e-08
2.2213e-08
-1.44515e-08
1.85123e-09
-2.50719e-08
-1.27926e-08
-1.03269e-08
1.06837e-08
1.97152e-08
4.9963e-08
5.47288e-08
1.15417e-07
1.59448e-07
3.30783e-07
5.48436e-07
1.20632e-06
1.87645e-06
4.80705e-06
4.8986e-06
2.5792e-05
8.14514e-06
0.000389732
0.00116152
0.0358572
0.00324332
-0.000500906
0.00145748
-0.000298687
0.000816142
-3.59991e-05
0.000405598
3.88384e-05
0.000195695
3.61311e-05
8.83112e-05
1.96773e-05
3.70066e-05
8.3791e-06
1.45147e-05
3.00977e-06
5.46255e-06
9.51541e-07
1.88892e-06
3.28141e-07
6.67833e-07
6.00062e-08
2.94035e-07
-1.26784e-08
3.31937e-08
-1.09867e-08
-7.69384e-08
8.05873e-10
2.28563e-08
-7.71059e-09
5.9211e-08
1.7091e-08
-2.92707e-08
2.57937e-08
-7.87208e-08
3.01598e-08
7.17447e-08
5.27291e-08
1.05723e-07
1.33099e-07
6.2664e-08
8.63509e-08
3.39615e-08
5.24451e-08
4.89853e-08
9.26602e-08
2.6807e-08
7.16314e-08
1.60717e-08
-2.72097e-08
-5.2119e-08
-6.11272e-08
-7.58893e-08
6.68791e-09
-3.18731e-08
2.8966e-08
1.88251e-08
-2.51594e-09
-2.15973e-08
-3.20537e-08
-7.16552e-08
-2.17315e-08
-3.51179e-08
2.60561e-08
4.89076e-08
9.10466e-08
8.23033e-08
9.43168e-08
3.95439e-08
3.73122e-08
-1.36761e-09
-2.83593e-09
-2.89735e-08
3.09616e-09
8.01417e-09
2.37105e-08
2.29802e-08
3.10421e-08
-7.43962e-09
8.26492e-09
-2.05903e-08
-8.31647e-09
-5.37279e-09
1.66961e-08
2.58445e-08
5.66069e-08
6.04854e-08
1.20386e-07
1.61546e-07
3.25766e-07
5.33588e-07
1.16771e-06
1.81219e-06
4.70042e-06
4.75552e-06
2.57216e-05
8.2988e-06
0.000379548
0.00112444
0.0314619
0.00292385
-0.000455707
0.00133314
-0.000268167
0.000754134
-2.86146e-05
0.000376934
3.90794e-05
0.00018276
3.53705e-05
8.28214e-05
1.92464e-05
3.48386e-05
8.24644e-06
1.36993e-05
2.99132e-06
5.15996e-06
9.58095e-07
1.77768e-06
3.28913e-07
6.31441e-07
6.10642e-08
2.74398e-07
-9.40037e-09
1.90064e-08
-9.37199e-09
-8.40852e-08
-7.71424e-09
1.98857e-08
-1.392e-08
4.94959e-08
1.29789e-08
-4.0759e-08
2.23435e-08
-8.2488e-08
1.93842e-08
6.93401e-08
5.48161e-08
1.01774e-07
1.32652e-07
6.12514e-08
8.46131e-08
3.43293e-08
5.34789e-08
4.52762e-08
9.56401e-08
2.63004e-08
6.62071e-08
1.2558e-08
-3.51502e-08
-6.41591e-08
-6.7713e-08
-8.73103e-08
1.54655e-09
-3.49017e-08
2.33075e-08
1.47468e-08
-8.05412e-09
-3.07046e-08
-4.16225e-08
-8.36546e-08
-2.98577e-08
-4.23549e-08
2.38208e-08
4.77381e-08
9.35729e-08
8.44965e-08
9.63732e-08
3.83516e-08
3.47795e-08
-5.91495e-09
-7.6626e-09
-3.60577e-08
-2.42685e-09
4.48084e-09
2.11722e-08
1.92449e-08
2.87402e-08
-1.18922e-08
3.074e-09
-2.67847e-08
-1.54488e-08
-1.18518e-08
1.15913e-08
2.03657e-08
5.2246e-08
5.50675e-08
1.13304e-07
1.5036e-07
3.03925e-07
4.99463e-07
1.09844e-06
1.70237e-06
4.46865e-06
4.49214e-06
2.48749e-05
8.15587e-06
0.000359566
0.00105965
0.0271352
0.00257905
-0.000405925
0.00119021
-0.000235707
0.000679305
-2.22086e-05
0.000341228
3.76641e-05
0.000166146
3.34073e-05
7.55623e-05
1.81691e-05
3.18897e-05
7.82435e-06
1.25635e-05
2.85757e-06
4.73036e-06
9.23045e-07
1.6207e-06
3.15222e-07
5.80104e-07
5.86126e-08
2.47983e-07
-7.26184e-09
4.20629e-09
-8.64809e-09
-9.00028e-08
-1.69229e-08
1.55048e-08
-1.89321e-08
3.80916e-08
8.75683e-09
-5.16185e-08
1.72345e-08
-8.42587e-08
8.5736e-09
6.51116e-08
5.74186e-08
9.65845e-08
1.30331e-07
5.90993e-08
8.19187e-08
3.44007e-08
5.41484e-08
4.11671e-08
9.74358e-08
2.59821e-08
6.00775e-08
7.9311e-09
-4.22812e-08
-7.63678e-08
-7.40313e-08
-9.77935e-08
-4.51286e-09
-3.73951e-08
1.71906e-08
9.8125e-09
-1.32836e-08
-4.0289e-08
-5.12944e-08
-9.51028e-08
-3.82294e-08
-4.92674e-08
2.12057e-08
4.62945e-08
9.50573e-08
8.56557e-08
9.78425e-08
3.63998e-08
3.18547e-08
-1.08258e-08
-1.25671e-08
-4.27196e-08
-8.22453e-09
5.93608e-10
1.85628e-08
1.51259e-08
2.60829e-08
-1.66345e-08
-2.51949e-09
-3.31176e-08
-2.28772e-08
-1.8671e-08
6.29555e-09
1.45171e-08
4.70076e-08
4.86474e-08
1.04196e-07
1.35878e-07
2.75344e-07
4.53034e-07
1.00274e-06
1.55199e-06
4.12173e-06
4.12027e-06
2.32818e-05
7.72799e-06
0.000330647
0.000970008
0.0228664
0.00221372
-0.000351784
0.0010318
-0.000201692
0.00059342
-1.67657e-05
0.000299356
3.47184e-05
0.00014628
3.03393e-05
6.67281e-05
1.64978e-05
2.82442e-05
7.13717e-06
1.11445e-05
2.61908e-06
4.19099e-06
8.5156e-07
1.42594e-06
2.90868e-07
5.18038e-07
5.66638e-08
2.18795e-07
-2.69265e-09
-7.42503e-09
-5.40385e-09
-9.10832e-08
-2.32827e-08
1.30658e-08
-1.95285e-08
2.81047e-08
7.69342e-09
-5.73504e-08
1.40509e-08
-8.04772e-08
1.94881e-09
6.29355e-08
6.34199e-08
9.37153e-08
1.30186e-07
6.00303e-08
8.20591e-08
3.72139e-08
5.79206e-08
4.03296e-08
1.01519e-07
2.88728e-08
5.71181e-08
5.87998e-09
-4.47883e-08
-8.48173e-08
-7.64026e-08
-1.03322e-07
-7.67664e-09
-3.58552e-08
1.48116e-08
7.6638e-09
-1.48448e-08
-4.64306e-08
-5.70853e-08
-1.01967e-07
-4.28922e-08
-5.20234e-08
2.14866e-08
4.82634e-08
9.94405e-08
8.95364e-08
1.02298e-07
3.74254e-08
3.22154e-08
-1.24133e-08
-1.37775e-08
-4.52043e-08
-1.04301e-08
1.10555e-10
1.89489e-08
1.39258e-08
2.63763e-08
-1.79117e-08
-4.755e-09
-3.55837e-08
-2.65902e-08
-2.20355e-08
4.08125e-09
1.22365e-08
4.47306e-08
4.497e-08
9.67087e-08
1.21758e-07
2.43953e-07
3.98801e-07
8.86442e-07
1.36958e-06
3.67515e-06
3.65635e-06
2.09989e-05
7.03862e-06
0.000293772
0.000858517
0.0186456
0.00183196
-0.000293686
0.000860742
-0.000166453
0.000498217
-1.22268e-05
0.000252218
3.04032e-05
0.00012361
2.62851e-05
5.65258e-05
1.42938e-05
2.39894e-05
6.20974e-06
9.47599e-06
2.28465e-06
3.55387e-06
7.45363e-07
1.19695e-06
2.5466e-07
4.45032e-07
5.34407e-08
1.85569e-07
1.7851e-09
-1.78588e-08
-1.44584e-09
-8.94795e-08
-2.85238e-08
1.03149e-08
-1.76967e-08
1.77944e-08
7.96299e-09
-5.95997e-08
1.06854e-08
-7.38366e-08
-2.0598e-09
6.08388e-08
7.09013e-08
9.11889e-08
1.30113e-07
6.1961e-08
8.28812e-08
4.08836e-08
6.26498e-08
4.0835e-08
1.05762e-07
3.28568e-08
5.55407e-08
4.30341e-09
-4.48511e-08
-9.13466e-08
-7.71035e-08
-1.0583e-07
-1.00082e-08
-3.24957e-08
1.41344e-08
6.19669e-09
-1.46752e-08
-5.08722e-08
-6.10603e-08
-1.06454e-07
-4.58621e-08
-5.27427e-08
2.27252e-08
5.14036e-08
1.04499e-07
9.38512e-08
1.07488e-07
3.93765e-08
3.3827e-08
-1.26857e-08
-1.34196e-08
-4.56106e-08
-1.10881e-08
1.04418e-09
2.04382e-08
1.38233e-08
2.75127e-08
-1.78284e-08
-5.60149e-09
-3.63652e-08
-2.85677e-08
-2.38519e-08
3.03376e-09
1.14727e-08
4.32987e-08
4.19198e-08
8.89141e-08
1.06189e-07
2.08407e-07
3.36417e-07
7.51026e-07
1.15859e-06
3.13929e-06
3.1109e-06
1.80947e-05
6.11163e-06
0.000250013
0.000728319
0.014463
0.0014374
-0.000232168
0.000679631
-0.000130275
0.000395411
-8.4894e-06
0.000200735
2.49156e-05
9.86111e-05
2.13883e-05
4.51793e-05
1.16321e-05
1.92214e-05
5.07372e-06
7.59568e-06
1.86622e-06
2.83273e-06
6.07872e-07
9.38089e-07
2.06875e-07
3.61477e-07
4.81931e-08
1.48079e-07
4.79832e-09
-2.83459e-08
1.90584e-09
-8.6664e-08
-3.35874e-08
5.88939e-09
-1.44791e-08
6.65295e-09
8.06927e-09
-5.92757e-08
6.056e-09
-6.5974e-08
-4.48584e-09
5.76359e-08
7.84681e-08
8.79017e-08
1.2897e-07
6.36823e-08
8.30468e-08
4.42815e-08
6.69383e-08
4.14355e-08
1.088e-07
3.66954e-08
5.42312e-08
1.96836e-09
-4.38521e-08
-9.70111e-08
-7.75746e-08
-1.06586e-07
-1.26155e-08
-2.87384e-08
1.40736e-08
4.22789e-09
-1.39568e-08
-5.4622e-08
-6.44298e-08
-1.09813e-07
-4.83785e-08
-5.27025e-08
2.37667e-08
5.42983e-08
1.08962e-07
9.72765e-08
1.11993e-07
4.09339e-08
3.53217e-08
-1.28007e-08
-1.28152e-08
-4.52645e-08
-1.15127e-08
2.1045e-09
2.19363e-08
1.37077e-08
2.8567e-08
-1.7606e-08
-6.19183e-09
-3.67111e-08
-3.00343e-08
-2.53036e-08
2.06069e-09
1.09929e-08
4.15271e-08
3.82745e-08
7.97636e-08
8.83033e-08
1.68291e-07
2.66238e-07
5.9858e-07
9.22759e-07
2.52622e-06
2.49549e-06
1.46555e-05
4.97786e-06
0.000200515
0.000582664
0.0103099
0.00103328
-0.000167881
0.000490891
-9.34066e-05
0.000286706
-5.41397e-06
0.000145851
1.84844e-05
7.17779e-05
1.58141e-05
3.29279e-05
8.60132e-06
1.40457e-05
3.76804e-06
5.54599e-06
1.37967e-06
2.04421e-06
4.44491e-07
6.55462e-07
1.49421e-07
2.6901e-07
4.12773e-08
1.0726e-07
6.23537e-09
-3.90237e-08
4.43435e-09
-8.29709e-08
-3.84527e-08
-5.08992e-10
-1.01894e-08
-4.88866e-09
7.58022e-09
-5.64827e-08
2.95963e-10
-5.76271e-08
-5.36175e-09
5.32252e-08
8.56903e-08
8.38023e-08
1.26587e-07
6.50677e-08
8.23698e-08
4.71454e-08
7.06178e-08
4.19257e-08
1.1046e-07
4.01019e-08
5.30756e-08
-1.19266e-09
-4.21873e-08
-1.01772e-07
-7.80819e-08
-1.0587e-07
-1.54796e-08
-2.50047e-08
1.45186e-08
1.67805e-09
-1.29571e-08
-5.76905e-08
-6.73135e-08
-1.12259e-07
-5.0597e-08
-5.21243e-08
2.45095e-08
5.6649e-08
1.12591e-07
9.96048e-08
1.15509e-07
4.18919e-08
3.64737e-08
-1.289e-08
-1.22013e-08
-4.43938e-08
-1.18837e-08
3.12929e-09
2.33273e-08
1.34275e-08
2.94578e-08
-1.73647e-08
-6.66119e-09
-3.68221e-08
-3.11463e-08
-2.65214e-08
1.01097e-09
1.05978e-08
3.93338e-08
3.39387e-08
6.93169e-08
6.83922e-08
1.24354e-07
1.89753e-07
4.32397e-07
6.67115e-07
1.85085e-06
1.824e-06
1.07841e-05
3.67579e-06
0.000146491
0.000424894
0.00617751
0.000622514
-0.000101557
0.000296801
-5.60653e-05
0.000173796
-2.83236e-06
8.85275e-05
1.13623e-05
4.36233e-05
9.74445e-06
2.00226e-05
5.29984e-06
8.57427e-06
2.33703e-06
3.37268e-06
8.43335e-07
1.20678e-06
2.6173e-07
3.56052e-07
8.49082e-08
1.69755e-07
3.32252e-08
6.42687e-08
6.43414e-09
-4.97698e-08
6.13185e-09
-7.85403e-08
-4.29059e-08
-8.83773e-09
-5.01729e-09
-1.62142e-08
6.26825e-09
-5.12785e-08
-6.10123e-09
-4.92838e-08
-4.62744e-09
4.7765e-08
9.22928e-08
7.91284e-08
1.22998e-07
6.61998e-08
8.09651e-08
4.94019e-08
7.37368e-08
4.23172e-08
1.10845e-07
4.30042e-08
5.21443e-08
-4.94019e-09
-4.00232e-08
-1.05428e-07
-7.85835e-08
-1.03803e-07
-1.83691e-08
-2.14834e-08
1.55382e-08
-1.23513e-09
-1.17703e-08
-5.99086e-08
-6.95801e-08
-1.13768e-07
-5.24344e-08
-5.10142e-08
2.50164e-08
5.83793e-08
1.15393e-07
1.00888e-07
1.17967e-07
4.22838e-08
3.72673e-08
-1.28865e-08
-1.15716e-08
-4.30014e-08
-1.21467e-08
4.15593e-09
2.46351e-08
1.29975e-08
3.02526e-08
-1.70339e-08
-6.93287e-09
-3.66485e-08
-3.18387e-08
-2.74293e-08
-5.35237e-11
1.02883e-08
3.68526e-08
2.90472e-08
5.7861e-08
4.70208e-08
7.76367e-08
1.08788e-07
2.56265e-07
3.97228e-07
1.1299e-06
1.11172e-06
6.59544e-06
2.24959e-06
8.91999e-05
0.000258423
0.00205746
0.000207848
-3.39861e-05
9.95399e-05
-1.84501e-05
5.83652e-05
-5.56251e-07
2.97354e-05
3.81891e-06
1.46716e-05
3.37256e-06
6.72242e-06
1.83285e-06
2.92377e-06
8.28732e-07
1.12373e-06
2.77035e-07
3.40019e-07
6.66902e-08
4.72144e-08
1.62444e-08
6.60106e-08
2.45653e-08
2.01448e-08
5.83318e-09
-6.04321e-08
6.93923e-09
-7.35448e-08
-4.67509e-08
-1.89446e-08
7.18287e-10
-2.67451e-08
3.99797e-09
-4.39803e-08
-1.25953e-08
-4.14163e-08
-2.35653e-09
4.14355e-08
9.80114e-08
7.4142e-08
1.18199e-07
6.70774e-08
7.89711e-08
5.09543e-08
7.63418e-08
4.25921e-08
1.10043e-07
4.53439e-08
5.13891e-08
-9.02136e-09
-3.7555e-08
-1.07874e-07
-7.90144e-08
-1.00606e-07
-2.10795e-08
-1.83608e-08
1.70856e-08
-4.29131e-09
-1.05207e-08
-6.11982e-08
-7.11379e-08
-1.14345e-07
-5.384e-08
-4.94394e-08
2.5343e-08
5.94223e-08
1.17321e-07
1.01176e-07
1.19293e-07
4.21381e-08
3.76803e-08
-1.2763e-08
-1.09477e-08
-4.11326e-08
-1.22703e-08
5.179e-09
2.58808e-08
1.24258e-08
3.09481e-08
-1.65725e-08
-6.98521e-09
-3.61782e-08
-3.20976e-08
-2.7997e-08
-1.08899e-09
1.00161e-08
3.41935e-08
2.37375e-08
4.56516e-08
2.47507e-08
2.91915e-08
2.52066e-08
7.4128e-08
1.18844e-07
3.81144e-07
3.74661e-07
2.21297e-06
7.4733e-07
2.99351e-05
8.671e-05
-0.00205849
-0.000208108
3.40046e-05
-9.87753e-05
1.9252e-05
-5.79063e-05
1.61482e-06
-2.9546e-05
-3.86587e-06
-1.4546e-05
-3.10141e-06
-6.70884e-06
-1.69037e-06
-2.78664e-06
-7.06421e-07
-1.15152e-06
-2.98665e-07
-5.3591e-07
-1.33124e-07
-2.63545e-07
-5.3498e-08
-3.98151e-08
1.58236e-08
-2.41856e-08
4.91117e-09
-7.07968e-08
6.76682e-09
-6.82081e-08
-4.98018e-08
-3.05473e-08
6.66904e-09
-3.59593e-08
7.35415e-10
-3.50591e-08
-1.86295e-08
-3.44028e-08
1.25454e-09
3.44597e-08
1.02579e-07
6.91397e-08
1.12213e-07
6.76327e-08
7.65466e-08
5.17086e-08
7.84376e-08
4.27037e-08
1.08129e-07
4.71225e-08
5.06965e-08
-1.31907e-08
-3.49611e-08
-1.091e-07
-7.92876e-08
-9.65451e-08
-2.34616e-08
-1.57817e-08
1.90267e-08
-7.26359e-09
-9.33001e-09
-6.1561e-08
-7.19243e-08
-1.14019e-07
-5.47755e-08
-4.75044e-08
2.5525e-08
5.97377e-08
1.18308e-07
1.00511e-07
1.19419e-07
4.14829e-08
3.76794e-08
-1.25141e-08
-1.03587e-08
-3.88596e-08
-1.22379e-08
6.15007e-09
2.70569e-08
1.17108e-08
3.15117e-08
-1.59705e-08
-6.83318e-09
-3.54222e-08
-3.19423e-08
-2.82302e-08
-2.05878e-09
9.71071e-09
3.14285e-08
1.81378e-08
3.29267e-08
2.13788e-09
-1.99147e-08
-5.91175e-08
-1.09981e-07
-1.62213e-07
-3.77016e-07
-3.70741e-07
-2.23458e-06
-7.80534e-07
-2.99896e-05
-8.67528e-05
-0.00617853
-0.000622779
0.000101577
-0.000296047
5.68578e-05
-0.00017334
3.88531e-06
-8.83356e-05
-1.14089e-05
-4.34961e-05
-9.47509e-06
-2.00058e-05
-5.15914e-06
-8.4369e-06
-2.21703e-06
-3.40311e-06
-8.6309e-07
-1.40062e-06
-3.30003e-07
-5.68753e-07
-1.2121e-07
-1.45261e-07
7.56497e-09
-6.78882e-08
4.1242e-09
-8.05702e-08
5.53697e-09
-6.27684e-08
-5.18718e-08
-4.32291e-08
1.24803e-08
-4.34258e-08
-3.4094e-09
-2.50726e-08
-2.36712e-08
-2.84861e-08
5.93155e-09
2.71268e-08
1.05774e-07
6.44215e-08
1.05124e-07
6.77579e-08
7.38652e-08
5.15907e-08
8.00142e-08
4.25997e-08
1.05171e-07
4.83696e-08
4.99144e-08
-1.72252e-08
-3.23739e-08
-1.09157e-07
-7.92943e-08
-9.18855e-08
-2.54023e-08
-1.38292e-08
2.1179e-08
-9.93386e-09
-8.28875e-09
-6.10514e-08
-7.18898e-08
-1.1281e-07
-5.51987e-08
-4.53209e-08
2.55946e-08
5.93299e-08
1.18295e-07
9.89469e-08
1.18311e-07
4.03724e-08
3.7255e-08
-1.2137e-08
-9.82131e-09
-3.62593e-08
-1.20259e-08
7.00994e-09
2.81457e-08
1.08677e-08
3.18916e-08
-1.52309e-08
-6.50806e-09
-3.43952e-08
-3.14009e-08
-2.81494e-08
-2.9215e-09
9.3107e-09
2.86198e-08
1.23971e-08
1.99326e-08
-2.02608e-08
-6.8592e-08
-1.42309e-07
-2.91989e-07
-4.40091e-07
-1.12597e-06
-1.10789e-06
-6.61681e-06
-2.28275e-06
-8.92539e-05
-0.000258465
-0.0103109
-0.00103355
0.000167905
-0.000490157
9.41806e-05
-0.000286257
6.45556e-06
-0.000145655
-1.85302e-05
-7.16477e-05
-1.55484e-05
-3.29049e-05
-8.46408e-06
-1.39079e-05
-3.65219e-06
-5.58128e-06
-1.39607e-06
-2.23394e-06
-5.16239e-07
-8.61144e-07
-1.83883e-07
-2.47882e-07
3.81076e-10
-1.10191e-07
3.82605e-09
-8.94014e-08
3.21453e-09
-5.74814e-08
-5.27921e-08
-5.64644e-08
1.78098e-08
-4.88426e-08
-8.1887e-09
-1.46024e-08
-2.72656e-08
-2.37598e-08
1.13388e-08
1.97785e-08
1.07427e-07
6.02435e-08
9.7099e-08
6.733e-08
7.10922e-08
5.05654e-08
8.10335e-08
4.22238e-08
1.01228e-07
4.91389e-08
4.88939e-08
-2.09503e-08
-2.9874e-08
-1.08144e-07
-7.89221e-08
-8.68641e-08
-2.68415e-08
-1.25231e-08
2.33384e-08
-1.21199e-08
-7.45028e-09
-5.97669e-08
-7.10013e-08
-1.10738e-07
-5.50678e-08
-4.29969e-08
2.5569e-08
5.82364e-08
1.17237e-07
9.65447e-08
1.15969e-07
3.8873e-08
3.6411e-08
-1.1631e-08
-9.33133e-09
-3.3413e-08
-1.16073e-08
7.69633e-09
2.9116e-08
9.92429e-09
3.20261e-08
-1.43731e-08
-6.05593e-09
-3.31197e-08
-3.05079e-08
-2.77853e-08
-3.63475e-09
8.77043e-09
2.58164e-08
6.67966e-09
6.93303e-09
-4.18999e-08
-1.15744e-07
-2.22515e-07
-4.67844e-07
-7.08984e-07
-1.84731e-06
-1.82033e-06
-1.08051e-05
-3.70886e-06
-0.000146544
-0.000424936
-0.014464
-0.00143769
0.000232198
-0.000678928
0.000131022
-0.000394971
9.5137e-06
-0.000200532
-2.49601e-05
-9.84767e-05
-2.11281e-05
-4.51475e-05
-1.14998e-05
-1.90834e-05
-4.963e-06
-7.63727e-06
-1.87847e-06
-3.01633e-06
-6.84358e-07
-1.13382e-06
-2.38706e-07
-3.45304e-07
-5.10963e-09
-1.50319e-07
4.24315e-09
-9.68985e-08
-1.25635e-10
-5.25762e-08
-5.24295e-08
-6.96471e-08
2.23844e-08
-5.20366e-08
-1.32388e-08
-4.20005e-09
-2.90701e-08
-2.01676e-08
1.71186e-08
1.2799e-08
1.0746e-07
5.67836e-08
8.8389e-08
6.6232e-08
6.83703e-08
4.86567e-08
8.14576e-08
4.1547e-08
9.63649e-08
4.94802e-08
4.75242e-08
-2.42304e-08
-2.74695e-08
-1.06161e-07
-7.80558e-08
-8.16554e-08
-2.77439e-08
-1.18144e-08
2.53231e-08
-1.36675e-08
-6.80815e-09
-5.78115e-08
-6.92269e-08
-1.07801e-07
-5.43306e-08
-4.0604e-08
2.54743e-08
5.65418e-08
1.15126e-07
9.33945e-08
1.12455e-07
3.70847e-08
3.51952e-08
-1.09889e-08
-8.85191e-09
-3.03824e-08
-1.09373e-08
8.1748e-09
2.99196e-08
8.93852e-09
3.18551e-08
-1.34122e-08
-5.51252e-09
-3.16066e-08
-2.92806e-08
-2.71537e-08
-4.14673e-09
8.09653e-09
2.30736e-08
1.1731e-09
-5.7944e-09
-6.22403e-08
-1.60265e-07
-2.97915e-07
-6.33568e-07
-9.6318e-07
-2.52322e-06
-2.49204e-06
-1.46758e-05
-5.01077e-06
-0.000200567
-0.000582704
-0.0186465
-0.00183226
0.000293722
-0.000860078
0.000167164
-0.00049779
1.32275e-05
-0.000252007
-3.04455e-05
-0.000123471
-2.60324e-05
-5.64831e-05
-1.41677e-05
-2.38513e-05
-6.10408e-06
-9.52432e-06
-2.29285e-06
-3.72933e-06
-8.27359e-07
-1.3804e-06
-2.83172e-07
-4.35261e-07
-8.23988e-09
-1.87437e-07
5.46517e-09
-1.02652e-07
-4.28515e-09
-4.82394e-08
-5.06682e-08
-8.21127e-08
2.6022e-08
-5.29669e-08
-1.80972e-08
5.67274e-09
-2.88741e-08
-1.74985e-08
2.29311e-08
6.59263e-09
1.05889e-07
5.41409e-08
7.93119e-08
6.44116e-08
6.58236e-08
4.59692e-08
8.12423e-08
4.05792e-08
9.06752e-08
4.94711e-08
4.57957e-08
-2.69538e-08
-2.50959e-08
-1.03286e-07
-7.6578e-08
-7.6353e-08
-2.80737e-08
-1.15764e-08
2.70133e-08
-1.44591e-08
-6.30771e-09
-5.52635e-08
-6.6523e-08
-1.03956e-07
-5.29165e-08
-3.81605e-08
2.53419e-08
5.43627e-08
1.12015e-07
8.96115e-08
1.07886e-07
3.51173e-08
3.36878e-08
-1.01856e-08
-8.2923e-09
-2.71971e-08
-9.94783e-09
8.45881e-09
3.05458e-08
7.99715e-09
3.1371e-08
-1.23382e-08
-4.8846e-09
-2.98399e-08
-2.7703e-08
-2.62382e-08
-4.38809e-09
7.34384e-09
2.04688e-08
-3.90318e-09
-1.78892e-08
-8.07379e-08
-2.01048e-07
-3.66743e-07
-7.85333e-07
-1.19716e-06
-3.13695e-06
-3.10771e-06
-1.81141e-05
-6.14427e-06
-0.000250063
-0.000728358
-0.0228673
-0.00221404
0.000351829
-0.00103119
0.00020236
-0.000593012
1.77361e-05
-0.000299137
-3.47579e-05
-0.000146135
-3.00956e-05
-6.6673e-05
-1.63788e-05
-2.81068e-05
-7.03552e-06
-1.1199e-05
-2.62418e-06
-4.35629e-06
-9.39317e-07
-1.59547e-06
-3.15426e-07
-5.15912e-07
-8.66567e-09
-2.20887e-07
7.20913e-09
-1.06556e-07
-9.16205e-09
-4.48288e-08
-4.76549e-08
-9.34765e-08
2.83799e-08
-5.1967e-08
-2.25519e-08
1.43616e-08
-2.68859e-08
-1.5715e-08
2.81998e-08
1.25854e-09
1.02593e-07
5.20489e-08
7.00091e-08
6.16514e-08
6.32686e-08
4.24201e-08
8.01082e-08
3.91194e-08
8.40202e-08
4.89404e-08
4.35242e-08
-2.93088e-08
-2.29015e-08
-9.98095e-08
-7.46273e-08
-7.12319e-08
-2.807e-08
-1.19026e-08
2.80732e-08
-1.46454e-08
-6.01101e-09
-5.24419e-08
-6.31228e-08
-9.94204e-08
-5.10242e-08
-3.58915e-08
2.50076e-08
5.16391e-08
1.07735e-07
8.50846e-08
1.02188e-07
3.28643e-08
3.17669e-08
-9.4236e-09
-7.77962e-09
-2.41148e-08
-8.81801e-09
8.36284e-09
3.07837e-08
7.00134e-09
3.03955e-08
-1.13709e-08
-4.39866e-09
-2.80543e-08
-2.60008e-08
-2.52484e-08
-4.50267e-09
6.41704e-09
1.78368e-08
-8.5787e-09
-2.92085e-08
-9.71265e-08
-2.37275e-07
-4.27584e-07
-9.19803e-07
-1.40597e-06
-3.67352e-06
-3.65343e-06
-2.10173e-05
-7.07084e-06
-0.000293821
-0.000858555
-0.027136
-0.00257939
0.000405978
-0.00118965
0.000236325
-0.000678918
2.31412e-05
-0.000341001
-3.76999e-05
-0.000165996
-3.31742e-05
-7.54941e-05
-1.80578e-05
-3.17537e-05
-7.72495e-06
-1.26228e-05
-2.86121e-06
-4.88352e-06
-1.01634e-06
-1.77537e-06
-3.35203e-07
-5.86571e-07
-7.14628e-09
-2.51069e-07
8.07778e-09
-1.09693e-07
-1.56426e-08
-4.36582e-08
-4.44195e-08
-1.04512e-07
2.8106e-08
-5.06455e-08
-2.74875e-08
2.0163e-08
-2.45119e-08
-1.58015e-08
3.12841e-08
-4.23275e-09
9.63941e-08
4.90967e-08
5.97095e-08
5.68995e-08
5.94258e-08
3.69065e-08
7.65836e-08
3.5925e-08
7.51135e-08
4.68475e-08
3.95455e-08
-3.2562e-08
-2.21147e-08
-9.70993e-08
-7.34301e-08
-6.75984e-08
-2.90132e-08
-1.39069e-08
2.71792e-08
-1.54801e-08
-6.92028e-09
-5.07214e-08
-6.03736e-08
-9.54682e-08
-4.99643e-08
-3.51222e-08
2.32284e-08
4.71981e-08
1.0105e-07
7.85942e-08
9.41852e-08
2.90587e-08
2.82223e-08
-9.89723e-09
-8.45114e-09
-2.25216e-08
-8.8286e-09
6.66616e-09
2.96577e-08
4.83965e-09
2.79471e-08
-1.17619e-08
-5.3049e-09
-2.75773e-08
-2.55036e-08
-2.54729e-08
-5.56784e-09
4.16817e-09
1.39392e-08
-1.39238e-08
-4.05707e-08
-1.12293e-07
-2.69306e-07
-4.80153e-07
-1.03485e-06
-1.58595e-06
-4.12084e-06
-4.11764e-06
-2.32992e-05
-7.75962e-06
-0.000330694
-0.000970044
-0.0314626
-0.0029242
0.00045577
-0.00133264
0.000268728
-0.000753774
2.95016e-05
-0.000376702
-3.91112e-05
-0.000182605
-3.51487e-05
-8.27404e-05
-1.91433e-05
-3.47051e-05
-8.14724e-06
-1.37614e-05
-2.9955e-06
-5.29903e-06
-1.05622e-06
-1.9171e-06
-3.43665e-07
-6.47232e-07
-5.60475e-09
-2.79234e-07
5.88452e-09
-1.14125e-07
-2.5435e-08
-4.69606e-08
-4.32944e-08
-1.16906e-07
2.31604e-08
-5.13816e-08
-3.45282e-08
2.07498e-08
-2.41147e-08
-1.96349e-08
2.98025e-08
-1.19853e-08
8.5435e-08
4.29456e-08
4.68875e-08
4.83318e-08
5.2107e-08
2.76317e-08
6.85132e-08
2.90439e-08
6.20372e-08
4.11277e-08
3.20777e-08
-3.88633e-08
-2.47561e-08
-9.73426e-08
-7.49599e-08
-6.74565e-08
-3.30869e-08
-1.96185e-08
2.20437e-08
-1.91371e-08
-1.09016e-08
-5.22574e-08
-6.04622e-08
-9.4359e-08
-5.19095e-08
-3.79111e-08
1.79154e-08
3.8992e-08
8.98615e-08
6.8043e-08
8.18867e-08
2.17788e-08
2.11735e-08
-1.36117e-08
-1.22726e-08
-2.45349e-08
-1.20381e-08
1.43118e-09
2.49183e-08
-4.29074e-10
2.18656e-08
-1.56257e-08
-9.69622e-09
-3.05381e-08
-2.83246e-08
-2.89416e-08
-9.47499e-09
-1.38838e-09
6.65183e-09
-2.18313e-08
-5.38545e-08
-1.28029e-07
-2.98482e-07
-5.24849e-07
-1.12894e-06
-1.7337e-06
-4.46845e-06
-4.48983e-06
-2.48911e-05
-8.18672e-06
-0.000359611
-0.00105969
-0.0358578
-0.00324368
0.000500977
-0.00145704
0.000299187
-0.000815814
3.68318e-05
-0.000405364
-3.8866e-05
-0.000195538
-3.59209e-05
-8.82182e-05
-1.95823e-05
-3.6877e-05
-8.27825e-06
-1.45775e-05
-3.01627e-06
-5.5857e-06
-1.05366e-06
-2.01296e-06
-3.37039e-07
-6.93126e-07
-4.85445e-10
-3.01218e-07
4.05093e-09
-1.16302e-07
-3.43083e-08
-5.09693e-08
-4.12848e-08
-1.26658e-07
1.73669e-08
-5.08604e-08
-3.97981e-08
1.98429e-08
-2.25605e-08
-2.3194e-08
2.74705e-08
-1.81652e-08
7.35825e-08
3.70034e-08
3.48868e-08
3.91605e-08
4.49141e-08
1.84486e-08
5.95584e-08
2.22849e-08
4.85507e-08
3.48008e-08
2.47622e-08
-4.42605e-08
-2.68797e-08
-9.66324e-08
-7.55556e-08
-6.69932e-08
-3.64374e-08
-2.51087e-08
1.66339e-08
-2.20338e-08
-1.48146e-08
-5.3222e-08
-5.96361e-08
-9.22314e-08
-5.29669e-08
-4.03155e-08
1.26689e-08
3.08413e-08
7.79914e-08
5.73664e-08
6.91152e-08
1.4705e-08
1.44159e-08
-1.71473e-08
-1.55593e-08
-2.62767e-08
-1.47151e-08
-3.55646e-09
1.96927e-08
-5.35349e-09
1.54289e-08
-1.92319e-08
-1.38463e-08
-3.30381e-08
-3.05338e-08
-3.17822e-08
-1.30523e-08
-6.55341e-09
-3.82321e-11
-2.85446e-08
-6.53681e-08
-1.40632e-07
-3.20823e-07
-5.57196e-07
-1.19623e-06
-1.84069e-06
-4.7008e-06
-4.75354e-06
-2.57367e-05
-8.32863e-06
-0.000379591
-0.00112447
-0.0403332
-0.0035323
0.000541554
-0.00155947
0.000327233
-0.000863266
4.50831e-05
-0.000426155
-3.68924e-05
-0.000204408
-3.54294e-05
-9.17615e-05
-1.93447e-05
-3.82011e-05
-8.10688e-06
-1.50426e-05
-2.92154e-06
-5.73192e-06
-1.00402e-06
-2.05944e-06
-3.06223e-07
-7.18617e-07
1.86342e-08
-3.06576e-07
1.33711e-08
-1.06119e-07
-3.16778e-08
-4.48426e-08
-2.78464e-08
-1.23032e-07
2.19967e-08
-3.83145e-08
-3.25189e-08
2.87468e-08
-9.30258e-09
-1.52385e-08
3.53936e-08
-1.24187e-08
7.23026e-08
4.21691e-08
3.42629e-08
4.00695e-08
4.88098e-08
2.05081e-08
6.08814e-08
2.65771e-08
4.60078e-08
3.84283e-08
2.87048e-08
-3.78905e-08
-1.72445e-08
-8.43259e-08
-6.43166e-08
-5.51838e-08
-2.81781e-08
-1.90415e-08
2.11377e-08
-1.31781e-08
-8.04046e-09
-4.24598e-08
-4.68399e-08
-7.91246e-08
-4.22719e-08
-3.10342e-08
1.85562e-08
3.39704e-08
7.57805e-08
5.70729e-08
6.6327e-08
1.90412e-08
1.91823e-08
-9.66503e-09
-7.31804e-09
-1.64967e-08
-5.89984e-09
2.80535e-09
2.47419e-08
1.00649e-09
1.94749e-08
-1.14145e-08
-6.59454e-09
-2.38804e-08
-2.09262e-08
-2.28434e-08
-5.55773e-09
-1.97333e-10
4.65527e-09
-2.30539e-08
-6.33772e-08
-1.3982e-07
-3.26176e-07
-5.70583e-07
-1.23264e-06
-1.90212e-06
-4.80781e-06
-4.89693e-06
-2.5806e-05
-8.17366e-06
-0.000389772
-0.00116155
-0.0449015
-0.00378375
0.000577542
-0.00163633
0.000352177
-0.000894476
5.40215e-05
-0.00043841
-3.33032e-05
-0.000208991
-3.37807e-05
-9.33516e-05
-1.85491e-05
-3.87495e-05
-7.75301e-06
-1.52616e-05
-2.8147e-06
-5.84665e-06
-9.91205e-07
-2.15301e-06
-3.23516e-07
-8.02654e-07
-2.43253e-08
-3.65694e-07
-4.19765e-08
-1.56874e-07
-9.01571e-08
-1.03268e-07
-7.84591e-08
-1.79675e-07
-3.87389e-08
-8.91598e-08
-8.8612e-08
-2.8746e-08
-6.06305e-08
-7.18476e-08
-2.2615e-08
-6.94507e-08
5.7545e-09
-1.77106e-08
-2.98962e-08
-2.39077e-08
-1.23074e-08
-4.18876e-08
-2.82404e-09
-3.38619e-08
-2.05252e-08
-2.3223e-08
-3.17972e-08
-9.51081e-08
-7.21155e-08
-1.3499e-07
-1.17169e-07
-1.07969e-07
-8.38659e-08
-7.74602e-08
-3.82441e-08
-6.87259e-08
-6.57048e-08
-9.61651e-08
-9.84181e-08
-1.28461e-07
-9.53908e-08
-8.61845e-08
-4.02811e-08
-2.76136e-08
1.00591e-08
-6.78725e-09
5.27996e-10
-4.12009e-08
-4.04161e-08
-6.67672e-08
-6.34771e-08
-7.13721e-08
-6.17255e-08
-5.53241e-08
-3.51666e-08
-5.70077e-08
-4.11946e-08
-6.82116e-08
-6.38982e-08
-7.93046e-08
-7.57759e-08
-7.81848e-08
-6.2368e-08
-5.81269e-08
-5.43828e-08
-8.12755e-08
-1.23527e-07
-1.97357e-07
-3.84652e-07
-6.42051e-07
-1.32081e-06
-2.0116e-06
-4.8976e-06
-5.02662e-06
-2.52242e-05
-7.83929e-06
-0.000389553
-0.00116842
-0.0495774
-0.00399083
0.000609008
-0.00168389
0.000372994
-0.000907984
6.30471e-05
-0.000441736
-2.85978e-05
-0.000209391
-3.14541e-05
-9.32988e-05
-1.76628e-05
-3.8928e-05
-7.65602e-06
-1.56722e-05
-3.07693e-06
-6.34886e-06
-1.37857e-06
-2.66061e-06
-7.84894e-07
-1.30726e-06
-5.2442e-07
-8.73269e-07
-5.5629e-07
-6.63603e-07
-6.04218e-07
-6.20235e-07
-5.87188e-07
-6.91086e-07
-5.59004e-07
-5.98063e-07
-6.02266e-07
-5.46889e-07
-5.71169e-07
-5.8727e-07
-5.40792e-07
-5.83842e-07
-5.20291e-07
-5.37037e-07
-5.51248e-07
-5.46399e-07
-5.32615e-07
-5.62811e-07
-5.25865e-07
-5.53102e-07
-5.45312e-07
-5.43938e-07
-5.50945e-07
-6.10303e-07
-5.85993e-07
-6.43133e-07
-6.28427e-07
-6.19562e-07
-5.97893e-07
-5.94602e-07
-5.55901e-07
-5.83111e-07
-5.8176e-07
-6.08696e-07
-6.08817e-07
-6.34943e-07
-6.06796e-07
-6.00161e-07
-5.58072e-07
-5.48159e-07
-5.13655e-07
-5.28704e-07
-5.22809e-07
-5.60386e-07
-5.5864e-07
-5.82519e-07
-5.78281e-07
-5.85311e-07
-5.76598e-07
-5.72177e-07
-5.53795e-07
-5.73592e-07
-5.60352e-07
-5.8387e-07
-5.7993e-07
-5.93671e-07
-5.89512e-07
-5.92148e-07
-5.77618e-07
-5.74548e-07
-5.7156e-07
-5.97396e-07
-6.40209e-07
-7.07929e-07
-8.90671e-07
-1.14064e-06
-1.8072e-06
-2.53127e-06
-5.3827e-06
-5.55526e-06
-2.44754e-05
-7.76025e-06
-0.000378758
-0.00114297
-0.0543714
-0.00414362
0.000636822
-0.00169717
0.000388963
-0.000901682
7.17023e-05
-0.000435361
-2.3075e-05
-0.000205511
-2.8713e-05
-9.17087e-05
-1.69235e-05
-3.89073e-05
-8.03543e-06
-1.64672e-05
-3.91364e-06
-7.44294e-06
-2.46209e-06
-3.80167e-06
-1.98136e-06
-2.52373e-06
-1.76746e-06
-2.11832e-06
-1.81335e-06
-1.91345e-06
-1.86075e-06
-1.8801e-06
-1.83831e-06
-1.94317e-06
-1.82219e-06
-1.84965e-06
-1.85737e-06
-1.80883e-06
-1.82484e-06
-1.8451e-06
-1.80245e-06
-1.84088e-06
-1.78911e-06
-1.79941e-06
-1.81376e-06
-1.81114e-06
-1.79557e-06
-1.82572e-06
-1.79226e-06
-1.81472e-06
-1.81259e-06
-1.80766e-06
-1.81241e-06
-1.86786e-06
-1.84254e-06
-1.89405e-06
-1.88186e-06
-1.87357e-06
-1.85451e-06
-1.85401e-06
-1.81769e-06
-1.84012e-06
-1.84026e-06
-1.86361e-06
-1.86168e-06
-1.8853e-06
-1.86079e-06
-1.8565e-06
-1.81847e-06
-1.81122e-06
-1.78176e-06
-1.79441e-06
-1.7902e-06
-1.82219e-06
-1.81916e-06
-1.8407e-06
-1.83553e-06
-1.84184e-06
-1.83421e-06
-1.83139e-06
-1.81516e-06
-1.83256e-06
-1.82194e-06
-1.842e-06
-1.83825e-06
-1.85047e-06
-1.84568e-06
-1.84833e-06
-1.83529e-06
-1.83315e-06
-1.83147e-06
-1.85516e-06
-1.89702e-06
-1.95933e-06
-2.13348e-06
-2.35712e-06
-2.98314e-06
-3.68444e-06
-6.46757e-06
-6.6836e-06
-2.38127e-05
-8.14672e-06
-0.00035709
-0.00108292
-0.059264
-0.00422666
0.000663891
-0.00166848
0.000400877
-0.000871473
8.14029e-05
-0.000416821
-1.46955e-05
-0.000195355
-2.34281e-05
-8.66578e-05
-1.41687e-05
-3.65768e-05
-6.76389e-06
-1.54034e-05
-3.35059e-06
-6.97003e-06
-2.22033e-06
-3.59288e-06
-1.85393e-06
-2.41995e-06
-1.69348e-06
-2.03772e-06
-1.75173e-06
-1.84395e-06
-1.79718e-06
-1.82058e-06
-1.77064e-06
-1.87355e-06
-1.76667e-06
-1.78226e-06
-1.79274e-06
-1.75288e-06
-1.76034e-06
-1.78392e-06
-1.74603e-06
-1.77844e-06
-1.739e-06
-1.74345e-06
-1.7561e-06
-1.75654e-06
-1.73967e-06
-1.76902e-06
-1.73995e-06
-1.7571e-06
-1.76031e-06
-1.75279e-06
-1.75472e-06
-1.80581e-06
-1.78035e-06
-1.82554e-06
-1.81606e-06
-1.80849e-06
-1.79188e-06
-1.79416e-06
-1.76081e-06
-1.77844e-06
-1.77984e-06
-1.79944e-06
-1.79562e-06
-1.81682e-06
-1.79556e-06
-1.79367e-06
-1.76005e-06
-1.75532e-06
-1.73138e-06
-1.74137e-06
-1.73882e-06
-1.76531e-06
-1.76069e-06
-1.77993e-06
-1.77397e-06
-1.77949e-06
-1.77314e-06
-1.77154e-06
-1.75777e-06
-1.7726e-06
-1.76439e-06
-1.7812e-06
-1.77739e-06
-1.78819e-06
-1.78286e-06
-1.78537e-06
-1.77413e-06
-1.77267e-06
-1.77219e-06
-1.79336e-06
-1.83265e-06
-1.88844e-06
-2.04969e-06
-2.25255e-06
-2.83135e-06
-3.48474e-06
-6.01771e-06
-6.26272e-06
-2.1061e-05
-6.86087e-06
-0.000322683
-0.000984842
-0.0641925
-0.00423035
0.000687105
-0.00159739
0.000404024
-0.000819702
9.08149e-05
-0.00038869
-3.73957e-06
-0.000179906
-1.57219e-05
-7.88778e-05
-9.43669e-06
-3.22267e-05
-3.82759e-06
-1.2409e-05
-1.36032e-06
-4.84725e-06
-5.57447e-07
-1.93455e-06
-3.13876e-07
-8.91448e-07
-2.11592e-07
-5.39056e-07
-2.79211e-07
-3.62637e-07
-3.21231e-07
-3.49096e-07
-2.9231e-07
-3.89735e-07
-2.9998e-07
-3.03695e-07
-3.16243e-07
-2.86301e-07
-2.85589e-07
-3.1132e-07
-2.79049e-07
-3.04403e-07
-2.7713e-07
-2.76787e-07
-2.86279e-07
-2.89966e-07
-2.72474e-07
-3.00308e-07
-2.76039e-07
-2.87944e-07
-2.95557e-07
-2.86902e-07
-2.857e-07
-3.31865e-07
-3.0732e-07
-3.4541e-07
-3.38837e-07
-3.32073e-07
-3.17729e-07
-3.22629e-07
-2.92874e-07
-3.05824e-07
-3.08249e-07
-3.24008e-07
-3.18504e-07
-3.37288e-07
-3.19014e-07
-3.19415e-07
-2.90554e-07
-2.88083e-07
-2.69778e-07
-2.77e-07
-2.75872e-07
-2.9733e-07
-2.91002e-07
-3.08024e-07
-3.01592e-07
-3.06063e-07
-3.01318e-07
-3.00489e-07
-2.89384e-07
-3.01561e-07
-2.95436e-07
-3.09261e-07
-3.05131e-07
-3.14648e-07
-3.08941e-07
-3.11173e-07
-3.02033e-07
-3.00915e-07
-3.01455e-07
-3.19832e-07
-3.54914e-07
-4.02602e-07
-5.46515e-07
-7.25002e-07
-1.24221e-06
-1.82828e-06
-3.94889e-06
-4.20264e-06
-1.62597e-05
-3.89168e-06
-0.000277931
-0.00085178
-0.069188
-0.00419976
0.000661476
-0.00153123
0.000354929
-0.000791716
6.21558e-05
-0.000391783
-3.08794e-05
-0.000196726
-4.61928e-05
-0.000106196
-4.32424e-05
-6.52243e-05
-3.96303e-05
-4.79534e-05
-3.81311e-05
-4.14406e-05
-3.76847e-05
-3.89993e-05
-3.75676e-05
-3.81377e-05
-3.75254e-05
-3.7826e-05
-3.75986e-05
-3.76723e-05
-3.7636e-05
-3.76682e-05
-3.76066e-05
-3.7695e-05
-3.7625e-05
-3.76172e-05
-3.7631e-05
-3.76118e-05
-3.76035e-05
-3.76301e-05
-3.76044e-05
-3.76218e-05
-3.76061e-05
-3.76024e-05
-3.76075e-05
-3.76143e-05
-3.75969e-05
-3.76224e-05
-3.76032e-05
-3.761e-05
-3.7621e-05
-3.76125e-05
-3.76081e-05
-3.76486e-05
-3.76261e-05
-3.76563e-05
-3.76528e-05
-3.76469e-05
-3.76345e-05
-3.76418e-05
-3.76162e-05
-3.76248e-05
-3.76281e-05
-3.76401e-05
-3.76331e-05
-3.76495e-05
-3.7634e-05
-3.76364e-05
-3.76126e-05
-3.76121e-05
-3.75995e-05
-3.76039e-05
-3.7604e-05
-3.76211e-05
-3.76131e-05
-3.76278e-05
-3.76214e-05
-3.76245e-05
-3.76215e-05
-3.76211e-05
-3.76126e-05
-3.76222e-05
-3.76177e-05
-3.76289e-05
-3.76243e-05
-3.76326e-05
-3.76268e-05
-3.76287e-05
-3.76219e-05
-3.76208e-05
-3.76221e-05
-3.76376e-05
-3.7667e-05
-3.7705e-05
-3.78273e-05
-3.79748e-05
-3.84134e-05
-3.88845e-05
-4.05963e-05
-4.08435e-05
-5.00185e-05
-3.96438e-05
-0.000263143
-0.000725716
-0.0744786
-0.0042219
0.00048456
-0.00156579
0.000153902
-0.000884106
-0.000116637
-0.000522878
-0.000207096
-0.000355364
-0.000225746
-0.000279423
-0.000226342
-0.000246266
-0.000224827
-0.000232645
-0.000224248
-0.000227343
-0.000224139
-0.000225376
-0.000224144
-0.000224683
-0.000224159
-0.000224423
-0.000224233
-0.000224297
-0.000224265
-0.0002243
-0.000224237
-0.000224312
-0.000224264
-0.000224247
-0.00022426
-0.000224252
-0.000224237
-0.000224262
-0.000224245
-0.000224253
-0.000224247
-0.000224243
-0.000224243
-0.000224252
-0.000224236
-0.000224258
-0.000224244
-0.000224246
-0.000224259
-0.000224252
-0.000224245
-0.000224279
-0.00022426
-0.000224282
-0.000224281
-0.000224276
-0.000224266
-0.000224275
-0.000224254
-0.000224259
-0.000224262
-0.00022427
-0.000224263
-0.000224276
-0.000224264
-0.000224268
-0.000224249
-0.00022425
-0.000224243
-0.000224245
-0.000224246
-0.000224259
-0.00022425
-0.000224262
-0.000224256
-0.000224258
-0.000224257
-0.000224256
-0.000224251
-0.000224257
-0.000224254
-0.000224263
-0.000224258
-0.000224265
-0.000224259
-0.000224261
-0.000224257
-0.000224256
-0.000224257
-0.000224269
-0.000224292
-0.000224319
-0.000224416
-0.000224526
-0.000224871
-0.000225234
-0.000226548
-0.000226766
-0.000233089
-0.000224782
-0.000385558
-0.000699573
-0.0785098
-0.00396886
0.000257213
-0.00150431
-9.67956e-05
-0.000943857
-0.000332138
-0.000658969
-0.000410204
-0.000533082
-0.000430213
-0.00047501
-0.000433689
-0.000450586
-0.000433988
-0.000440689
-0.000434181
-0.000436825
-0.000434343
-0.000435408
-0.000434437
-0.0004349
-0.000434495
-0.000434702
-0.000434561
-0.000434609
-0.000434584
-0.00043462
-0.00043456
-0.000434618
-0.000434593
-0.000434568
-0.00043458
-0.000434582
-0.000434562
-0.000434585
-0.000434575
-0.000434576
-0.000434578
-0.000434574
-0.000434571
-0.000434581
-0.000434567
-0.000434584
-0.000434575
-0.000434573
-0.000434586
-0.000434581
-0.000434572
-0.000434598
-0.000434584
-0.000434596
-0.000434598
-0.000434595
-0.000434586
-0.000434596
-0.000434581
-0.000434582
-0.000434586
-0.000434591
-0.000434583
-0.000434594
-0.000434584
-0.00043459
-0.000434576
-0.000434578
-0.000434577
-0.000434575
-0.000434578
-0.000434587
-0.000434577
-0.000434587
-0.000434583
-0.000434582
-0.000434583
-0.000434582
-0.000434579
-0.000434583
-0.00043458
-0.000434587
-0.000434582
-0.000434588
-0.000434583
-0.000434584
-0.000434583
-0.000434581
-0.000434582
-0.000434592
-0.000434606
-0.000434622
-0.000434689
-0.000434759
-0.000434995
-0.000435237
-0.000436117
-0.000436274
-0.000439943
-0.000433956
-0.000531231
-0.000668075
-0.0707464
-0.00205984
0.00081582
-0.000297288
0.000542346
3.64045e-05
0.00039432
0.000196702
0.000345148
0.0002696
0.000330788
0.000303047
0.000327244
0.000316648
0.000326326
0.000322116
0.000325884
0.000324237
0.000325671
0.000324997
0.000325571
0.000325277
0.000325512
0.000325393
0.000325469
0.000325442
0.000325457
0.000325429
0.000325473
0.000325439
0.000325445
0.00032547
0.000325462
0.000325452
0.000325472
0.000325457
0.000325459
0.000325463
0.000325458
0.00032546
0.000325464
0.000325456
0.000325464
0.000325454
0.000325459
0.000325463
0.000325453
0.000325455
0.000325463
0.000325447
0.000325454
0.00032545
0.000325447
0.000325449
0.000325456
0.000325447
0.000325457
0.000325457
0.000325455
0.000325452
0.000325459
0.000325451
0.000325458
0.000325451
0.000325461
0.000325458
0.000325457
0.00032546
0.000325458
0.000325452
0.00032546
0.000325453
0.000325455
0.000325457
0.000325455
0.000325456
0.000325456
0.000325456
0.000325458
0.000325453
0.000325458
0.000325453
0.000325457
0.000325456
0.000325456
0.000325456
0.000325457
0.000325451
0.000325444
0.000325437
0.000325402
0.000325369
0.000325243
0.000325123
0.000324671
0.000324591
0.000323057
0.000326457
0.000280607
0.000284526
-0.0295851
0.00143237
0.00217363
0.00196797
0.00213343
0.00203599
0.00210724
0.00206884
0.00209864
0.00208405
0.00209637
0.00209098
0.00209592
0.00209387
0.00209585
0.00209503
0.00209579
0.00209548
0.00209577
0.00209564
0.00209576
0.00209569
0.00209574
0.00209572
0.00209573
0.00209573
0.00209573
0.00209572
0.00209574
0.00209573
0.00209573
0.00209574
0.00209574
0.00209573
0.00209574
0.00209573
0.00209573
0.00209573
0.00209573
0.00209573
0.00209573
0.00209573
0.00209573
0.00209573
0.00209573
0.00209573
0.00209573
0.00209573
0.00209574
0.00209573
0.00209573
0.00209573
0.00209573
0.00209573
0.00209574
0.00209573
0.00209573
0.00209574
0.00209573
0.00209573
0.00209574
0.00209573
0.00209573
0.00209573
0.00209574
0.00209573
0.00209573
0.00209573
0.00209573
0.00209573
0.00209573
0.00209573
0.00209573
0.00209573
0.00209573
0.00209573
0.00209573
0.00209573
0.00209573
0.00209573
0.00209573
0.00209573
0.00209573
0.00209573
0.00209573
0.00209573
0.00209573
0.00209573
0.00209573
0.00209573
0.00209572
0.00209571
0.00209567
0.00209564
0.00209551
0.00209549
0.00209519
0.00209627
0.00208523
0.00211063
)
;

boundaryField
{
    inlet
    {
        type            calculated;
        value           uniform 0;
    }
    outlet
    {
        type            calculated;
        value           nonuniform List<scalar> 
40
(
-0.00211063
-0.000284527
0.000668069
0.000699564
0.000725704
0.000851765
0.000984823
0.00108289
0.00114294
0.00116839
0.00116152
0.00112444
0.00105965
0.000970008
0.000858517
0.000728319
0.000582664
0.000424894
0.000258423
8.671e-05
-8.67528e-05
-0.000258465
-0.000424936
-0.000582704
-0.000728358
-0.000858555
-0.000970044
-0.00105969
-0.00112447
-0.00116155
-0.00116842
-0.00114297
-0.00108292
-0.000984842
-0.00085178
-0.000725716
-0.000699573
-0.000668075
0.000284526
0.00211063
)
;
    }
    lowerWall
    {
        type            calculated;
        value           uniform 0;
    }
    upperWall
    {
        type            calculated;
        value           uniform 0;
    }
    frontAndBack
    {
        type            empty;
    }
}


// ************************************************************************* //
