/*--------------------------------*- C++ -*----------------------------------*\
| =========                 |                                                 |
| \\      /  F ield         | OpenFOAM: The Open Source CFD Toolbox           |
|  \\    /   O peration     | Version:  v1906                                 |
|   \\  /    A nd           | Web:      www.OpenFOAM.com                      |
|    \\/     M anipulation  |                                                 |
\*---------------------------------------------------------------------------*/
FoamFile
{
    version     2.0;
    format      ascii;
    class       volVectorField;
    location    "1.5";
    object      B;
}
// * * * * * * * * * * * * * * * * * * * * * * * * * * * * * * * * * * * * * //

dimensions      [1 0 -2 0 0 -1 0];


internalField   nonuniform List<vector> 
4000
(
(0.483058 20.0441 0)
(0.501107 19.9952 0)
(0.484731 19.9857 0)
(0.490835 19.9848 0)
(0.491787 19.9864 0)
(0.493872 19.989 0)
(0.494451 19.9912 0)
(0.494949 19.9931 0)
(0.495118 19.9946 0)
(0.495254 19.9957 0)
(0.495321 19.9966 0)
(0.495372 19.9973 0)
(0.495401 19.9979 0)
(0.49542 19.9984 0)
(0.495427 19.9987 0)
(0.495428 19.999 0)
(0.495424 19.9992 0)
(0.495416 19.9994 0)
(0.495405 19.9995 0)
(0.495394 19.9996 0)
(0.495381 19.9997 0)
(0.495369 19.9998 0)
(0.495358 19.9998 0)
(0.495348 19.9999 0)
(0.495338 19.9999 0)
(0.49533 19.9999 0)
(0.495323 20 0)
(0.495316 20 0)
(0.495311 20 0)
(0.495307 20 0)
(0.495303 20 0)
(0.4953 20 0)
(0.495298 20 0)
(0.495296 20 0)
(0.495294 20 0)
(0.495293 20 0)
(0.495292 20 0)
(0.495291 20 0)
(0.495291 20 0)
(0.49529 20 0)
(0.49529 20 0)
(0.49529 20 0)
(0.49529 20 0)
(0.495289 20 0)
(0.495289 20 0)
(0.495289 20 0)
(0.495289 20 0)
(0.495289 20 0)
(0.495289 20 0)
(0.495289 20 0)
(0.495289 20 0)
(0.495289 20 0)
(0.495289 20 0)
(0.495289 20 0)
(0.495289 20 0)
(0.495289 20 0)
(0.495289 20 0)
(0.495289 20 0)
(0.495289 20 0)
(0.495289 20 0)
(0.495289 20 0)
(0.495289 20 0)
(0.495289 20 0)
(0.495289 20 0)
(0.495289 20 0)
(0.495289 20 0)
(0.495289 20 0)
(0.495289 20 0)
(0.495289 20 0)
(0.495289 20 0)
(0.495289 20 0)
(0.495289 20 0)
(0.495289 20 0)
(0.495289 20 0)
(0.495289 20 0)
(0.495289 20 0)
(0.495289 20 0)
(0.495289 20 0)
(0.495289 20 0)
(0.495289 20 0)
(0.495289 20 0)
(0.495289 20 0)
(0.495289 20 0)
(0.495289 20 0)
(0.495289 20 0)
(0.495289 20 0)
(0.495289 20 0)
(0.495289 20 0)
(0.495289 20 0)
(0.495289 20 0)
(0.49529 20 0)
(0.495292 20 0)
(0.495296 20 0)
(0.495305 20 0)
(0.495323 19.9999 0)
(0.495353 19.9999 0)
(0.495402 20 0)
(0.495374 20.0002 0)
(0.495265 20.0005 0)
(0.494406 20.0007 0)
(0.842963 20.0124 0)
(0.89569 19.9676 0)
(0.897677 19.9553 0)
(0.912846 19.9548 0)
(0.917336 19.9603 0)
(0.922052 19.9677 0)
(0.924017 19.9745 0)
(0.925558 19.9801 0)
(0.926427 19.9845 0)
(0.927114 19.9879 0)
(0.927599 19.9907 0)
(0.927983 19.9928 0)
(0.928273 19.9945 0)
(0.928496 19.9959 0)
(0.928664 19.9969 0)
(0.928789 19.9978 0)
(0.928879 19.9985 0)
(0.928943 19.999 0)
(0.928987 19.9994 0)
(0.929015 19.9997 0)
(0.929033 20 0)
(0.929042 20.0002 0)
(0.929046 20.0003 0)
(0.929046 20.0005 0)
(0.929044 20.0005 0)
(0.92904 20.0006 0)
(0.929036 20.0007 0)
(0.929032 20.0007 0)
(0.929028 20.0007 0)
(0.929024 20.0007 0)
(0.929021 20.0008 0)
(0.929018 20.0008 0)
(0.929015 20.0008 0)
(0.929013 20.0008 0)
(0.929012 20.0008 0)
(0.92901 20.0008 0)
(0.929009 20.0008 0)
(0.929008 20.0008 0)
(0.929008 20.0008 0)
(0.929007 20.0008 0)
(0.929007 20.0008 0)
(0.929006 20.0008 0)
(0.929006 20.0008 0)
(0.929006 20.0008 0)
(0.929006 20.0008 0)
(0.929006 20.0008 0)
(0.929006 20.0008 0)
(0.929006 20.0008 0)
(0.929006 20.0008 0)
(0.929006 20.0008 0)
(0.929006 20.0008 0)
(0.929006 20.0008 0)
(0.929005 20.0008 0)
(0.929005 20.0008 0)
(0.929005 20.0008 0)
(0.929005 20.0008 0)
(0.929005 20.0008 0)
(0.929005 20.0008 0)
(0.929005 20.0008 0)
(0.929005 20.0008 0)
(0.929005 20.0008 0)
(0.929005 20.0008 0)
(0.929005 20.0008 0)
(0.929005 20.0008 0)
(0.929005 20.0008 0)
(0.929005 20.0008 0)
(0.929005 20.0008 0)
(0.929005 20.0008 0)
(0.929005 20.0008 0)
(0.929006 20.0008 0)
(0.929006 20.0008 0)
(0.929006 20.0008 0)
(0.929005 20.0008 0)
(0.929005 20.0008 0)
(0.929005 20.0008 0)
(0.929005 20.0008 0)
(0.929005 20.0008 0)
(0.929005 20.0008 0)
(0.929005 20.0008 0)
(0.929005 20.0008 0)
(0.929005 20.0008 0)
(0.929005 20.0008 0)
(0.929005 20.0008 0)
(0.929006 20.0008 0)
(0.929006 20.0008 0)
(0.929007 20.0008 0)
(0.929008 20.0008 0)
(0.929009 20.0008 0)
(0.929011 20.0008 0)
(0.929015 20.0008 0)
(0.929022 20.0008 0)
(0.929033 20.0007 0)
(0.929052 20.0007 0)
(0.929086 20.0007 0)
(0.929146 20.0006 0)
(0.929246 20.0006 0)
(0.92941 20.0008 0)
(0.92953 20.0013 0)
(0.929513 20.0022 0)
(0.9279 20.003 0)
(0.947613 19.9215 0)
(1.0162 19.9223 0)
(1.04466 19.9202 0)
(1.06819 19.9233 0)
(1.07685 19.9336 0)
(1.08363 19.946 0)
(1.08696 19.9571 0)
(1.08948 19.9664 0)
(1.09112 19.9737 0)
(1.09242 19.9795 0)
(1.09341 19.984 0)
(1.09419 19.9876 0)
(1.0948 19.9904 0)
(1.09529 19.9927 0)
(1.09566 19.9945 0)
(1.09595 19.9959 0)
(1.09618 19.997 0)
(1.09634 19.9979 0)
(1.09647 19.9986 0)
(1.09656 19.9991 0)
(1.09663 19.9996 0)
(1.09668 19.9999 0)
(1.09671 20.0001 0)
(1.09674 20.0003 0)
(1.09675 20.0005 0)
(1.09676 20.0006 0)
(1.09677 20.0007 0)
(1.09677 20.0007 0)
(1.09677 20.0008 0)
(1.09677 20.0008 0)
(1.09677 20.0009 0)
(1.09677 20.0009 0)
(1.09677 20.0009 0)
(1.09677 20.0009 0)
(1.09677 20.0009 0)
(1.09677 20.0009 0)
(1.09677 20.0009 0)
(1.09677 20.0009 0)
(1.09677 20.0009 0)
(1.09677 20.0009 0)
(1.09677 20.0009 0)
(1.09677 20.0009 0)
(1.09677 20.0009 0)
(1.09677 20.0009 0)
(1.09677 20.0009 0)
(1.09677 20.0009 0)
(1.09677 20.0009 0)
(1.09677 20.0009 0)
(1.09677 20.0009 0)
(1.09677 20.0009 0)
(1.09677 20.0009 0)
(1.09677 20.0009 0)
(1.09677 20.0009 0)
(1.09677 20.0009 0)
(1.09677 20.0009 0)
(1.09677 20.0009 0)
(1.09677 20.0009 0)
(1.09677 20.0009 0)
(1.09677 20.0009 0)
(1.09677 20.0009 0)
(1.09677 20.0009 0)
(1.09677 20.0009 0)
(1.09677 20.0009 0)
(1.09677 20.0009 0)
(1.09677 20.0009 0)
(1.09677 20.0009 0)
(1.09677 20.0009 0)
(1.09677 20.0009 0)
(1.09677 20.0009 0)
(1.09677 20.0009 0)
(1.09677 20.0009 0)
(1.09677 20.0009 0)
(1.09677 20.0009 0)
(1.09677 20.0009 0)
(1.09677 20.0009 0)
(1.09677 20.0009 0)
(1.09677 20.0009 0)
(1.09677 20.0009 0)
(1.09677 20.0009 0)
(1.09677 20.0009 0)
(1.09677 20.0009 0)
(1.09677 20.0009 0)
(1.09677 20.0009 0)
(1.09677 20.0009 0)
(1.09677 20.0009 0)
(1.09677 20.0009 0)
(1.09677 20.0009 0)
(1.09678 20.0009 0)
(1.09678 20.0009 0)
(1.09679 20.0009 0)
(1.09681 20.0009 0)
(1.09683 20.0008 0)
(1.09686 20.0008 0)
(1.09693 20.0007 0)
(1.09703 20.0006 0)
(1.09722 20.0006 0)
(1.09752 20.0009 0)
(1.09792 20.0016 0)
(1.09826 20.003 0)
(1.09707 20.0044 0)
(0.946 19.8216 0)
(1.01677 19.8658 0)
(1.06625 19.8804 0)
(1.09704 19.8907 0)
(1.10987 19.9069 0)
(1.11847 19.9242 0)
(1.12303 19.9397 0)
(1.12644 19.9525 0)
(1.1288 19.9627 0)
(1.13069 19.9707 0)
(1.13216 19.977 0)
(1.13333 19.9821 0)
(1.13427 19.986 0)
(1.13501 19.9892 0)
(1.13559 19.9917 0)
(1.13605 19.9937 0)
(1.13641 19.9953 0)
(1.13669 19.9965 0)
(1.1369 19.9975 0)
(1.13706 19.9982 0)
(1.13718 19.9988 0)
(1.13727 19.9993 0)
(1.13734 19.9996 0)
(1.13739 19.9999 0)
(1.13743 20.0001 0)
(1.13745 20.0003 0)
(1.13747 20.0004 0)
(1.13749 20.0005 0)
(1.1375 20.0006 0)
(1.1375 20.0006 0)
(1.13751 20.0007 0)
(1.13751 20.0007 0)
(1.13751 20.0007 0)
(1.13751 20.0007 0)
(1.13751 20.0007 0)
(1.13751 20.0007 0)
(1.13752 20.0007 0)
(1.13752 20.0007 0)
(1.13752 20.0008 0)
(1.13752 20.0008 0)
(1.13752 20.0008 0)
(1.13752 20.0008 0)
(1.13752 20.0008 0)
(1.13752 20.0008 0)
(1.13752 20.0008 0)
(1.13752 20.0008 0)
(1.13752 20.0008 0)
(1.13752 20.0008 0)
(1.13752 20.0008 0)
(1.13752 20.0008 0)
(1.13752 20.0008 0)
(1.13752 20.0008 0)
(1.13752 20.0008 0)
(1.13752 20.0008 0)
(1.13752 20.0008 0)
(1.13752 20.0008 0)
(1.13752 20.0008 0)
(1.13752 20.0008 0)
(1.13752 20.0008 0)
(1.13752 20.0008 0)
(1.13752 20.0008 0)
(1.13752 20.0008 0)
(1.13752 20.0008 0)
(1.13752 20.0008 0)
(1.13752 20.0008 0)
(1.13752 20.0008 0)
(1.13752 20.0008 0)
(1.13752 20.0008 0)
(1.13752 20.0008 0)
(1.13752 20.0008 0)
(1.13752 20.0008 0)
(1.13752 20.0008 0)
(1.13752 20.0008 0)
(1.13752 20.0008 0)
(1.13752 20.0008 0)
(1.13752 20.0008 0)
(1.13752 20.0008 0)
(1.13752 20.0008 0)
(1.13752 20.0008 0)
(1.13752 20.0008 0)
(1.13752 20.0008 0)
(1.13752 20.0008 0)
(1.13752 20.0008 0)
(1.13752 20.0008 0)
(1.13752 20.0008 0)
(1.13752 20.0007 0)
(1.13752 20.0007 0)
(1.13753 20.0007 0)
(1.13754 20.0007 0)
(1.13755 20.0007 0)
(1.13757 20.0007 0)
(1.13761 20.0006 0)
(1.13766 20.0005 0)
(1.13775 20.0004 0)
(1.13791 20.0004 0)
(1.13818 20.0003 0)
(1.13866 20.0006 0)
(1.1394 20.0014 0)
(1.14031 20.0032 0)
(1.14034 20.005 0)
(0.901553 19.73 0)
(0.967299 19.8044 0)
(1.03009 19.8373 0)
(1.06652 19.8574 0)
(1.08311 19.8804 0)
(1.09331 19.9029 0)
(1.09898 19.9227 0)
(1.10315 19.9389 0)
(1.10614 19.9519 0)
(1.10854 19.9621 0)
(1.11043 19.9702 0)
(1.11195 19.9766 0)
(1.11317 19.9817 0)
(1.11415 19.9857 0)
(1.11492 19.989 0)
(1.11554 19.9915 0)
(1.11602 19.9935 0)
(1.11639 19.9951 0)
(1.11668 19.9964 0)
(1.11691 19.9973 0)
(1.11708 19.9981 0)
(1.11721 19.9987 0)
(1.11731 19.9992 0)
(1.11739 19.9995 0)
(1.11744 19.9998 0)
(1.11749 20 0)
(1.11752 20.0002 0)
(1.11754 20.0003 0)
(1.11756 20.0004 0)
(1.11757 20.0004 0)
(1.11758 20.0005 0)
(1.11758 20.0005 0)
(1.11759 20.0006 0)
(1.11759 20.0006 0)
(1.11759 20.0006 0)
(1.1176 20.0006 0)
(1.1176 20.0006 0)
(1.1176 20.0006 0)
(1.1176 20.0006 0)
(1.1176 20.0006 0)
(1.1176 20.0006 0)
(1.1176 20.0006 0)
(1.1176 20.0006 0)
(1.1176 20.0006 0)
(1.1176 20.0006 0)
(1.1176 20.0006 0)
(1.1176 20.0006 0)
(1.1176 20.0006 0)
(1.1176 20.0006 0)
(1.1176 20.0006 0)
(1.1176 20.0006 0)
(1.1176 20.0006 0)
(1.1176 20.0006 0)
(1.1176 20.0006 0)
(1.1176 20.0006 0)
(1.1176 20.0006 0)
(1.1176 20.0006 0)
(1.1176 20.0006 0)
(1.1176 20.0006 0)
(1.1176 20.0006 0)
(1.1176 20.0006 0)
(1.1176 20.0006 0)
(1.1176 20.0006 0)
(1.1176 20.0006 0)
(1.1176 20.0006 0)
(1.1176 20.0006 0)
(1.1176 20.0006 0)
(1.1176 20.0006 0)
(1.1176 20.0006 0)
(1.1176 20.0006 0)
(1.1176 20.0006 0)
(1.1176 20.0006 0)
(1.1176 20.0006 0)
(1.1176 20.0006 0)
(1.1176 20.0006 0)
(1.1176 20.0006 0)
(1.1176 20.0006 0)
(1.1176 20.0006 0)
(1.1176 20.0006 0)
(1.1176 20.0006 0)
(1.1176 20.0006 0)
(1.1176 20.0006 0)
(1.1176 20.0006 0)
(1.1176 20.0006 0)
(1.1176 20.0006 0)
(1.11761 20.0006 0)
(1.11761 20.0006 0)
(1.11762 20.0006 0)
(1.11763 20.0006 0)
(1.11765 20.0005 0)
(1.11768 20.0005 0)
(1.11772 20.0004 0)
(1.11779 20.0003 0)
(1.11791 20.0002 0)
(1.11812 20.0001 0)
(1.11849 20 0)
(1.11914 20.0002 0)
(1.12027 20.0011 0)
(1.12184 20.003 0)
(1.12341 20.0049 0)
(0.841294 19.6497 0)
(0.899112 19.7424 0)
(0.968534 19.7926 0)
(1.00881 19.8241 0)
(1.02849 19.8544 0)
(1.04005 19.8822 0)
(1.04666 19.9062 0)
(1.05146 19.9257 0)
(1.05497 19.9413 0)
(1.05778 19.9537 0)
(1.06002 19.9635 0)
(1.06183 19.9713 0)
(1.06329 19.9775 0)
(1.06446 19.9824 0)
(1.06539 19.9863 0)
(1.06613 19.9894 0)
(1.06672 19.9919 0)
(1.06718 19.9938 0)
(1.06754 19.9954 0)
(1.06782 19.9965 0)
(1.06803 19.9975 0)
(1.0682 19.9982 0)
(1.06833 19.9988 0)
(1.06842 19.9992 0)
(1.0685 19.9995 0)
(1.06855 19.9998 0)
(1.06859 20 0)
(1.06862 20.0001 0)
(1.06865 20.0003 0)
(1.06866 20.0003 0)
(1.06868 20.0004 0)
(1.06869 20.0004 0)
(1.06869 20.0005 0)
(1.0687 20.0005 0)
(1.0687 20.0005 0)
(1.0687 20.0005 0)
(1.06871 20.0005 0)
(1.06871 20.0006 0)
(1.06871 20.0006 0)
(1.06871 20.0006 0)
(1.06871 20.0006 0)
(1.06871 20.0006 0)
(1.06871 20.0006 0)
(1.06871 20.0006 0)
(1.06871 20.0006 0)
(1.06871 20.0006 0)
(1.06871 20.0006 0)
(1.06871 20.0006 0)
(1.06871 20.0006 0)
(1.06871 20.0006 0)
(1.06871 20.0006 0)
(1.06871 20.0006 0)
(1.06871 20.0006 0)
(1.06871 20.0006 0)
(1.06871 20.0006 0)
(1.06871 20.0006 0)
(1.06871 20.0006 0)
(1.06871 20.0006 0)
(1.06871 20.0006 0)
(1.06871 20.0006 0)
(1.06871 20.0006 0)
(1.06871 20.0006 0)
(1.06871 20.0006 0)
(1.06871 20.0006 0)
(1.06871 20.0006 0)
(1.06871 20.0006 0)
(1.06871 20.0006 0)
(1.06871 20.0006 0)
(1.06871 20.0006 0)
(1.06871 20.0006 0)
(1.06871 20.0006 0)
(1.06871 20.0006 0)
(1.06871 20.0006 0)
(1.06871 20.0006 0)
(1.06871 20.0006 0)
(1.06871 20.0006 0)
(1.06871 20.0006 0)
(1.06871 20.0006 0)
(1.06871 20.0006 0)
(1.06871 20.0006 0)
(1.06871 20.0006 0)
(1.06871 20.0006 0)
(1.06871 20.0006 0)
(1.06872 20.0006 0)
(1.06872 20.0006 0)
(1.06872 20.0005 0)
(1.06873 20.0005 0)
(1.06874 20.0005 0)
(1.06875 20.0005 0)
(1.06877 20.0005 0)
(1.06881 20.0004 0)
(1.06886 20.0003 0)
(1.06895 20.0002 0)
(1.06909 20.0001 0)
(1.06935 19.9999 0)
(1.06981 19.9998 0)
(1.07064 19.9999 0)
(1.07216 20.0006 0)
(1.0744 20.0024 0)
(1.07746 20.0043 0)
(0.776506 19.5802 0)
(0.825848 19.6825 0)
(0.896914 19.7478 0)
(0.93931 19.791 0)
(0.961289 19.829 0)
(0.973917 19.8622 0)
(0.981276 19.8902 0)
(0.986555 19.9129 0)
(0.990462 19.9311 0)
(0.9936 19.9456 0)
(0.996107 19.957 0)
(0.998143 19.9662 0)
(0.999782 19.9734 0)
(1.0011 19.9792 0)
(1.00216 19.9838 0)
(1.003 19.9874 0)
(1.00367 19.9903 0)
(1.00419 19.9926 0)
(1.0046 19.9944 0)
(1.00493 19.9958 0)
(1.00518 19.9969 0)
(1.00537 19.9977 0)
(1.00552 19.9984 0)
(1.00563 19.9989 0)
(1.00572 19.9993 0)
(1.00579 19.9996 0)
(1.00584 19.9999 0)
(1.00588 20 0)
(1.0059 20.0002 0)
(1.00593 20.0003 0)
(1.00594 20.0003 0)
(1.00595 20.0004 0)
(1.00596 20.0004 0)
(1.00597 20.0005 0)
(1.00597 20.0005 0)
(1.00598 20.0005 0)
(1.00598 20.0005 0)
(1.00598 20.0005 0)
(1.00598 20.0005 0)
(1.00598 20.0005 0)
(1.00599 20.0005 0)
(1.00599 20.0005 0)
(1.00599 20.0005 0)
(1.00599 20.0005 0)
(1.00599 20.0005 0)
(1.00599 20.0005 0)
(1.00599 20.0005 0)
(1.00599 20.0005 0)
(1.00599 20.0005 0)
(1.00599 20.0005 0)
(1.00599 20.0005 0)
(1.00599 20.0005 0)
(1.00599 20.0005 0)
(1.00599 20.0005 0)
(1.00599 20.0005 0)
(1.00599 20.0005 0)
(1.00599 20.0005 0)
(1.00599 20.0005 0)
(1.00599 20.0005 0)
(1.00599 20.0005 0)
(1.00599 20.0005 0)
(1.00599 20.0005 0)
(1.00599 20.0005 0)
(1.00599 20.0005 0)
(1.00599 20.0005 0)
(1.00599 20.0005 0)
(1.00599 20.0005 0)
(1.00599 20.0005 0)
(1.00599 20.0005 0)
(1.00599 20.0005 0)
(1.00599 20.0005 0)
(1.00599 20.0005 0)
(1.00599 20.0005 0)
(1.00599 20.0005 0)
(1.00599 20.0005 0)
(1.00599 20.0005 0)
(1.00599 20.0005 0)
(1.00599 20.0005 0)
(1.00599 20.0005 0)
(1.00599 20.0005 0)
(1.00599 20.0005 0)
(1.00599 20.0005 0)
(1.00599 20.0005 0)
(1.00599 20.0005 0)
(1.006 20.0005 0)
(1.006 20.0005 0)
(1.00601 20.0005 0)
(1.00602 20.0005 0)
(1.00603 20.0005 0)
(1.00606 20.0004 0)
(1.00609 20.0004 0)
(1.00616 20.0003 0)
(1.00626 20.0001 0)
(1.00643 19.9999 0)
(1.00672 19.9997 0)
(1.00728 19.9995 0)
(1.00828 19.9995 0)
(1.01015 20 0)
(1.01301 20.0015 0)
(1.01732 20.003 0)
(0.711637 19.5205 0)
(0.753059 19.6262 0)
(0.822358 19.7039 0)
(0.865339 19.7586 0)
(0.888796 19.8044 0)
(0.902162 19.8429 0)
(0.910066 19.8748 0)
(0.915687 19.9007 0)
(0.919873 19.9213 0)
(0.923232 19.9377 0)
(0.925925 19.9508 0)
(0.928116 19.9612 0)
(0.929884 19.9695 0)
(0.931311 19.9761 0)
(0.932455 19.9813 0)
(0.933369 19.9855 0)
(0.934094 19.9888 0)
(0.934667 19.9914 0)
(0.935118 19.9934 0)
(0.935471 19.9951 0)
(0.935746 19.9963 0)
(0.93596 19.9973 0)
(0.936125 19.9981 0)
(0.936252 19.9987 0)
(0.93635 19.9991 0)
(0.936425 19.9995 0)
(0.936481 19.9997 0)
(0.936525 19.9999 0)
(0.936557 20.0001 0)
(0.936582 20.0002 0)
(0.936601 20.0003 0)
(0.936614 20.0004 0)
(0.936625 20.0004 0)
(0.936633 20.0004 0)
(0.936638 20.0005 0)
(0.936643 20.0005 0)
(0.936646 20.0005 0)
(0.936648 20.0005 0)
(0.93665 20.0005 0)
(0.936651 20.0005 0)
(0.936652 20.0005 0)
(0.936653 20.0005 0)
(0.936653 20.0005 0)
(0.936654 20.0005 0)
(0.936654 20.0005 0)
(0.936654 20.0005 0)
(0.936654 20.0005 0)
(0.936654 20.0005 0)
(0.936655 20.0005 0)
(0.936655 20.0005 0)
(0.936655 20.0005 0)
(0.936655 20.0005 0)
(0.936655 20.0005 0)
(0.936655 20.0005 0)
(0.936655 20.0005 0)
(0.936654 20.0005 0)
(0.936654 20.0005 0)
(0.936654 20.0005 0)
(0.936654 20.0005 0)
(0.936654 20.0005 0)
(0.936654 20.0005 0)
(0.936654 20.0005 0)
(0.936654 20.0005 0)
(0.936654 20.0005 0)
(0.936654 20.0005 0)
(0.936654 20.0005 0)
(0.936654 20.0005 0)
(0.936655 20.0005 0)
(0.936655 20.0005 0)
(0.936655 20.0005 0)
(0.936655 20.0005 0)
(0.936655 20.0005 0)
(0.936655 20.0005 0)
(0.936655 20.0005 0)
(0.936655 20.0005 0)
(0.936655 20.0005 0)
(0.936655 20.0005 0)
(0.936655 20.0005 0)
(0.936655 20.0005 0)
(0.936655 20.0005 0)
(0.936656 20.0005 0)
(0.936657 20.0005 0)
(0.936658 20.0005 0)
(0.93666 20.0005 0)
(0.936663 20.0005 0)
(0.936668 20.0005 0)
(0.936675 20.0005 0)
(0.936687 20.0005 0)
(0.936704 20.0004 0)
(0.93673 20.0004 0)
(0.936772 20.0003 0)
(0.93684 20.0002 0)
(0.936951 20 0)
(0.937142 19.9998 0)
(0.937477 19.9995 0)
(0.938105 19.9992 0)
(0.939251 19.999 0)
(0.941435 19.9992 0)
(0.944797 20.0003 0)
(0.950055 20.0013 0)
(0.648222 19.4692 0)
(0.682688 19.5742 0)
(0.748049 19.6618 0)
(0.790341 19.7274 0)
(0.814484 19.7808 0)
(0.828241 19.8245 0)
(0.836476 19.8602 0)
(0.842294 19.889 0)
(0.84664 19.912 0)
(0.850123 19.9303 0)
(0.852924 19.9449 0)
(0.855204 19.9565 0)
(0.857048 19.9658 0)
(0.858537 19.9731 0)
(0.859734 19.979 0)
(0.860691 19.9837 0)
(0.861451 19.9873 0)
(0.862054 19.9903 0)
(0.862529 19.9926 0)
(0.862901 19.9944 0)
(0.863192 19.9958 0)
(0.863419 19.9969 0)
(0.863595 19.9977 0)
(0.86373 19.9984 0)
(0.863835 19.9989 0)
(0.863915 19.9993 0)
(0.863976 19.9996 0)
(0.864023 19.9998 0)
(0.864058 20 0)
(0.864085 20.0001 0)
(0.864106 20.0002 0)
(0.864121 20.0003 0)
(0.864132 20.0004 0)
(0.864141 20.0004 0)
(0.864147 20.0004 0)
(0.864152 20.0005 0)
(0.864156 20.0005 0)
(0.864158 20.0005 0)
(0.86416 20.0005 0)
(0.864162 20.0005 0)
(0.864163 20.0005 0)
(0.864163 20.0005 0)
(0.864164 20.0005 0)
(0.864165 20.0005 0)
(0.864165 20.0005 0)
(0.864165 20.0005 0)
(0.864165 20.0005 0)
(0.864166 20.0005 0)
(0.864166 20.0005 0)
(0.864166 20.0005 0)
(0.864166 20.0005 0)
(0.864166 20.0005 0)
(0.864166 20.0005 0)
(0.864166 20.0005 0)
(0.864166 20.0005 0)
(0.864166 20.0005 0)
(0.864166 20.0005 0)
(0.864166 20.0005 0)
(0.864165 20.0005 0)
(0.864165 20.0005 0)
(0.864165 20.0005 0)
(0.864165 20.0005 0)
(0.864165 20.0005 0)
(0.864165 20.0005 0)
(0.864165 20.0005 0)
(0.864166 20.0005 0)
(0.864166 20.0005 0)
(0.864166 20.0005 0)
(0.864166 20.0005 0)
(0.864166 20.0005 0)
(0.864166 20.0005 0)
(0.864166 20.0005 0)
(0.864166 20.0005 0)
(0.864166 20.0005 0)
(0.864166 20.0005 0)
(0.864166 20.0005 0)
(0.864166 20.0005 0)
(0.864166 20.0005 0)
(0.864166 20.0005 0)
(0.864166 20.0005 0)
(0.864167 20.0005 0)
(0.864168 20.0005 0)
(0.864169 20.0005 0)
(0.864172 20.0005 0)
(0.864175 20.0005 0)
(0.86418 20.0005 0)
(0.864188 20.0005 0)
(0.8642 20.0005 0)
(0.864218 20.0004 0)
(0.864246 20.0004 0)
(0.864291 20.0003 0)
(0.864363 20.0001 0)
(0.864482 19.9999 0)
(0.864688 19.9997 0)
(0.865054 19.9993 0)
(0.865743 19.9989 0)
(0.867006 19.9985 0)
(0.869429 19.9984 0)
(0.87317 19.9988 0)
(0.879065 19.9993 0)
(0.586604 19.4251 0)
(0.615147 19.527 0)
(0.675286 19.6223 0)
(0.715875 19.6977 0)
(0.739978 19.7583 0)
(0.753778 19.8071 0)
(0.762128 19.8465 0)
(0.767998 19.878 0)
(0.772391 19.9031 0)
(0.775907 19.9232 0)
(0.778738 19.9392 0)
(0.781044 19.952 0)
(0.782912 19.9622 0)
(0.784423 19.9703 0)
(0.785638 19.9768 0)
(0.786611 19.9819 0)
(0.787385 19.986 0)
(0.787999 19.9892 0)
(0.788484 19.9917 0)
(0.788865 19.9937 0)
(0.789163 19.9952 0)
(0.789396 19.9965 0)
(0.789576 19.9974 0)
(0.789716 19.9982 0)
(0.789824 19.9987 0)
(0.789907 19.9992 0)
(0.789971 19.9995 0)
(0.790019 19.9997 0)
(0.790056 19.9999 0)
(0.790084 20.0001 0)
(0.790106 20.0002 0)
(0.790122 20.0003 0)
(0.790134 20.0003 0)
(0.790143 20.0004 0)
(0.79015 20.0004 0)
(0.790155 20.0005 0)
(0.790159 20.0005 0)
(0.790161 20.0005 0)
(0.790164 20.0005 0)
(0.790165 20.0005 0)
(0.790166 20.0005 0)
(0.790167 20.0005 0)
(0.790168 20.0005 0)
(0.790168 20.0005 0)
(0.790169 20.0005 0)
(0.790169 20.0005 0)
(0.790169 20.0005 0)
(0.790169 20.0005 0)
(0.790169 20.0005 0)
(0.79017 20.0005 0)
(0.79017 20.0005 0)
(0.79017 20.0005 0)
(0.79017 20.0005 0)
(0.79017 20.0005 0)
(0.790169 20.0005 0)
(0.790169 20.0005 0)
(0.790169 20.0005 0)
(0.790169 20.0005 0)
(0.790169 20.0005 0)
(0.790169 20.0005 0)
(0.790169 20.0005 0)
(0.790169 20.0005 0)
(0.790169 20.0005 0)
(0.790169 20.0005 0)
(0.790169 20.0005 0)
(0.790169 20.0005 0)
(0.790169 20.0005 0)
(0.790169 20.0005 0)
(0.79017 20.0005 0)
(0.79017 20.0005 0)
(0.79017 20.0005 0)
(0.79017 20.0005 0)
(0.79017 20.0005 0)
(0.79017 20.0005 0)
(0.79017 20.0005 0)
(0.79017 20.0005 0)
(0.79017 20.0005 0)
(0.79017 20.0005 0)
(0.79017 20.0005 0)
(0.79017 20.0005 0)
(0.790171 20.0005 0)
(0.790172 20.0005 0)
(0.790173 20.0005 0)
(0.790176 20.0005 0)
(0.790179 20.0005 0)
(0.790184 20.0005 0)
(0.790192 20.0005 0)
(0.790204 20.0004 0)
(0.790223 20.0004 0)
(0.790252 20.0003 0)
(0.790298 20.0002 0)
(0.790372 20.0001 0)
(0.790497 19.9999 0)
(0.790713 19.9996 0)
(0.7911 19.9991 0)
(0.791832 19.9986 0)
(0.793176 19.998 0)
(0.79576 19.9974 0)
(0.799742 19.9971 0)
(0.805981 19.997 0)
(0.526677 19.3872 0)
(0.550243 19.4846 0)
(0.604483 19.5857 0)
(0.642585 19.6699 0)
(0.666007 19.7373 0)
(0.679517 19.7908 0)
(0.687772 19.8336 0)
(0.693553 19.8677 0)
(0.697884 19.8949 0)
(0.701346 19.9166 0)
(0.704135 19.934 0)
(0.706409 19.9478 0)
(0.708253 19.9589 0)
(0.709746 19.9677 0)
(0.710948 19.9747 0)
(0.711911 19.9802 0)
(0.712678 19.9847 0)
(0.713287 19.9881 0)
(0.713769 19.9909 0)
(0.714147 19.9931 0)
(0.714444 19.9948 0)
(0.714676 19.9961 0)
(0.714856 19.9971 0)
(0.714996 19.9979 0)
(0.715104 19.9985 0)
(0.715188 19.999 0)
(0.715252 19.9994 0)
(0.715301 19.9997 0)
(0.715338 19.9999 0)
(0.715367 20 0)
(0.715388 20.0002 0)
(0.715405 20.0003 0)
(0.715417 20.0003 0)
(0.715426 20.0004 0)
(0.715433 20.0004 0)
(0.715438 20.0004 0)
(0.715442 20.0005 0)
(0.715445 20.0005 0)
(0.715447 20.0005 0)
(0.715449 20.0005 0)
(0.71545 20.0005 0)
(0.715451 20.0005 0)
(0.715452 20.0005 0)
(0.715452 20.0005 0)
(0.715452 20.0005 0)
(0.715453 20.0005 0)
(0.715453 20.0005 0)
(0.715453 20.0005 0)
(0.715453 20.0005 0)
(0.715453 20.0005 0)
(0.715454 20.0005 0)
(0.715454 20.0005 0)
(0.715453 20.0005 0)
(0.715453 20.0005 0)
(0.715453 20.0005 0)
(0.715453 20.0005 0)
(0.715453 20.0005 0)
(0.715453 20.0005 0)
(0.715453 20.0005 0)
(0.715453 20.0005 0)
(0.715453 20.0005 0)
(0.715453 20.0005 0)
(0.715453 20.0005 0)
(0.715453 20.0005 0)
(0.715453 20.0005 0)
(0.715453 20.0005 0)
(0.715453 20.0005 0)
(0.715453 20.0005 0)
(0.715454 20.0005 0)
(0.715454 20.0005 0)
(0.715454 20.0005 0)
(0.715454 20.0005 0)
(0.715454 20.0005 0)
(0.715454 20.0005 0)
(0.715454 20.0005 0)
(0.715454 20.0005 0)
(0.715454 20.0005 0)
(0.715454 20.0005 0)
(0.715454 20.0005 0)
(0.715454 20.0005 0)
(0.715455 20.0005 0)
(0.715456 20.0005 0)
(0.715457 20.0005 0)
(0.71546 20.0005 0)
(0.715463 20.0005 0)
(0.715468 20.0005 0)
(0.715476 20.0005 0)
(0.715488 20.0004 0)
(0.715507 20.0004 0)
(0.715536 20.0003 0)
(0.715582 20.0002 0)
(0.715657 20 0)
(0.715783 19.9998 0)
(0.716005 19.9994 0)
(0.716402 19.999 0)
(0.717156 19.9983 0)
(0.71854 19.9974 0)
(0.721201 19.9963 0)
(0.725285 19.9953 0)
(0.731606 19.9946 0)
(0.468196 19.3547 0)
(0.487591 19.447 0)
(0.535649 19.5524 0)
(0.570677 19.6443 0)
(0.592867 19.7179 0)
(0.605777 19.7758 0)
(0.613735 19.8218 0)
(0.619295 19.8582 0)
(0.623463 19.8873 0)
(0.626789 19.9106 0)
(0.629471 19.9291 0)
(0.631658 19.944 0)
(0.633434 19.9558 0)
(0.634872 19.9652 0)
(0.636031 19.9727 0)
(0.63696 19.9787 0)
(0.637701 19.9835 0)
(0.63829 19.9872 0)
(0.638756 19.9902 0)
(0.639122 19.9925 0)
(0.63941 19.9943 0)
(0.639635 19.9957 0)
(0.63981 19.9968 0)
(0.639946 19.9977 0)
(0.640051 19.9984 0)
(0.640132 19.9989 0)
(0.640195 19.9993 0)
(0.640243 19.9996 0)
(0.64028 19.9998 0)
(0.640308 20 0)
(0.640329 20.0001 0)
(0.640345 20.0002 0)
(0.640357 20.0003 0)
(0.640366 20.0004 0)
(0.640373 20.0004 0)
(0.640378 20.0004 0)
(0.640382 20.0005 0)
(0.640385 20.0005 0)
(0.640387 20.0005 0)
(0.640389 20.0005 0)
(0.64039 20.0005 0)
(0.640391 20.0005 0)
(0.640392 20.0005 0)
(0.640392 20.0005 0)
(0.640393 20.0005 0)
(0.640393 20.0005 0)
(0.640393 20.0005 0)
(0.640393 20.0005 0)
(0.640393 20.0005 0)
(0.640394 20.0005 0)
(0.640394 20.0005 0)
(0.640394 20.0005 0)
(0.640394 20.0005 0)
(0.640394 20.0005 0)
(0.640394 20.0005 0)
(0.640393 20.0005 0)
(0.640393 20.0005 0)
(0.640393 20.0005 0)
(0.640393 20.0005 0)
(0.640393 20.0005 0)
(0.640393 20.0005 0)
(0.640393 20.0005 0)
(0.640393 20.0005 0)
(0.640393 20.0005 0)
(0.640393 20.0005 0)
(0.640393 20.0005 0)
(0.640393 20.0005 0)
(0.640394 20.0005 0)
(0.640394 20.0005 0)
(0.640394 20.0005 0)
(0.640394 20.0005 0)
(0.640394 20.0005 0)
(0.640394 20.0005 0)
(0.640394 20.0005 0)
(0.640394 20.0005 0)
(0.640394 20.0005 0)
(0.640394 20.0005 0)
(0.640394 20.0005 0)
(0.640394 20.0005 0)
(0.640394 20.0005 0)
(0.640395 20.0005 0)
(0.640396 20.0005 0)
(0.640397 20.0005 0)
(0.6404 20.0005 0)
(0.640403 20.0005 0)
(0.640408 20.0005 0)
(0.640416 20.0005 0)
(0.640428 20.0004 0)
(0.640446 20.0004 0)
(0.640474 20.0003 0)
(0.640519 20.0002 0)
(0.640593 20 0)
(0.640717 19.9997 0)
(0.640937 19.9993 0)
(0.641333 19.9988 0)
(0.642088 19.9979 0)
(0.643471 19.9968 0)
(0.646124 19.9952 0)
(0.650173 19.9935 0)
(0.656353 19.9921 0)
(0.410897 19.3268 0)
(0.426781 19.4142 0)
(0.468617 19.5226 0)
(0.500142 19.621 0)
(0.520638 19.7002 0)
(0.532669 19.7622 0)
(0.540145 19.811 0)
(0.54536 19.8497 0)
(0.549271 19.8805 0)
(0.552387 19.9051 0)
(0.554901 19.9247 0)
(0.556952 19.9404 0)
(0.558618 19.953 0)
(0.559968 19.963 0)
(0.561057 19.971 0)
(0.56193 19.9773 0)
(0.562628 19.9824 0)
(0.563182 19.9863 0)
(0.56362 19.9895 0)
(0.563966 19.9919 0)
(0.564237 19.9939 0)
(0.564449 19.9954 0)
(0.564615 19.9966 0)
(0.564744 19.9975 0)
(0.564843 19.9982 0)
(0.56492 19.9988 0)
(0.56498 19.9992 0)
(0.565025 19.9995 0)
(0.56506 19.9998 0)
(0.565087 19.9999 0)
(0.565107 20.0001 0)
(0.565123 20.0002 0)
(0.565134 20.0003 0)
(0.565143 20.0003 0)
(0.56515 20.0004 0)
(0.565155 20.0004 0)
(0.565159 20.0004 0)
(0.565161 20.0005 0)
(0.565163 20.0005 0)
(0.565165 20.0005 0)
(0.565166 20.0005 0)
(0.565167 20.0005 0)
(0.565168 20.0005 0)
(0.565168 20.0005 0)
(0.565169 20.0005 0)
(0.565169 20.0005 0)
(0.565169 20.0005 0)
(0.565169 20.0005 0)
(0.565169 20.0005 0)
(0.56517 20.0005 0)
(0.56517 20.0005 0)
(0.56517 20.0005 0)
(0.56517 20.0005 0)
(0.565169 20.0005 0)
(0.565169 20.0005 0)
(0.565169 20.0005 0)
(0.565169 20.0005 0)
(0.565169 20.0005 0)
(0.565169 20.0005 0)
(0.565169 20.0005 0)
(0.565169 20.0005 0)
(0.565169 20.0005 0)
(0.565169 20.0005 0)
(0.565169 20.0005 0)
(0.565169 20.0005 0)
(0.565169 20.0005 0)
(0.565169 20.0005 0)
(0.565169 20.0005 0)
(0.56517 20.0005 0)
(0.56517 20.0005 0)
(0.56517 20.0005 0)
(0.56517 20.0005 0)
(0.56517 20.0005 0)
(0.56517 20.0005 0)
(0.56517 20.0005 0)
(0.56517 20.0005 0)
(0.56517 20.0005 0)
(0.56517 20.0005 0)
(0.56517 20.0005 0)
(0.56517 20.0005 0)
(0.565171 20.0005 0)
(0.565171 20.0005 0)
(0.565173 20.0005 0)
(0.565175 20.0005 0)
(0.565178 20.0005 0)
(0.565183 20.0005 0)
(0.565191 20.0004 0)
(0.565202 20.0004 0)
(0.565219 20.0004 0)
(0.565246 20.0003 0)
(0.565288 20.0001 0)
(0.565359 19.9999 0)
(0.565478 19.9997 0)
(0.565691 19.9992 0)
(0.566075 19.9986 0)
(0.566808 19.9976 0)
(0.568147 19.9962 0)
(0.570709 19.9942 0)
(0.574596 19.9916 0)
(0.580444 19.9896 0)
(0.354542 19.3033 0)
(0.36744 19.3859 0)
(0.403157 19.4964 0)
(0.430872 19.6004 0)
(0.449294 19.6845 0)
(0.460201 19.7501 0)
(0.467027 19.8015 0)
(0.471784 19.842 0)
(0.475352 19.8743 0)
(0.478193 19.9001 0)
(0.480484 19.9208 0)
(0.482354 19.9373 0)
(0.483874 19.9505 0)
(0.485106 19.961 0)
(0.486101 19.9694 0)
(0.486899 19.9761 0)
(0.487536 19.9814 0)
(0.488043 19.9856 0)
(0.488445 19.9889 0)
(0.488761 19.9915 0)
(0.48901 19.9935 0)
(0.489204 19.9951 0)
(0.489356 19.9963 0)
(0.489474 19.9973 0)
(0.489566 19.9981 0)
(0.489637 19.9987 0)
(0.489691 19.9991 0)
(0.489734 19.9994 0)
(0.489766 19.9997 0)
(0.48979 19.9999 0)
(0.489809 20.0001 0)
(0.489823 20.0002 0)
(0.489834 20.0003 0)
(0.489842 20.0003 0)
(0.489849 20.0004 0)
(0.489853 20.0004 0)
(0.489857 20.0004 0)
(0.489859 20.0005 0)
(0.489861 20.0005 0)
(0.489863 20.0005 0)
(0.489864 20.0005 0)
(0.489865 20.0005 0)
(0.489865 20.0005 0)
(0.489866 20.0005 0)
(0.489866 20.0005 0)
(0.489866 20.0005 0)
(0.489867 20.0005 0)
(0.489867 20.0005 0)
(0.489867 20.0005 0)
(0.489867 20.0005 0)
(0.489867 20.0005 0)
(0.489867 20.0005 0)
(0.489867 20.0005 0)
(0.489867 20.0005 0)
(0.489867 20.0005 0)
(0.489867 20.0005 0)
(0.489867 20.0005 0)
(0.489867 20.0005 0)
(0.489867 20.0005 0)
(0.489867 20.0005 0)
(0.489867 20.0005 0)
(0.489867 20.0005 0)
(0.489867 20.0005 0)
(0.489867 20.0005 0)
(0.489867 20.0005 0)
(0.489867 20.0005 0)
(0.489867 20.0005 0)
(0.489867 20.0005 0)
(0.489867 20.0005 0)
(0.489867 20.0005 0)
(0.489867 20.0005 0)
(0.489867 20.0005 0)
(0.489867 20.0005 0)
(0.489867 20.0005 0)
(0.489867 20.0005 0)
(0.489867 20.0005 0)
(0.489867 20.0005 0)
(0.489867 20.0005 0)
(0.489867 20.0005 0)
(0.489867 20.0005 0)
(0.489868 20.0005 0)
(0.489869 20.0005 0)
(0.48987 20.0005 0)
(0.489872 20.0005 0)
(0.489875 20.0005 0)
(0.48988 20.0005 0)
(0.489886 20.0004 0)
(0.489897 20.0004 0)
(0.489912 20.0003 0)
(0.489937 20.0002 0)
(0.489976 20.0001 0)
(0.490042 19.9999 0)
(0.490153 19.9996 0)
(0.490352 19.9991 0)
(0.490712 19.9984 0)
(0.4914 19.9973 0)
(0.492656 19.9956 0)
(0.49505 19.9931 0)
(0.498659 19.9899 0)
(0.504017 19.9873 0)
(0.298928 19.2836 0)
(0.309253 19.362 0)
(0.339024 19.4739 0)
(0.362714 19.5824 0)
(0.378756 19.6708 0)
(0.388328 19.7396 0)
(0.394357 19.7932 0)
(0.398556 19.8354 0)
(0.401707 19.869 0)
(0.404212 19.8959 0)
(0.406234 19.9174 0)
(0.407884 19.9346 0)
(0.409225 19.9483 0)
(0.410314 19.9593 0)
(0.411192 19.968 0)
(0.411898 19.975 0)
(0.412461 19.9805 0)
(0.41291 19.9849 0)
(0.413265 19.9883 0)
(0.413545 19.991 0)
(0.413765 19.9932 0)
(0.413938 19.9948 0)
(0.414072 19.9961 0)
(0.414177 19.9972 0)
(0.414259 19.9979 0)
(0.414322 19.9986 0)
(0.41437 19.999 0)
(0.414408 19.9994 0)
(0.414436 19.9997 0)
(0.414458 19.9999 0)
(0.414475 20 0)
(0.414488 20.0002 0)
(0.414498 20.0002 0)
(0.414505 20.0003 0)
(0.414511 20.0004 0)
(0.414515 20.0004 0)
(0.414518 20.0004 0)
(0.41452 20.0005 0)
(0.414522 20.0005 0)
(0.414523 20.0005 0)
(0.414524 20.0005 0)
(0.414525 20.0005 0)
(0.414525 20.0005 0)
(0.414526 20.0005 0)
(0.414526 20.0005 0)
(0.414526 20.0005 0)
(0.414527 20.0005 0)
(0.414527 20.0005 0)
(0.414527 20.0005 0)
(0.414527 20.0005 0)
(0.414527 20.0005 0)
(0.414527 20.0005 0)
(0.414527 20.0005 0)
(0.414527 20.0005 0)
(0.414527 20.0005 0)
(0.414527 20.0005 0)
(0.414527 20.0005 0)
(0.414527 20.0005 0)
(0.414527 20.0005 0)
(0.414527 20.0005 0)
(0.414527 20.0005 0)
(0.414527 20.0005 0)
(0.414527 20.0005 0)
(0.414527 20.0005 0)
(0.414527 20.0005 0)
(0.414527 20.0005 0)
(0.414527 20.0005 0)
(0.414527 20.0005 0)
(0.414527 20.0005 0)
(0.414527 20.0005 0)
(0.414527 20.0005 0)
(0.414527 20.0005 0)
(0.414527 20.0005 0)
(0.414527 20.0005 0)
(0.414527 20.0005 0)
(0.414527 20.0005 0)
(0.414527 20.0005 0)
(0.414527 20.0005 0)
(0.414527 20.0005 0)
(0.414527 20.0005 0)
(0.414528 20.0005 0)
(0.414529 20.0005 0)
(0.41453 20.0005 0)
(0.414532 20.0005 0)
(0.414534 20.0005 0)
(0.414538 20.0005 0)
(0.414544 20.0004 0)
(0.414553 20.0004 0)
(0.414567 20.0003 0)
(0.414589 20.0002 0)
(0.414624 20.0001 0)
(0.414683 19.9999 0)
(0.414783 19.9995 0)
(0.414963 19.999 0)
(0.415288 19.9982 0)
(0.415911 19.997 0)
(0.417044 19.9951 0)
(0.419198 19.9922 0)
(0.422428 19.9883 0)
(0.427165 19.9852 0)
(0.243887 19.2676 0)
(0.251957 19.3423 0)
(0.275976 19.4551 0)
(0.295498 19.5673 0)
(0.308918 19.6592 0)
(0.316982 19.7306 0)
(0.322086 19.7861 0)
(0.325642 19.8298 0)
(0.32831 19.8645 0)
(0.33043 19.8922 0)
(0.332141 19.9145 0)
(0.333537 19.9323 0)
(0.334673 19.9465 0)
(0.335595 19.9578 0)
(0.336339 19.9669 0)
(0.336937 19.9741 0)
(0.337415 19.9798 0)
(0.337795 19.9843 0)
(0.338096 19.9879 0)
(0.338334 19.9907 0)
(0.338521 19.9929 0)
(0.338667 19.9946 0)
(0.338782 19.996 0)
(0.338871 19.997 0)
(0.33894 19.9978 0)
(0.338994 19.9985 0)
(0.339035 19.999 0)
(0.339067 19.9993 0)
(0.339092 19.9996 0)
(0.33911 19.9998 0)
(0.339125 20 0)
(0.339136 20.0001 0)
(0.339144 20.0002 0)
(0.33915 20.0003 0)
(0.339155 20.0004 0)
(0.339159 20.0004 0)
(0.339161 20.0004 0)
(0.339163 20.0005 0)
(0.339165 20.0005 0)
(0.339166 20.0005 0)
(0.339167 20.0005 0)
(0.339167 20.0005 0)
(0.339168 20.0005 0)
(0.339168 20.0005 0)
(0.339168 20.0005 0)
(0.339169 20.0005 0)
(0.339169 20.0005 0)
(0.339169 20.0005 0)
(0.339169 20.0005 0)
(0.339169 20.0005 0)
(0.339169 20.0005 0)
(0.339169 20.0005 0)
(0.339169 20.0005 0)
(0.339169 20.0005 0)
(0.339169 20.0005 0)
(0.339169 20.0005 0)
(0.339169 20.0005 0)
(0.339169 20.0005 0)
(0.339169 20.0005 0)
(0.339169 20.0005 0)
(0.339169 20.0005 0)
(0.339169 20.0005 0)
(0.339169 20.0005 0)
(0.339169 20.0005 0)
(0.339169 20.0005 0)
(0.339169 20.0005 0)
(0.339169 20.0005 0)
(0.339169 20.0005 0)
(0.339169 20.0005 0)
(0.339169 20.0005 0)
(0.339169 20.0005 0)
(0.339169 20.0005 0)
(0.339169 20.0005 0)
(0.339169 20.0005 0)
(0.339169 20.0005 0)
(0.339169 20.0005 0)
(0.339169 20.0005 0)
(0.339169 20.0005 0)
(0.339169 20.0005 0)
(0.339169 20.0005 0)
(0.33917 20.0005 0)
(0.33917 20.0005 0)
(0.339171 20.0005 0)
(0.339173 20.0005 0)
(0.339175 20.0005 0)
(0.339179 20.0005 0)
(0.339184 20.0004 0)
(0.339192 20.0004 0)
(0.339204 20.0003 0)
(0.339222 20.0002 0)
(0.339252 20.0001 0)
(0.339302 19.9998 0)
(0.339388 19.9995 0)
(0.339543 19.999 0)
(0.339824 19.9981 0)
(0.340362 19.9968 0)
(0.341339 19.9946 0)
(0.343191 19.9914 0)
(0.345954 19.9869 0)
(0.349965 19.9834 0)
(0.189279 19.255 0)
(0.195332 19.3267 0)
(0.21379 19.4401 0)
(0.229047 19.5552 0)
(0.239662 19.6498 0)
(0.246076 19.7234 0)
(0.250153 19.7805 0)
(0.252994 19.8252 0)
(0.255126 19.8609 0)
(0.256818 19.8893 0)
(0.258184 19.9121 0)
(0.259299 19.9304 0)
(0.260206 19.945 0)
(0.260943 19.9566 0)
(0.261537 19.9659 0)
(0.262016 19.9733 0)
(0.262398 19.9792 0)
(0.262702 19.9838 0)
(0.262943 19.9875 0)
(0.263133 19.9904 0)
(0.263283 19.9927 0)
(0.2634 19.9944 0)
(0.263492 19.9958 0)
(0.263563 19.9969 0)
(0.263619 19.9978 0)
(0.263662 19.9984 0)
(0.263695 19.9989 0)
(0.263721 19.9993 0)
(0.26374 19.9996 0)
(0.263755 19.9998 0)
(0.263767 20 0)
(0.263776 20.0001 0)
(0.263782 20.0002 0)
(0.263788 20.0003 0)
(0.263791 20.0004 0)
(0.263794 20.0004 0)
(0.263796 20.0004 0)
(0.263798 20.0004 0)
(0.263799 20.0005 0)
(0.2638 20.0005 0)
(0.263801 20.0005 0)
(0.263801 20.0005 0)
(0.263802 20.0005 0)
(0.263802 20.0005 0)
(0.263802 20.0005 0)
(0.263802 20.0005 0)
(0.263803 20.0005 0)
(0.263803 20.0005 0)
(0.263803 20.0005 0)
(0.263803 20.0005 0)
(0.263803 20.0005 0)
(0.263803 20.0005 0)
(0.263803 20.0005 0)
(0.263803 20.0005 0)
(0.263803 20.0005 0)
(0.263803 20.0005 0)
(0.263803 20.0005 0)
(0.263803 20.0005 0)
(0.263802 20.0005 0)
(0.263802 20.0005 0)
(0.263802 20.0005 0)
(0.263802 20.0005 0)
(0.263802 20.0005 0)
(0.263802 20.0005 0)
(0.263802 20.0005 0)
(0.263802 20.0005 0)
(0.263803 20.0005 0)
(0.263803 20.0005 0)
(0.263803 20.0005 0)
(0.263803 20.0005 0)
(0.263803 20.0005 0)
(0.263803 20.0005 0)
(0.263803 20.0005 0)
(0.263803 20.0005 0)
(0.263803 20.0005 0)
(0.263803 20.0005 0)
(0.263803 20.0005 0)
(0.263803 20.0005 0)
(0.263803 20.0005 0)
(0.263803 20.0005 0)
(0.263803 20.0005 0)
(0.263804 20.0005 0)
(0.263805 20.0005 0)
(0.263806 20.0005 0)
(0.263808 20.0005 0)
(0.263811 20.0005 0)
(0.263815 20.0004 0)
(0.263821 20.0004 0)
(0.26383 20.0003 0)
(0.263845 20.0002 0)
(0.263869 20.0001 0)
(0.26391 19.9998 0)
(0.263979 19.9995 0)
(0.264105 19.9989 0)
(0.264333 19.998 0)
(0.264769 19.9966 0)
(0.265561 19.9942 0)
(0.267058 19.9907 0)
(0.269283 19.9858 0)
(0.272484 19.9819 0)
(0.134988 19.2456 0)
(0.139195 19.3151 0)
(0.152255 19.4289 0)
(0.163187 19.546 0)
(0.170861 19.6427 0)
(0.175518 19.718 0)
(0.178487 19.7762 0)
(0.180557 19.8218 0)
(0.182109 19.8581 0)
(0.183342 19.8871 0)
(0.184337 19.9104 0)
(0.185149 19.929 0)
(0.185809 19.9439 0)
(0.186346 19.9557 0)
(0.18678 19.9652 0)
(0.187128 19.9728 0)
(0.187407 19.9787 0)
(0.187629 19.9835 0)
(0.187805 19.9872 0)
(0.187943 19.9902 0)
(0.188053 19.9925 0)
(0.188138 19.9943 0)
(0.188205 19.9957 0)
(0.188257 19.9968 0)
(0.188298 19.9977 0)
(0.188329 19.9984 0)
(0.188353 19.9989 0)
(0.188372 19.9993 0)
(0.188387 19.9996 0)
(0.188398 19.9998 0)
(0.188406 20 0)
(0.188413 20.0001 0)
(0.188417 20.0002 0)
(0.188421 20.0003 0)
(0.188424 20.0003 0)
(0.188426 20.0004 0)
(0.188427 20.0004 0)
(0.188429 20.0004 0)
(0.188429 20.0005 0)
(0.18843 20.0005 0)
(0.188431 20.0005 0)
(0.188431 20.0005 0)
(0.188431 20.0005 0)
(0.188432 20.0005 0)
(0.188432 20.0005 0)
(0.188432 20.0005 0)
(0.188432 20.0005 0)
(0.188432 20.0005 0)
(0.188432 20.0005 0)
(0.188433 20.0005 0)
(0.188433 20.0005 0)
(0.188432 20.0005 0)
(0.188432 20.0005 0)
(0.188432 20.0005 0)
(0.188432 20.0005 0)
(0.188432 20.0005 0)
(0.188432 20.0005 0)
(0.188432 20.0005 0)
(0.188432 20.0005 0)
(0.188432 20.0005 0)
(0.188432 20.0005 0)
(0.188432 20.0005 0)
(0.188432 20.0005 0)
(0.188432 20.0005 0)
(0.188432 20.0005 0)
(0.188432 20.0005 0)
(0.188432 20.0005 0)
(0.188432 20.0005 0)
(0.188432 20.0005 0)
(0.188433 20.0005 0)
(0.188433 20.0005 0)
(0.188433 20.0005 0)
(0.188433 20.0005 0)
(0.188433 20.0005 0)
(0.188433 20.0005 0)
(0.188432 20.0005 0)
(0.188432 20.0005 0)
(0.188432 20.0005 0)
(0.188432 20.0005 0)
(0.188432 20.0005 0)
(0.188432 20.0005 0)
(0.188433 20.0005 0)
(0.188433 20.0005 0)
(0.188434 20.0005 0)
(0.188436 20.0005 0)
(0.188438 20.0005 0)
(0.188441 20.0004 0)
(0.188446 20.0004 0)
(0.188453 20.0003 0)
(0.188463 20.0002 0)
(0.188481 20 0)
(0.188511 19.9998 0)
(0.188562 19.9994 0)
(0.188654 19.9988 0)
(0.188822 19.9979 0)
(0.189144 19.9964 0)
(0.189727 19.9939 0)
(0.190826 19.9901 0)
(0.192456 19.9849 0)
(0.194787 19.9807 0)
(0.0809107 19.2394 0)
(0.0833905 19.3074 0)
(0.0911748 19.4214 0)
(0.0977466 19.5398 0)
(0.102387 19.638 0)
(0.10521 19.7143 0)
(0.107015 19.7733 0)
(0.108272 19.8195 0)
(0.109216 19.8563 0)
(0.109965 19.8856 0)
(0.110569 19.9092 0)
(0.111062 19.928 0)
(0.111464 19.9431 0)
(0.11179 19.9551 0)
(0.112054 19.9647 0)
(0.112266 19.9724 0)
(0.112436 19.9784 0)
(0.112571 19.9832 0)
(0.112678 19.987 0)
(0.112762 19.99 0)
(0.112829 19.9924 0)
(0.112881 19.9942 0)
(0.112921 19.9957 0)
(0.112953 19.9968 0)
(0.112978 19.9976 0)
(0.112997 19.9983 0)
(0.113012 19.9988 0)
(0.113023 19.9992 0)
(0.113032 19.9995 0)
(0.113039 19.9998 0)
(0.113044 20 0)
(0.113048 20.0001 0)
(0.113051 20.0002 0)
(0.113053 20.0003 0)
(0.113055 20.0003 0)
(0.113056 20.0004 0)
(0.113057 20.0004 0)
(0.113058 20.0004 0)
(0.113058 20.0005 0)
(0.113059 20.0005 0)
(0.113059 20.0005 0)
(0.113059 20.0005 0)
(0.113059 20.0005 0)
(0.11306 20.0005 0)
(0.11306 20.0005 0)
(0.11306 20.0005 0)
(0.11306 20.0005 0)
(0.11306 20.0005 0)
(0.11306 20.0005 0)
(0.11306 20.0005 0)
(0.11306 20.0005 0)
(0.11306 20.0005 0)
(0.11306 20.0005 0)
(0.11306 20.0005 0)
(0.11306 20.0005 0)
(0.11306 20.0005 0)
(0.11306 20.0005 0)
(0.11306 20.0005 0)
(0.11306 20.0005 0)
(0.11306 20.0005 0)
(0.11306 20.0005 0)
(0.11306 20.0005 0)
(0.11306 20.0005 0)
(0.11306 20.0005 0)
(0.11306 20.0005 0)
(0.11306 20.0005 0)
(0.11306 20.0005 0)
(0.11306 20.0005 0)
(0.11306 20.0005 0)
(0.11306 20.0005 0)
(0.11306 20.0005 0)
(0.11306 20.0005 0)
(0.11306 20.0005 0)
(0.11306 20.0005 0)
(0.11306 20.0005 0)
(0.11306 20.0005 0)
(0.11306 20.0005 0)
(0.11306 20.0005 0)
(0.11306 20.0005 0)
(0.11306 20.0005 0)
(0.11306 20.0005 0)
(0.11306 20.0005 0)
(0.113061 20.0005 0)
(0.113061 20.0005 0)
(0.113062 20.0005 0)
(0.113063 20.0005 0)
(0.113065 20.0004 0)
(0.113068 20.0004 0)
(0.113072 20.0003 0)
(0.113079 20.0002 0)
(0.113089 20 0)
(0.113107 19.9998 0)
(0.113139 19.9994 0)
(0.113195 19.9988 0)
(0.113298 19.9978 0)
(0.113495 19.9963 0)
(0.113852 19.9937 0)
(0.114524 19.9897 0)
(0.115519 19.9842 0)
(0.116934 19.9799 0)
(0.0269585 19.2363 0)
(0.0277778 19.3036 0)
(0.0303638 19.4176 0)
(0.0325562 19.5368 0)
(0.0341084 19.6356 0)
(0.0350541 19.7125 0)
(0.0356588 19.7718 0)
(0.0360801 19.8184 0)
(0.0363963 19.8553 0)
(0.0366471 19.8849 0)
(0.0368497 19.9086 0)
(0.0370151 19.9275 0)
(0.0371499 19.9427 0)
(0.0372596 19.9548 0)
(0.0373483 19.9645 0)
(0.0374196 19.9722 0)
(0.0374767 19.9783 0)
(0.0375222 19.9831 0)
(0.0375582 19.9869 0)
(0.0375866 19.9899 0)
(0.0376089 19.9923 0)
(0.0376264 19.9942 0)
(0.0376401 19.9956 0)
(0.0376507 19.9967 0)
(0.037659 19.9976 0)
(0.0376655 19.9983 0)
(0.0376705 19.9988 0)
(0.0376743 19.9992 0)
(0.0376773 19.9995 0)
(0.0376796 19.9998 0)
(0.0376814 20 0)
(0.0376827 20.0001 0)
(0.0376837 20.0002 0)
(0.0376845 20.0003 0)
(0.037685 20.0003 0)
(0.0376854 20.0004 0)
(0.0376857 20.0004 0)
(0.0376859 20.0004 0)
(0.037686 20.0005 0)
(0.0376862 20.0005 0)
(0.0376863 20.0005 0)
(0.0376864 20.0005 0)
(0.0376865 20.0005 0)
(0.0376866 20.0005 0)
(0.0376868 20.0005 0)
(0.0376869 20.0005 0)
(0.037687 20.0005 0)
(0.037687 20.0005 0)
(0.0376871 20.0005 0)
(0.0376871 20.0005 0)
(0.037687 20.0005 0)
(0.037687 20.0005 0)
(0.037687 20.0005 0)
(0.0376869 20.0005 0)
(0.0376868 20.0005 0)
(0.0376867 20.0005 0)
(0.0376867 20.0005 0)
(0.0376866 20.0005 0)
(0.0376865 20.0005 0)
(0.0376864 20.0005 0)
(0.0376864 20.0005 0)
(0.0376864 20.0005 0)
(0.0376864 20.0005 0)
(0.0376864 20.0005 0)
(0.0376864 20.0005 0)
(0.0376865 20.0005 0)
(0.0376866 20.0005 0)
(0.0376868 20.0005 0)
(0.0376869 20.0005 0)
(0.037687 20.0005 0)
(0.0376871 20.0005 0)
(0.0376872 20.0005 0)
(0.0376872 20.0005 0)
(0.0376871 20.0005 0)
(0.037687 20.0005 0)
(0.0376869 20.0005 0)
(0.0376867 20.0005 0)
(0.0376866 20.0005 0)
(0.0376864 20.0005 0)
(0.0376864 20.0005 0)
(0.0376864 20.0005 0)
(0.0376865 20.0005 0)
(0.0376867 20.0005 0)
(0.037687 20.0005 0)
(0.0376875 20.0005 0)
(0.037688 20.0005 0)
(0.0376887 20.0004 0)
(0.0376896 20.0004 0)
(0.037691 20.0003 0)
(0.037693 20.0002 0)
(0.0376964 20 0)
(0.0377023 19.9998 0)
(0.0377126 19.9994 0)
(0.0377315 19.9988 0)
(0.0377663 19.9978 0)
(0.0378328 19.9962 0)
(0.0379532 19.9936 0)
(0.0381795 19.9896 0)
(0.0385138 19.9839 0)
(0.0389885 19.9795 0)
(-0.0269528 19.2363 0)
(-0.0277721 19.3036 0)
(-0.0303584 19.4176 0)
(-0.0325511 19.5368 0)
(-0.0341044 19.6356 0)
(-0.0350515 19.7125 0)
(-0.0356579 19.7718 0)
(-0.0360809 19.8184 0)
(-0.0363985 19.8553 0)
(-0.0366504 19.8849 0)
(-0.0368535 19.9086 0)
(-0.037019 19.9275 0)
(-0.0371536 19.9427 0)
(-0.0372628 19.9548 0)
(-0.0373508 19.9645 0)
(-0.0374215 19.9722 0)
(-0.0374781 19.9783 0)
(-0.0375231 19.9831 0)
(-0.0375588 19.9869 0)
(-0.037587 19.9899 0)
(-0.0376093 19.9923 0)
(-0.0376267 19.9942 0)
(-0.0376404 19.9956 0)
(-0.0376511 19.9967 0)
(-0.0376594 19.9976 0)
(-0.0376658 19.9983 0)
(-0.0376707 19.9988 0)
(-0.0376745 19.9992 0)
(-0.0376774 19.9995 0)
(-0.0376796 19.9998 0)
(-0.0376813 20 0)
(-0.0376826 20.0001 0)
(-0.0376835 20.0002 0)
(-0.0376843 20.0003 0)
(-0.0376849 20.0003 0)
(-0.0376854 20.0004 0)
(-0.0376858 20.0004 0)
(-0.0376861 20.0004 0)
(-0.0376863 20.0005 0)
(-0.0376864 20.0005 0)
(-0.0376865 20.0005 0)
(-0.0376866 20.0005 0)
(-0.0376866 20.0005 0)
(-0.0376865 20.0005 0)
(-0.0376865 20.0005 0)
(-0.0376864 20.0005 0)
(-0.0376863 20.0005 0)
(-0.0376863 20.0005 0)
(-0.0376863 20.0005 0)
(-0.0376863 20.0005 0)
(-0.0376863 20.0005 0)
(-0.0376864 20.0005 0)
(-0.0376864 20.0005 0)
(-0.0376865 20.0005 0)
(-0.0376866 20.0005 0)
(-0.0376867 20.0005 0)
(-0.0376867 20.0005 0)
(-0.0376868 20.0005 0)
(-0.0376869 20.0005 0)
(-0.037687 20.0005 0)
(-0.037687 20.0005 0)
(-0.037687 20.0005 0)
(-0.037687 20.0005 0)
(-0.037687 20.0005 0)
(-0.037687 20.0005 0)
(-0.0376869 20.0005 0)
(-0.0376868 20.0005 0)
(-0.0376866 20.0005 0)
(-0.0376865 20.0005 0)
(-0.0376864 20.0005 0)
(-0.0376863 20.0005 0)
(-0.0376862 20.0005 0)
(-0.0376862 20.0005 0)
(-0.0376863 20.0005 0)
(-0.0376864 20.0005 0)
(-0.0376865 20.0005 0)
(-0.0376867 20.0005 0)
(-0.0376869 20.0005 0)
(-0.0376871 20.0005 0)
(-0.0376872 20.0005 0)
(-0.0376873 20.0005 0)
(-0.0376874 20.0005 0)
(-0.0376874 20.0005 0)
(-0.0376874 20.0005 0)
(-0.0376875 20.0005 0)
(-0.0376877 20.0005 0)
(-0.0376882 20.0004 0)
(-0.0376891 20.0004 0)
(-0.0376907 20.0003 0)
(-0.0376932 20.0002 0)
(-0.0376971 20 0)
(-0.0377035 19.9998 0)
(-0.0377143 19.9994 0)
(-0.0377335 19.9988 0)
(-0.0377682 19.9978 0)
(-0.0378343 19.9962 0)
(-0.0379541 19.9936 0)
(-0.0381797 19.9896 0)
(-0.0385134 19.9839 0)
(-0.0389877 19.9795 0)
(-0.080905 19.2394 0)
(-0.0833849 19.3074 0)
(-0.0911694 19.4214 0)
(-0.0977416 19.5398 0)
(-0.102383 19.638 0)
(-0.105208 19.7143 0)
(-0.107014 19.7733 0)
(-0.108273 19.8195 0)
(-0.109218 19.8563 0)
(-0.109968 19.8856 0)
(-0.110573 19.9092 0)
(-0.111066 19.928 0)
(-0.111468 19.9431 0)
(-0.111793 19.9551 0)
(-0.112057 19.9647 0)
(-0.112268 19.9724 0)
(-0.112437 19.9784 0)
(-0.112572 19.9832 0)
(-0.112678 19.987 0)
(-0.112763 19.99 0)
(-0.112829 19.9924 0)
(-0.112881 19.9942 0)
(-0.112922 19.9957 0)
(-0.112953 19.9968 0)
(-0.112978 19.9976 0)
(-0.112997 19.9983 0)
(-0.113012 19.9988 0)
(-0.113023 19.9992 0)
(-0.113032 19.9995 0)
(-0.113039 19.9998 0)
(-0.113044 20 0)
(-0.113048 20.0001 0)
(-0.113051 20.0002 0)
(-0.113053 20.0003 0)
(-0.113055 20.0003 0)
(-0.113056 20.0004 0)
(-0.113057 20.0004 0)
(-0.113058 20.0004 0)
(-0.113058 20.0005 0)
(-0.113059 20.0005 0)
(-0.113059 20.0005 0)
(-0.113059 20.0005 0)
(-0.113059 20.0005 0)
(-0.113059 20.0005 0)
(-0.113059 20.0005 0)
(-0.113059 20.0005 0)
(-0.113059 20.0005 0)
(-0.113059 20.0005 0)
(-0.113059 20.0005 0)
(-0.113059 20.0005 0)
(-0.113059 20.0005 0)
(-0.11306 20.0005 0)
(-0.11306 20.0005 0)
(-0.11306 20.0005 0)
(-0.11306 20.0005 0)
(-0.11306 20.0005 0)
(-0.11306 20.0005 0)
(-0.11306 20.0005 0)
(-0.11306 20.0005 0)
(-0.11306 20.0005 0)
(-0.11306 20.0005 0)
(-0.11306 20.0005 0)
(-0.11306 20.0005 0)
(-0.11306 20.0005 0)
(-0.11306 20.0005 0)
(-0.11306 20.0005 0)
(-0.11306 20.0005 0)
(-0.11306 20.0005 0)
(-0.11306 20.0005 0)
(-0.11306 20.0005 0)
(-0.113059 20.0005 0)
(-0.113059 20.0005 0)
(-0.113059 20.0005 0)
(-0.113059 20.0005 0)
(-0.11306 20.0005 0)
(-0.11306 20.0005 0)
(-0.11306 20.0005 0)
(-0.11306 20.0005 0)
(-0.11306 20.0005 0)
(-0.113061 20.0005 0)
(-0.113061 20.0005 0)
(-0.113061 20.0005 0)
(-0.113061 20.0005 0)
(-0.113062 20.0005 0)
(-0.113062 20.0005 0)
(-0.113063 20.0005 0)
(-0.113065 20.0004 0)
(-0.113068 20.0004 0)
(-0.113072 20.0003 0)
(-0.113079 20.0002 0)
(-0.11309 20 0)
(-0.113109 19.9998 0)
(-0.11314 19.9994 0)
(-0.113197 19.9988 0)
(-0.1133 19.9978 0)
(-0.113497 19.9963 0)
(-0.113853 19.9937 0)
(-0.114525 19.9897 0)
(-0.115518 19.9842 0)
(-0.116933 19.9799 0)
(-0.134982 19.2456 0)
(-0.13919 19.3151 0)
(-0.152249 19.4289 0)
(-0.163182 19.546 0)
(-0.170857 19.6427 0)
(-0.175515 19.718 0)
(-0.178486 19.7762 0)
(-0.180557 19.8218 0)
(-0.182112 19.8581 0)
(-0.183345 19.8871 0)
(-0.184341 19.9104 0)
(-0.185152 19.929 0)
(-0.185813 19.9439 0)
(-0.186349 19.9557 0)
(-0.186782 19.9652 0)
(-0.18713 19.9728 0)
(-0.187408 19.9787 0)
(-0.18763 19.9835 0)
(-0.187805 19.9872 0)
(-0.187944 19.9902 0)
(-0.188053 19.9925 0)
(-0.188138 19.9943 0)
(-0.188205 19.9957 0)
(-0.188257 19.9968 0)
(-0.188298 19.9977 0)
(-0.188329 19.9984 0)
(-0.188354 19.9989 0)
(-0.188372 19.9993 0)
(-0.188387 19.9996 0)
(-0.188398 19.9998 0)
(-0.188406 20 0)
(-0.188412 20.0001 0)
(-0.188417 20.0002 0)
(-0.188421 20.0003 0)
(-0.188424 20.0003 0)
(-0.188426 20.0004 0)
(-0.188428 20.0004 0)
(-0.188429 20.0004 0)
(-0.18843 20.0005 0)
(-0.18843 20.0005 0)
(-0.188431 20.0005 0)
(-0.188431 20.0005 0)
(-0.188431 20.0005 0)
(-0.188432 20.0005 0)
(-0.188432 20.0005 0)
(-0.188432 20.0005 0)
(-0.188432 20.0005 0)
(-0.188432 20.0005 0)
(-0.188432 20.0005 0)
(-0.188432 20.0005 0)
(-0.188432 20.0005 0)
(-0.188432 20.0005 0)
(-0.188432 20.0005 0)
(-0.188432 20.0005 0)
(-0.188432 20.0005 0)
(-0.188432 20.0005 0)
(-0.188432 20.0005 0)
(-0.188432 20.0005 0)
(-0.188432 20.0005 0)
(-0.188432 20.0005 0)
(-0.188433 20.0005 0)
(-0.188433 20.0005 0)
(-0.188433 20.0005 0)
(-0.188433 20.0005 0)
(-0.188432 20.0005 0)
(-0.188432 20.0005 0)
(-0.188432 20.0005 0)
(-0.188432 20.0005 0)
(-0.188432 20.0005 0)
(-0.188432 20.0005 0)
(-0.188432 20.0005 0)
(-0.188432 20.0005 0)
(-0.188432 20.0005 0)
(-0.188432 20.0005 0)
(-0.188432 20.0005 0)
(-0.188432 20.0005 0)
(-0.188432 20.0005 0)
(-0.188433 20.0005 0)
(-0.188433 20.0005 0)
(-0.188433 20.0005 0)
(-0.188433 20.0005 0)
(-0.188434 20.0005 0)
(-0.188434 20.0005 0)
(-0.188435 20.0005 0)
(-0.188436 20.0005 0)
(-0.188438 20.0005 0)
(-0.188441 20.0004 0)
(-0.188445 20.0004 0)
(-0.188452 20.0003 0)
(-0.188464 20.0002 0)
(-0.188482 20 0)
(-0.188512 19.9998 0)
(-0.188563 19.9994 0)
(-0.188656 19.9988 0)
(-0.188824 19.9979 0)
(-0.189145 19.9964 0)
(-0.189728 19.9939 0)
(-0.190827 19.9901 0)
(-0.192456 19.9849 0)
(-0.194786 19.9807 0)
(-0.189274 19.255 0)
(-0.195326 19.3267 0)
(-0.213785 19.4401 0)
(-0.229042 19.5552 0)
(-0.239658 19.6498 0)
(-0.246073 19.7234 0)
(-0.250152 19.7805 0)
(-0.252995 19.8252 0)
(-0.255128 19.8609 0)
(-0.256822 19.8893 0)
(-0.258188 19.9121 0)
(-0.259303 19.9304 0)
(-0.260209 19.945 0)
(-0.260946 19.9566 0)
(-0.26154 19.9659 0)
(-0.262017 19.9733 0)
(-0.262399 19.9792 0)
(-0.262703 19.9838 0)
(-0.262943 19.9875 0)
(-0.263134 19.9904 0)
(-0.263283 19.9927 0)
(-0.2634 19.9944 0)
(-0.263492 19.9958 0)
(-0.263564 19.9969 0)
(-0.263619 19.9978 0)
(-0.263662 19.9984 0)
(-0.263695 19.9989 0)
(-0.263721 19.9993 0)
(-0.26374 19.9996 0)
(-0.263755 19.9998 0)
(-0.263767 20 0)
(-0.263776 20.0001 0)
(-0.263782 20.0002 0)
(-0.263787 20.0003 0)
(-0.263791 20.0004 0)
(-0.263794 20.0004 0)
(-0.263796 20.0004 0)
(-0.263798 20.0004 0)
(-0.263799 20.0005 0)
(-0.2638 20.0005 0)
(-0.263801 20.0005 0)
(-0.263801 20.0005 0)
(-0.263802 20.0005 0)
(-0.263802 20.0005 0)
(-0.263802 20.0005 0)
(-0.263802 20.0005 0)
(-0.263802 20.0005 0)
(-0.263802 20.0005 0)
(-0.263802 20.0005 0)
(-0.263802 20.0005 0)
(-0.263802 20.0005 0)
(-0.263802 20.0005 0)
(-0.263802 20.0005 0)
(-0.263802 20.0005 0)
(-0.263802 20.0005 0)
(-0.263803 20.0005 0)
(-0.263803 20.0005 0)
(-0.263803 20.0005 0)
(-0.263803 20.0005 0)
(-0.263803 20.0005 0)
(-0.263803 20.0005 0)
(-0.263803 20.0005 0)
(-0.263803 20.0005 0)
(-0.263803 20.0005 0)
(-0.263803 20.0005 0)
(-0.263803 20.0005 0)
(-0.263803 20.0005 0)
(-0.263803 20.0005 0)
(-0.263802 20.0005 0)
(-0.263802 20.0005 0)
(-0.263802 20.0005 0)
(-0.263802 20.0005 0)
(-0.263802 20.0005 0)
(-0.263802 20.0005 0)
(-0.263802 20.0005 0)
(-0.263803 20.0005 0)
(-0.263803 20.0005 0)
(-0.263803 20.0005 0)
(-0.263803 20.0005 0)
(-0.263804 20.0005 0)
(-0.263804 20.0005 0)
(-0.263805 20.0005 0)
(-0.263805 20.0005 0)
(-0.263806 20.0005 0)
(-0.263808 20.0005 0)
(-0.26381 20.0005 0)
(-0.263814 20.0004 0)
(-0.26382 20.0004 0)
(-0.26383 20.0003 0)
(-0.263845 20.0002 0)
(-0.26387 20.0001 0)
(-0.263911 19.9998 0)
(-0.263981 19.9995 0)
(-0.264107 19.9989 0)
(-0.264335 19.998 0)
(-0.264771 19.9966 0)
(-0.265562 19.9942 0)
(-0.267058 19.9907 0)
(-0.269282 19.9858 0)
(-0.272484 19.9819 0)
(-0.243882 19.2676 0)
(-0.251952 19.3423 0)
(-0.275971 19.4551 0)
(-0.295493 19.5673 0)
(-0.308915 19.6592 0)
(-0.31698 19.7306 0)
(-0.322086 19.7861 0)
(-0.325643 19.8298 0)
(-0.328313 19.8645 0)
(-0.330434 19.8922 0)
(-0.332145 19.9145 0)
(-0.333541 19.9323 0)
(-0.334676 19.9465 0)
(-0.335597 19.9578 0)
(-0.336341 19.9669 0)
(-0.336938 19.9741 0)
(-0.337416 19.9798 0)
(-0.337796 19.9843 0)
(-0.338097 19.9879 0)
(-0.338334 19.9907 0)
(-0.338521 19.9929 0)
(-0.338668 19.9946 0)
(-0.338782 19.996 0)
(-0.338871 19.997 0)
(-0.338941 19.9978 0)
(-0.338994 19.9985 0)
(-0.339036 19.999 0)
(-0.339067 19.9993 0)
(-0.339092 19.9996 0)
(-0.33911 19.9998 0)
(-0.339125 20 0)
(-0.339136 20.0001 0)
(-0.339144 20.0002 0)
(-0.33915 20.0003 0)
(-0.339155 20.0004 0)
(-0.339159 20.0004 0)
(-0.339161 20.0004 0)
(-0.339163 20.0005 0)
(-0.339165 20.0005 0)
(-0.339166 20.0005 0)
(-0.339167 20.0005 0)
(-0.339167 20.0005 0)
(-0.339168 20.0005 0)
(-0.339168 20.0005 0)
(-0.339168 20.0005 0)
(-0.339168 20.0005 0)
(-0.339168 20.0005 0)
(-0.339168 20.0005 0)
(-0.339168 20.0005 0)
(-0.339169 20.0005 0)
(-0.339169 20.0005 0)
(-0.339169 20.0005 0)
(-0.339169 20.0005 0)
(-0.339169 20.0005 0)
(-0.339169 20.0005 0)
(-0.339169 20.0005 0)
(-0.339169 20.0005 0)
(-0.339169 20.0005 0)
(-0.339169 20.0005 0)
(-0.339169 20.0005 0)
(-0.339169 20.0005 0)
(-0.339169 20.0005 0)
(-0.339169 20.0005 0)
(-0.339169 20.0005 0)
(-0.339169 20.0005 0)
(-0.339169 20.0005 0)
(-0.339169 20.0005 0)
(-0.339169 20.0005 0)
(-0.339169 20.0005 0)
(-0.339169 20.0005 0)
(-0.339169 20.0005 0)
(-0.339169 20.0005 0)
(-0.339169 20.0005 0)
(-0.339169 20.0005 0)
(-0.339169 20.0005 0)
(-0.339169 20.0005 0)
(-0.339169 20.0005 0)
(-0.33917 20.0005 0)
(-0.33917 20.0005 0)
(-0.33917 20.0005 0)
(-0.339171 20.0005 0)
(-0.339171 20.0005 0)
(-0.339172 20.0005 0)
(-0.339173 20.0005 0)
(-0.339175 20.0005 0)
(-0.339179 20.0005 0)
(-0.339184 20.0004 0)
(-0.339191 20.0004 0)
(-0.339203 20.0003 0)
(-0.339222 20.0002 0)
(-0.339253 20.0001 0)
(-0.339304 19.9998 0)
(-0.33939 19.9995 0)
(-0.339545 19.999 0)
(-0.339826 19.9981 0)
(-0.340363 19.9968 0)
(-0.34134 19.9946 0)
(-0.343191 19.9914 0)
(-0.345954 19.9869 0)
(-0.349965 19.9834 0)
(-0.298923 19.2836 0)
(-0.309248 19.362 0)
(-0.339019 19.4739 0)
(-0.36271 19.5824 0)
(-0.378753 19.6708 0)
(-0.388326 19.7396 0)
(-0.394356 19.7932 0)
(-0.398557 19.8354 0)
(-0.401709 19.869 0)
(-0.404216 19.8959 0)
(-0.406238 19.9174 0)
(-0.407887 19.9346 0)
(-0.409228 19.9483 0)
(-0.410316 19.9593 0)
(-0.411194 19.968 0)
(-0.411899 19.975 0)
(-0.412462 19.9805 0)
(-0.41291 19.9849 0)
(-0.413265 19.9883 0)
(-0.413545 19.991 0)
(-0.413765 19.9932 0)
(-0.413938 19.9948 0)
(-0.414073 19.9961 0)
(-0.414178 19.9972 0)
(-0.414259 19.9979 0)
(-0.414322 19.9986 0)
(-0.414371 19.999 0)
(-0.414408 19.9994 0)
(-0.414437 19.9997 0)
(-0.414458 19.9999 0)
(-0.414475 20 0)
(-0.414488 20.0002 0)
(-0.414498 20.0002 0)
(-0.414505 20.0003 0)
(-0.41451 20.0004 0)
(-0.414515 20.0004 0)
(-0.414518 20.0004 0)
(-0.41452 20.0005 0)
(-0.414522 20.0005 0)
(-0.414523 20.0005 0)
(-0.414524 20.0005 0)
(-0.414525 20.0005 0)
(-0.414525 20.0005 0)
(-0.414526 20.0005 0)
(-0.414526 20.0005 0)
(-0.414526 20.0005 0)
(-0.414526 20.0005 0)
(-0.414526 20.0005 0)
(-0.414526 20.0005 0)
(-0.414526 20.0005 0)
(-0.414526 20.0005 0)
(-0.414526 20.0005 0)
(-0.414527 20.0005 0)
(-0.414527 20.0005 0)
(-0.414527 20.0005 0)
(-0.414527 20.0005 0)
(-0.414527 20.0005 0)
(-0.414527 20.0005 0)
(-0.414527 20.0005 0)
(-0.414527 20.0005 0)
(-0.414527 20.0005 0)
(-0.414527 20.0005 0)
(-0.414527 20.0005 0)
(-0.414527 20.0005 0)
(-0.414527 20.0005 0)
(-0.414527 20.0005 0)
(-0.414527 20.0005 0)
(-0.414527 20.0005 0)
(-0.414527 20.0005 0)
(-0.414527 20.0005 0)
(-0.414526 20.0005 0)
(-0.414526 20.0005 0)
(-0.414526 20.0005 0)
(-0.414526 20.0005 0)
(-0.414527 20.0005 0)
(-0.414527 20.0005 0)
(-0.414527 20.0005 0)
(-0.414527 20.0005 0)
(-0.414528 20.0005 0)
(-0.414528 20.0005 0)
(-0.414529 20.0005 0)
(-0.414529 20.0005 0)
(-0.41453 20.0005 0)
(-0.414532 20.0005 0)
(-0.414534 20.0005 0)
(-0.414538 20.0005 0)
(-0.414544 20.0004 0)
(-0.414553 20.0004 0)
(-0.414567 20.0003 0)
(-0.414589 20.0002 0)
(-0.414625 20.0001 0)
(-0.414684 19.9999 0)
(-0.414785 19.9995 0)
(-0.414964 19.999 0)
(-0.41529 19.9982 0)
(-0.415912 19.997 0)
(-0.417045 19.9951 0)
(-0.419198 19.9922 0)
(-0.422428 19.9883 0)
(-0.427165 19.9852 0)
(-0.354537 19.3033 0)
(-0.367436 19.3859 0)
(-0.403153 19.4964 0)
(-0.430869 19.6004 0)
(-0.449291 19.6845 0)
(-0.460199 19.7501 0)
(-0.467026 19.8015 0)
(-0.471785 19.842 0)
(-0.475355 19.8743 0)
(-0.478196 19.9001 0)
(-0.480488 19.9208 0)
(-0.482358 19.9373 0)
(-0.483877 19.9505 0)
(-0.485109 19.961 0)
(-0.486103 19.9694 0)
(-0.4869 19.9761 0)
(-0.487537 19.9814 0)
(-0.488044 19.9856 0)
(-0.488445 19.9889 0)
(-0.488761 19.9915 0)
(-0.48901 19.9935 0)
(-0.489204 19.9951 0)
(-0.489356 19.9963 0)
(-0.489475 19.9973 0)
(-0.489566 19.9981 0)
(-0.489637 19.9987 0)
(-0.489692 19.9991 0)
(-0.489734 19.9994 0)
(-0.489766 19.9997 0)
(-0.48979 19.9999 0)
(-0.489809 20.0001 0)
(-0.489823 20.0002 0)
(-0.489834 20.0003 0)
(-0.489842 20.0003 0)
(-0.489849 20.0004 0)
(-0.489853 20.0004 0)
(-0.489857 20.0004 0)
(-0.489859 20.0005 0)
(-0.489861 20.0005 0)
(-0.489863 20.0005 0)
(-0.489864 20.0005 0)
(-0.489865 20.0005 0)
(-0.489865 20.0005 0)
(-0.489866 20.0005 0)
(-0.489866 20.0005 0)
(-0.489866 20.0005 0)
(-0.489866 20.0005 0)
(-0.489866 20.0005 0)
(-0.489866 20.0005 0)
(-0.489866 20.0005 0)
(-0.489866 20.0005 0)
(-0.489866 20.0005 0)
(-0.489867 20.0005 0)
(-0.489867 20.0005 0)
(-0.489867 20.0005 0)
(-0.489867 20.0005 0)
(-0.489867 20.0005 0)
(-0.489867 20.0005 0)
(-0.489867 20.0005 0)
(-0.489867 20.0005 0)
(-0.489867 20.0005 0)
(-0.489867 20.0005 0)
(-0.489867 20.0005 0)
(-0.489867 20.0005 0)
(-0.489867 20.0005 0)
(-0.489867 20.0005 0)
(-0.489867 20.0005 0)
(-0.489867 20.0005 0)
(-0.489867 20.0005 0)
(-0.489867 20.0005 0)
(-0.489866 20.0005 0)
(-0.489866 20.0005 0)
(-0.489866 20.0005 0)
(-0.489866 20.0005 0)
(-0.489867 20.0005 0)
(-0.489867 20.0005 0)
(-0.489867 20.0005 0)
(-0.489867 20.0005 0)
(-0.489868 20.0005 0)
(-0.489868 20.0005 0)
(-0.489869 20.0005 0)
(-0.48987 20.0005 0)
(-0.489871 20.0005 0)
(-0.489872 20.0005 0)
(-0.489875 20.0005 0)
(-0.489879 20.0005 0)
(-0.489886 20.0004 0)
(-0.489896 20.0004 0)
(-0.489912 20.0003 0)
(-0.489937 20.0002 0)
(-0.489977 20.0001 0)
(-0.490043 19.9999 0)
(-0.490155 19.9996 0)
(-0.490354 19.9991 0)
(-0.490714 19.9984 0)
(-0.491402 19.9973 0)
(-0.492657 19.9956 0)
(-0.49505 19.9931 0)
(-0.498658 19.9899 0)
(-0.504016 19.9873 0)
(-0.410893 19.3268 0)
(-0.426776 19.4142 0)
(-0.468613 19.5226 0)
(-0.500139 19.621 0)
(-0.520635 19.7002 0)
(-0.532667 19.7622 0)
(-0.540145 19.811 0)
(-0.545361 19.8497 0)
(-0.549273 19.8805 0)
(-0.55239 19.905 0)
(-0.554905 19.9247 0)
(-0.556955 19.9404 0)
(-0.558621 19.953 0)
(-0.559971 19.963 0)
(-0.561059 19.971 0)
(-0.561932 19.9773 0)
(-0.562628 19.9824 0)
(-0.563182 19.9863 0)
(-0.563621 19.9895 0)
(-0.563966 19.9919 0)
(-0.564237 19.9939 0)
(-0.56445 19.9954 0)
(-0.564615 19.9966 0)
(-0.564744 19.9975 0)
(-0.564844 19.9982 0)
(-0.564921 19.9988 0)
(-0.56498 19.9992 0)
(-0.565026 19.9995 0)
(-0.56506 19.9998 0)
(-0.565087 19.9999 0)
(-0.565107 20.0001 0)
(-0.565123 20.0002 0)
(-0.565134 20.0003 0)
(-0.565143 20.0003 0)
(-0.56515 20.0004 0)
(-0.565155 20.0004 0)
(-0.565159 20.0004 0)
(-0.565161 20.0005 0)
(-0.565164 20.0005 0)
(-0.565165 20.0005 0)
(-0.565166 20.0005 0)
(-0.565167 20.0005 0)
(-0.565168 20.0005 0)
(-0.565168 20.0005 0)
(-0.565168 20.0005 0)
(-0.565168 20.0005 0)
(-0.565169 20.0005 0)
(-0.565169 20.0005 0)
(-0.565169 20.0005 0)
(-0.565169 20.0005 0)
(-0.565169 20.0005 0)
(-0.565169 20.0005 0)
(-0.565169 20.0005 0)
(-0.565169 20.0005 0)
(-0.565169 20.0005 0)
(-0.565169 20.0005 0)
(-0.565169 20.0005 0)
(-0.565169 20.0005 0)
(-0.56517 20.0005 0)
(-0.56517 20.0005 0)
(-0.56517 20.0005 0)
(-0.56517 20.0005 0)
(-0.56517 20.0005 0)
(-0.56517 20.0005 0)
(-0.56517 20.0005 0)
(-0.565169 20.0005 0)
(-0.565169 20.0005 0)
(-0.565169 20.0005 0)
(-0.565169 20.0005 0)
(-0.565169 20.0005 0)
(-0.565169 20.0005 0)
(-0.565169 20.0005 0)
(-0.565169 20.0005 0)
(-0.565169 20.0005 0)
(-0.565169 20.0005 0)
(-0.565169 20.0005 0)
(-0.56517 20.0005 0)
(-0.56517 20.0005 0)
(-0.56517 20.0005 0)
(-0.565171 20.0005 0)
(-0.565171 20.0005 0)
(-0.565172 20.0005 0)
(-0.565174 20.0005 0)
(-0.565175 20.0005 0)
(-0.565178 20.0005 0)
(-0.565183 20.0005 0)
(-0.56519 20.0004 0)
(-0.565201 20.0004 0)
(-0.565219 20.0004 0)
(-0.565246 20.0003 0)
(-0.565289 20.0001 0)
(-0.56536 19.9999 0)
(-0.56548 19.9997 0)
(-0.565693 19.9992 0)
(-0.566077 19.9986 0)
(-0.566809 19.9976 0)
(-0.568148 19.9962 0)
(-0.57071 19.9942 0)
(-0.574595 19.9916 0)
(-0.580444 19.9896 0)
(-0.468192 19.3547 0)
(-0.487587 19.447 0)
(-0.535645 19.5524 0)
(-0.570674 19.6443 0)
(-0.592865 19.7179 0)
(-0.605776 19.7758 0)
(-0.613735 19.8218 0)
(-0.619297 19.8582 0)
(-0.623466 19.8873 0)
(-0.626792 19.9106 0)
(-0.629475 19.9291 0)
(-0.631662 19.944 0)
(-0.633437 19.9558 0)
(-0.634875 19.9652 0)
(-0.636033 19.9727 0)
(-0.636961 19.9787 0)
(-0.637702 19.9835 0)
(-0.63829 19.9872 0)
(-0.638756 19.9902 0)
(-0.639122 19.9925 0)
(-0.63941 19.9943 0)
(-0.639635 19.9957 0)
(-0.63981 19.9968 0)
(-0.639946 19.9977 0)
(-0.640051 19.9984 0)
(-0.640133 19.9989 0)
(-0.640195 19.9993 0)
(-0.640243 19.9996 0)
(-0.64028 19.9998 0)
(-0.640308 20 0)
(-0.640329 20.0001 0)
(-0.640345 20.0002 0)
(-0.640357 20.0003 0)
(-0.640366 20.0004 0)
(-0.640373 20.0004 0)
(-0.640378 20.0004 0)
(-0.640382 20.0005 0)
(-0.640385 20.0005 0)
(-0.640387 20.0005 0)
(-0.640389 20.0005 0)
(-0.64039 20.0005 0)
(-0.640391 20.0005 0)
(-0.640392 20.0005 0)
(-0.640392 20.0005 0)
(-0.640392 20.0005 0)
(-0.640393 20.0005 0)
(-0.640393 20.0005 0)
(-0.640393 20.0005 0)
(-0.640393 20.0005 0)
(-0.640393 20.0005 0)
(-0.640393 20.0005 0)
(-0.640393 20.0005 0)
(-0.640393 20.0005 0)
(-0.640393 20.0005 0)
(-0.640393 20.0005 0)
(-0.640393 20.0005 0)
(-0.640393 20.0005 0)
(-0.640394 20.0005 0)
(-0.640394 20.0005 0)
(-0.640394 20.0005 0)
(-0.640394 20.0005 0)
(-0.640394 20.0005 0)
(-0.640394 20.0005 0)
(-0.640394 20.0005 0)
(-0.640394 20.0005 0)
(-0.640394 20.0005 0)
(-0.640393 20.0005 0)
(-0.640393 20.0005 0)
(-0.640393 20.0005 0)
(-0.640393 20.0005 0)
(-0.640393 20.0005 0)
(-0.640393 20.0005 0)
(-0.640393 20.0005 0)
(-0.640393 20.0005 0)
(-0.640393 20.0005 0)
(-0.640393 20.0005 0)
(-0.640394 20.0005 0)
(-0.640394 20.0005 0)
(-0.640394 20.0005 0)
(-0.640395 20.0005 0)
(-0.640396 20.0005 0)
(-0.640396 20.0005 0)
(-0.640398 20.0005 0)
(-0.6404 20.0005 0)
(-0.640403 20.0005 0)
(-0.640408 20.0005 0)
(-0.640416 20.0005 0)
(-0.640427 20.0004 0)
(-0.640446 20.0004 0)
(-0.640474 20.0003 0)
(-0.640519 20.0002 0)
(-0.640594 20 0)
(-0.640719 19.9997 0)
(-0.640939 19.9993 0)
(-0.641335 19.9988 0)
(-0.64209 19.9979 0)
(-0.643472 19.9968 0)
(-0.646124 19.9952 0)
(-0.650172 19.9935 0)
(-0.656352 19.9921 0)
(-0.526673 19.3872 0)
(-0.550239 19.4846 0)
(-0.60448 19.5857 0)
(-0.642583 19.6699 0)
(-0.666005 19.7373 0)
(-0.679516 19.7908 0)
(-0.687772 19.8336 0)
(-0.693554 19.8677 0)
(-0.697887 19.8949 0)
(-0.701348 19.9166 0)
(-0.704139 19.934 0)
(-0.706412 19.9478 0)
(-0.708256 19.9589 0)
(-0.709749 19.9677 0)
(-0.71095 19.9747 0)
(-0.711912 19.9802 0)
(-0.712679 19.9847 0)
(-0.713288 19.9881 0)
(-0.713769 19.9909 0)
(-0.714147 19.9931 0)
(-0.714444 19.9948 0)
(-0.714676 19.9961 0)
(-0.714856 19.9971 0)
(-0.714996 19.9979 0)
(-0.715104 19.9985 0)
(-0.715188 19.999 0)
(-0.715252 19.9994 0)
(-0.715301 19.9997 0)
(-0.715338 19.9999 0)
(-0.715366 20 0)
(-0.715388 20.0002 0)
(-0.715404 20.0003 0)
(-0.715417 20.0003 0)
(-0.715426 20.0004 0)
(-0.715433 20.0004 0)
(-0.715438 20.0004 0)
(-0.715442 20.0005 0)
(-0.715445 20.0005 0)
(-0.715447 20.0005 0)
(-0.715449 20.0005 0)
(-0.71545 20.0005 0)
(-0.715451 20.0005 0)
(-0.715451 20.0005 0)
(-0.715452 20.0005 0)
(-0.715452 20.0005 0)
(-0.715452 20.0005 0)
(-0.715453 20.0005 0)
(-0.715453 20.0005 0)
(-0.715453 20.0005 0)
(-0.715453 20.0005 0)
(-0.715453 20.0005 0)
(-0.715453 20.0005 0)
(-0.715453 20.0005 0)
(-0.715453 20.0005 0)
(-0.715453 20.0005 0)
(-0.715453 20.0005 0)
(-0.715453 20.0005 0)
(-0.715453 20.0005 0)
(-0.715453 20.0005 0)
(-0.715454 20.0005 0)
(-0.715454 20.0005 0)
(-0.715454 20.0005 0)
(-0.715454 20.0005 0)
(-0.715454 20.0005 0)
(-0.715454 20.0005 0)
(-0.715453 20.0005 0)
(-0.715453 20.0005 0)
(-0.715453 20.0005 0)
(-0.715453 20.0005 0)
(-0.715453 20.0005 0)
(-0.715453 20.0005 0)
(-0.715453 20.0005 0)
(-0.715453 20.0005 0)
(-0.715453 20.0005 0)
(-0.715453 20.0005 0)
(-0.715453 20.0005 0)
(-0.715454 20.0005 0)
(-0.715454 20.0005 0)
(-0.715454 20.0005 0)
(-0.715455 20.0005 0)
(-0.715455 20.0005 0)
(-0.715456 20.0005 0)
(-0.715458 20.0005 0)
(-0.71546 20.0005 0)
(-0.715463 20.0005 0)
(-0.715468 20.0005 0)
(-0.715476 20.0005 0)
(-0.715488 20.0004 0)
(-0.715507 20.0004 0)
(-0.715536 20.0003 0)
(-0.715583 20.0002 0)
(-0.715658 20 0)
(-0.715784 19.9998 0)
(-0.716006 19.9994 0)
(-0.716403 19.999 0)
(-0.717158 19.9983 0)
(-0.718541 19.9974 0)
(-0.721201 19.9963 0)
(-0.725284 19.9953 0)
(-0.731606 19.9946 0)
(-0.5866 19.4251 0)
(-0.615144 19.527 0)
(-0.675283 19.6223 0)
(-0.715872 19.6977 0)
(-0.739976 19.7583 0)
(-0.753778 19.8071 0)
(-0.762129 19.8465 0)
(-0.767999 19.878 0)
(-0.772393 19.9031 0)
(-0.77591 19.9232 0)
(-0.778741 19.9392 0)
(-0.781047 19.952 0)
(-0.782915 19.9622 0)
(-0.784425 19.9703 0)
(-0.78564 19.9768 0)
(-0.786612 19.9819 0)
(-0.787386 19.986 0)
(-0.788 19.9892 0)
(-0.788484 19.9917 0)
(-0.788865 19.9937 0)
(-0.789163 19.9952 0)
(-0.789395 19.9965 0)
(-0.789576 19.9974 0)
(-0.789716 19.9982 0)
(-0.789824 19.9987 0)
(-0.789907 19.9992 0)
(-0.789971 19.9995 0)
(-0.790019 19.9997 0)
(-0.790056 19.9999 0)
(-0.790084 20.0001 0)
(-0.790106 20.0002 0)
(-0.790122 20.0003 0)
(-0.790134 20.0003 0)
(-0.790143 20.0004 0)
(-0.79015 20.0004 0)
(-0.790155 20.0005 0)
(-0.790159 20.0005 0)
(-0.790162 20.0005 0)
(-0.790164 20.0005 0)
(-0.790165 20.0005 0)
(-0.790166 20.0005 0)
(-0.790167 20.0005 0)
(-0.790168 20.0005 0)
(-0.790168 20.0005 0)
(-0.790168 20.0005 0)
(-0.790169 20.0005 0)
(-0.790169 20.0005 0)
(-0.790169 20.0005 0)
(-0.790169 20.0005 0)
(-0.790169 20.0005 0)
(-0.790169 20.0005 0)
(-0.790169 20.0005 0)
(-0.790169 20.0005 0)
(-0.790169 20.0005 0)
(-0.790169 20.0005 0)
(-0.790169 20.0005 0)
(-0.790169 20.0005 0)
(-0.790169 20.0005 0)
(-0.79017 20.0005 0)
(-0.79017 20.0005 0)
(-0.79017 20.0005 0)
(-0.79017 20.0005 0)
(-0.79017 20.0005 0)
(-0.79017 20.0005 0)
(-0.79017 20.0005 0)
(-0.79017 20.0005 0)
(-0.790169 20.0005 0)
(-0.790169 20.0005 0)
(-0.790169 20.0005 0)
(-0.790169 20.0005 0)
(-0.790169 20.0005 0)
(-0.790169 20.0005 0)
(-0.790169 20.0005 0)
(-0.790169 20.0005 0)
(-0.790169 20.0005 0)
(-0.790169 20.0005 0)
(-0.79017 20.0005 0)
(-0.79017 20.0005 0)
(-0.79017 20.0005 0)
(-0.790171 20.0005 0)
(-0.790172 20.0005 0)
(-0.790172 20.0005 0)
(-0.790174 20.0005 0)
(-0.790176 20.0005 0)
(-0.790179 20.0005 0)
(-0.790184 20.0005 0)
(-0.790192 20.0005 0)
(-0.790204 20.0004 0)
(-0.790223 20.0004 0)
(-0.790252 20.0003 0)
(-0.790298 20.0002 0)
(-0.790373 20.0001 0)
(-0.790498 19.9999 0)
(-0.790715 19.9996 0)
(-0.791101 19.9991 0)
(-0.791834 19.9986 0)
(-0.793177 19.998 0)
(-0.79576 19.9974 0)
(-0.799742 19.9971 0)
(-0.80598 19.997 0)
(-0.648219 19.4692 0)
(-0.682685 19.5742 0)
(-0.748046 19.6618 0)
(-0.790339 19.7274 0)
(-0.814483 19.7808 0)
(-0.828241 19.8245 0)
(-0.836477 19.8602 0)
(-0.842295 19.889 0)
(-0.846643 19.912 0)
(-0.850126 19.9303 0)
(-0.852927 19.9449 0)
(-0.855206 19.9565 0)
(-0.85705 19.9658 0)
(-0.858539 19.9731 0)
(-0.859735 19.979 0)
(-0.860691 19.9837 0)
(-0.861452 19.9873 0)
(-0.862054 19.9903 0)
(-0.862529 19.9926 0)
(-0.862901 19.9944 0)
(-0.863192 19.9958 0)
(-0.863419 19.9969 0)
(-0.863594 19.9977 0)
(-0.86373 19.9984 0)
(-0.863835 19.9989 0)
(-0.863915 19.9993 0)
(-0.863976 19.9996 0)
(-0.864023 19.9998 0)
(-0.864058 20 0)
(-0.864085 20.0001 0)
(-0.864106 20.0002 0)
(-0.864121 20.0003 0)
(-0.864132 20.0004 0)
(-0.864141 20.0004 0)
(-0.864147 20.0004 0)
(-0.864152 20.0005 0)
(-0.864156 20.0005 0)
(-0.864158 20.0005 0)
(-0.86416 20.0005 0)
(-0.864162 20.0005 0)
(-0.864163 20.0005 0)
(-0.864163 20.0005 0)
(-0.864164 20.0005 0)
(-0.864164 20.0005 0)
(-0.864165 20.0005 0)
(-0.864165 20.0005 0)
(-0.864165 20.0005 0)
(-0.864165 20.0005 0)
(-0.864165 20.0005 0)
(-0.864165 20.0005 0)
(-0.864165 20.0005 0)
(-0.864165 20.0005 0)
(-0.864165 20.0005 0)
(-0.864165 20.0005 0)
(-0.864165 20.0005 0)
(-0.864166 20.0005 0)
(-0.864166 20.0005 0)
(-0.864166 20.0005 0)
(-0.864166 20.0005 0)
(-0.864166 20.0005 0)
(-0.864166 20.0005 0)
(-0.864166 20.0005 0)
(-0.864166 20.0005 0)
(-0.864166 20.0005 0)
(-0.864166 20.0005 0)
(-0.864166 20.0005 0)
(-0.864166 20.0005 0)
(-0.864166 20.0005 0)
(-0.864165 20.0005 0)
(-0.864165 20.0005 0)
(-0.864165 20.0005 0)
(-0.864165 20.0005 0)
(-0.864165 20.0005 0)
(-0.864165 20.0005 0)
(-0.864165 20.0005 0)
(-0.864166 20.0005 0)
(-0.864166 20.0005 0)
(-0.864166 20.0005 0)
(-0.864167 20.0005 0)
(-0.864167 20.0005 0)
(-0.864168 20.0005 0)
(-0.864168 20.0005 0)
(-0.86417 20.0005 0)
(-0.864172 20.0005 0)
(-0.864175 20.0005 0)
(-0.86418 20.0005 0)
(-0.864188 20.0005 0)
(-0.864199 20.0005 0)
(-0.864218 20.0004 0)
(-0.864246 20.0004 0)
(-0.864291 20.0003 0)
(-0.864363 20.0001 0)
(-0.864483 19.9999 0)
(-0.86469 19.9997 0)
(-0.865055 19.9993 0)
(-0.865744 19.9989 0)
(-0.867007 19.9985 0)
(-0.869429 19.9984 0)
(-0.87317 19.9988 0)
(-0.879065 19.9993 0)
(-0.711634 19.5205 0)
(-0.753056 19.6262 0)
(-0.822356 19.7039 0)
(-0.865337 19.7586 0)
(-0.888795 19.8044 0)
(-0.902162 19.8429 0)
(-0.910067 19.8748 0)
(-0.915689 19.9007 0)
(-0.919876 19.9213 0)
(-0.923234 19.9377 0)
(-0.925928 19.9508 0)
(-0.928119 19.9612 0)
(-0.929887 19.9695 0)
(-0.931313 19.9761 0)
(-0.932456 19.9813 0)
(-0.933369 19.9855 0)
(-0.934094 19.9888 0)
(-0.934667 19.9914 0)
(-0.935118 19.9934 0)
(-0.935471 19.9951 0)
(-0.935746 19.9963 0)
(-0.93596 19.9973 0)
(-0.936125 19.9981 0)
(-0.936252 19.9987 0)
(-0.93635 19.9991 0)
(-0.936425 19.9995 0)
(-0.936481 19.9997 0)
(-0.936525 19.9999 0)
(-0.936557 20.0001 0)
(-0.936582 20.0002 0)
(-0.936601 20.0003 0)
(-0.936614 20.0004 0)
(-0.936625 20.0004 0)
(-0.936633 20.0004 0)
(-0.936638 20.0005 0)
(-0.936643 20.0005 0)
(-0.936646 20.0005 0)
(-0.936648 20.0005 0)
(-0.93665 20.0005 0)
(-0.936651 20.0005 0)
(-0.936652 20.0005 0)
(-0.936653 20.0005 0)
(-0.936653 20.0005 0)
(-0.936653 20.0005 0)
(-0.936654 20.0005 0)
(-0.936654 20.0005 0)
(-0.936654 20.0005 0)
(-0.936654 20.0005 0)
(-0.936654 20.0005 0)
(-0.936654 20.0005 0)
(-0.936654 20.0005 0)
(-0.936654 20.0005 0)
(-0.936654 20.0005 0)
(-0.936654 20.0005 0)
(-0.936654 20.0005 0)
(-0.936654 20.0005 0)
(-0.936655 20.0005 0)
(-0.936655 20.0005 0)
(-0.936655 20.0005 0)
(-0.936655 20.0005 0)
(-0.936655 20.0005 0)
(-0.936655 20.0005 0)
(-0.936655 20.0005 0)
(-0.936655 20.0005 0)
(-0.936655 20.0005 0)
(-0.936655 20.0005 0)
(-0.936654 20.0005 0)
(-0.936654 20.0005 0)
(-0.936654 20.0005 0)
(-0.936654 20.0005 0)
(-0.936654 20.0005 0)
(-0.936654 20.0005 0)
(-0.936654 20.0005 0)
(-0.936654 20.0005 0)
(-0.936654 20.0005 0)
(-0.936655 20.0005 0)
(-0.936655 20.0005 0)
(-0.936655 20.0005 0)
(-0.936655 20.0005 0)
(-0.936656 20.0005 0)
(-0.936656 20.0005 0)
(-0.936657 20.0005 0)
(-0.936658 20.0005 0)
(-0.93666 20.0005 0)
(-0.936663 20.0005 0)
(-0.936668 20.0005 0)
(-0.936675 20.0005 0)
(-0.936686 20.0005 0)
(-0.936704 20.0004 0)
(-0.936731 20.0004 0)
(-0.936773 20.0003 0)
(-0.936841 20.0002 0)
(-0.936952 20 0)
(-0.937143 19.9998 0)
(-0.937479 19.9995 0)
(-0.938106 19.9992 0)
(-0.939252 19.999 0)
(-0.941435 19.9992 0)
(-0.944796 20.0003 0)
(-0.950055 20.0013 0)
(-0.776503 19.5802 0)
(-0.825846 19.6825 0)
(-0.896913 19.7478 0)
(-0.939309 19.791 0)
(-0.961288 19.829 0)
(-0.973917 19.8622 0)
(-0.981277 19.8902 0)
(-0.986557 19.9129 0)
(-0.990465 19.9311 0)
(-0.993602 19.9456 0)
(-0.99611 19.957 0)
(-0.998145 19.9662 0)
(-0.999784 19.9734 0)
(-1.0011 19.9792 0)
(-1.00216 19.9838 0)
(-1.003 19.9874 0)
(-1.00367 19.9903 0)
(-1.00419 19.9926 0)
(-1.0046 19.9944 0)
(-1.00493 19.9958 0)
(-1.00518 19.9969 0)
(-1.00537 19.9977 0)
(-1.00552 19.9984 0)
(-1.00563 19.9989 0)
(-1.00572 19.9993 0)
(-1.00579 19.9996 0)
(-1.00584 19.9999 0)
(-1.00588 20 0)
(-1.0059 20.0002 0)
(-1.00593 20.0003 0)
(-1.00594 20.0003 0)
(-1.00595 20.0004 0)
(-1.00596 20.0004 0)
(-1.00597 20.0005 0)
(-1.00597 20.0005 0)
(-1.00598 20.0005 0)
(-1.00598 20.0005 0)
(-1.00598 20.0005 0)
(-1.00598 20.0005 0)
(-1.00598 20.0005 0)
(-1.00599 20.0005 0)
(-1.00599 20.0005 0)
(-1.00599 20.0005 0)
(-1.00599 20.0005 0)
(-1.00599 20.0005 0)
(-1.00599 20.0005 0)
(-1.00599 20.0005 0)
(-1.00599 20.0005 0)
(-1.00599 20.0005 0)
(-1.00599 20.0005 0)
(-1.00599 20.0005 0)
(-1.00599 20.0005 0)
(-1.00599 20.0005 0)
(-1.00599 20.0005 0)
(-1.00599 20.0005 0)
(-1.00599 20.0005 0)
(-1.00599 20.0005 0)
(-1.00599 20.0005 0)
(-1.00599 20.0005 0)
(-1.00599 20.0005 0)
(-1.00599 20.0005 0)
(-1.00599 20.0005 0)
(-1.00599 20.0005 0)
(-1.00599 20.0005 0)
(-1.00599 20.0005 0)
(-1.00599 20.0005 0)
(-1.00599 20.0005 0)
(-1.00599 20.0005 0)
(-1.00599 20.0005 0)
(-1.00599 20.0005 0)
(-1.00599 20.0005 0)
(-1.00599 20.0005 0)
(-1.00599 20.0005 0)
(-1.00599 20.0005 0)
(-1.00599 20.0005 0)
(-1.00599 20.0005 0)
(-1.00599 20.0005 0)
(-1.00599 20.0005 0)
(-1.00599 20.0005 0)
(-1.00599 20.0005 0)
(-1.00599 20.0005 0)
(-1.00599 20.0005 0)
(-1.00599 20.0005 0)
(-1.00599 20.0005 0)
(-1.006 20.0005 0)
(-1.006 20.0005 0)
(-1.00601 20.0005 0)
(-1.00602 20.0005 0)
(-1.00603 20.0005 0)
(-1.00606 20.0004 0)
(-1.0061 20.0003 0)
(-1.00616 20.0003 0)
(-1.00626 20.0001 0)
(-1.00643 19.9999 0)
(-1.00673 19.9997 0)
(-1.00728 19.9995 0)
(-1.00828 19.9995 0)
(-1.01015 20 0)
(-1.01301 20.0015 0)
(-1.01731 20.003 0)
(-0.841292 19.6497 0)
(-0.89911 19.7424 0)
(-0.968533 19.7926 0)
(-1.00881 19.8241 0)
(-1.02849 19.8544 0)
(-1.04005 19.8822 0)
(-1.04666 19.9062 0)
(-1.05146 19.9257 0)
(-1.05497 19.9413 0)
(-1.05778 19.9537 0)
(-1.06002 19.9635 0)
(-1.06184 19.9713 0)
(-1.06329 19.9775 0)
(-1.06446 19.9824 0)
(-1.06539 19.9863 0)
(-1.06613 19.9894 0)
(-1.06672 19.9919 0)
(-1.06718 19.9938 0)
(-1.06754 19.9954 0)
(-1.06782 19.9965 0)
(-1.06803 19.9975 0)
(-1.0682 19.9982 0)
(-1.06832 19.9988 0)
(-1.06842 19.9992 0)
(-1.0685 19.9995 0)
(-1.06855 19.9998 0)
(-1.06859 20 0)
(-1.06862 20.0001 0)
(-1.06865 20.0003 0)
(-1.06866 20.0003 0)
(-1.06868 20.0004 0)
(-1.06869 20.0004 0)
(-1.06869 20.0005 0)
(-1.0687 20.0005 0)
(-1.0687 20.0005 0)
(-1.0687 20.0005 0)
(-1.06871 20.0005 0)
(-1.06871 20.0006 0)
(-1.06871 20.0006 0)
(-1.06871 20.0006 0)
(-1.06871 20.0006 0)
(-1.06871 20.0006 0)
(-1.06871 20.0006 0)
(-1.06871 20.0006 0)
(-1.06871 20.0006 0)
(-1.06871 20.0006 0)
(-1.06871 20.0006 0)
(-1.06871 20.0006 0)
(-1.06871 20.0006 0)
(-1.06871 20.0006 0)
(-1.06871 20.0006 0)
(-1.06871 20.0006 0)
(-1.06871 20.0006 0)
(-1.06871 20.0006 0)
(-1.06871 20.0006 0)
(-1.06871 20.0006 0)
(-1.06871 20.0006 0)
(-1.06871 20.0006 0)
(-1.06871 20.0006 0)
(-1.06871 20.0006 0)
(-1.06871 20.0006 0)
(-1.06871 20.0006 0)
(-1.06871 20.0006 0)
(-1.06871 20.0006 0)
(-1.06871 20.0006 0)
(-1.06871 20.0006 0)
(-1.06871 20.0006 0)
(-1.06871 20.0006 0)
(-1.06871 20.0006 0)
(-1.06871 20.0006 0)
(-1.06871 20.0006 0)
(-1.06871 20.0006 0)
(-1.06871 20.0006 0)
(-1.06871 20.0006 0)
(-1.06871 20.0006 0)
(-1.06871 20.0006 0)
(-1.06871 20.0006 0)
(-1.06871 20.0006 0)
(-1.06871 20.0006 0)
(-1.06871 20.0006 0)
(-1.06871 20.0006 0)
(-1.06871 20.0006 0)
(-1.06871 20.0006 0)
(-1.06872 20.0006 0)
(-1.06872 20.0006 0)
(-1.06872 20.0005 0)
(-1.06873 20.0005 0)
(-1.06874 20.0005 0)
(-1.06875 20.0005 0)
(-1.06877 20.0005 0)
(-1.06881 20.0004 0)
(-1.06886 20.0003 0)
(-1.06895 20.0002 0)
(-1.06909 20.0001 0)
(-1.06935 19.9999 0)
(-1.06981 19.9998 0)
(-1.07064 19.9999 0)
(-1.07216 20.0006 0)
(-1.0744 20.0024 0)
(-1.07746 20.0043 0)
(-0.901551 19.73 0)
(-0.967298 19.8044 0)
(-1.03009 19.8373 0)
(-1.06652 19.8574 0)
(-1.08311 19.8804 0)
(-1.09331 19.9029 0)
(-1.09899 19.9227 0)
(-1.10315 19.9389 0)
(-1.10614 19.9519 0)
(-1.10854 19.9621 0)
(-1.11043 19.9702 0)
(-1.11196 19.9766 0)
(-1.11318 19.9817 0)
(-1.11415 19.9857 0)
(-1.11492 19.989 0)
(-1.11554 19.9915 0)
(-1.11602 19.9935 0)
(-1.11639 19.9951 0)
(-1.11668 19.9964 0)
(-1.11691 19.9973 0)
(-1.11708 19.9981 0)
(-1.11721 19.9987 0)
(-1.11731 19.9992 0)
(-1.11739 19.9995 0)
(-1.11744 19.9998 0)
(-1.11749 20 0)
(-1.11752 20.0002 0)
(-1.11754 20.0003 0)
(-1.11756 20.0004 0)
(-1.11757 20.0004 0)
(-1.11758 20.0005 0)
(-1.11758 20.0005 0)
(-1.11759 20.0006 0)
(-1.11759 20.0006 0)
(-1.11759 20.0006 0)
(-1.1176 20.0006 0)
(-1.1176 20.0006 0)
(-1.1176 20.0006 0)
(-1.1176 20.0006 0)
(-1.1176 20.0006 0)
(-1.1176 20.0006 0)
(-1.1176 20.0006 0)
(-1.1176 20.0006 0)
(-1.1176 20.0006 0)
(-1.1176 20.0006 0)
(-1.1176 20.0006 0)
(-1.1176 20.0006 0)
(-1.1176 20.0006 0)
(-1.1176 20.0006 0)
(-1.1176 20.0006 0)
(-1.1176 20.0006 0)
(-1.1176 20.0006 0)
(-1.1176 20.0006 0)
(-1.1176 20.0006 0)
(-1.1176 20.0006 0)
(-1.1176 20.0006 0)
(-1.1176 20.0006 0)
(-1.1176 20.0006 0)
(-1.1176 20.0006 0)
(-1.1176 20.0006 0)
(-1.1176 20.0006 0)
(-1.1176 20.0006 0)
(-1.1176 20.0006 0)
(-1.1176 20.0006 0)
(-1.1176 20.0006 0)
(-1.1176 20.0006 0)
(-1.1176 20.0006 0)
(-1.1176 20.0006 0)
(-1.1176 20.0006 0)
(-1.1176 20.0006 0)
(-1.1176 20.0006 0)
(-1.1176 20.0006 0)
(-1.1176 20.0006 0)
(-1.1176 20.0006 0)
(-1.1176 20.0006 0)
(-1.1176 20.0006 0)
(-1.1176 20.0006 0)
(-1.1176 20.0006 0)
(-1.1176 20.0006 0)
(-1.1176 20.0006 0)
(-1.1176 20.0006 0)
(-1.1176 20.0006 0)
(-1.1176 20.0006 0)
(-1.1176 20.0006 0)
(-1.1176 20.0006 0)
(-1.11761 20.0006 0)
(-1.11761 20.0006 0)
(-1.11762 20.0006 0)
(-1.11763 20.0006 0)
(-1.11765 20.0005 0)
(-1.11768 20.0005 0)
(-1.11772 20.0004 0)
(-1.11779 20.0003 0)
(-1.11791 20.0002 0)
(-1.11812 20.0001 0)
(-1.11849 20 0)
(-1.11914 20.0002 0)
(-1.12027 20.0011 0)
(-1.12184 20.003 0)
(-1.12341 20.0049 0)
(-0.945998 19.8216 0)
(-1.01677 19.8658 0)
(-1.06625 19.8804 0)
(-1.09704 19.8907 0)
(-1.10987 19.9069 0)
(-1.11847 19.9242 0)
(-1.12304 19.9397 0)
(-1.12644 19.9525 0)
(-1.12881 19.9627 0)
(-1.13069 19.9707 0)
(-1.13216 19.977 0)
(-1.13334 19.9821 0)
(-1.13427 19.986 0)
(-1.13501 19.9892 0)
(-1.13559 19.9917 0)
(-1.13605 19.9937 0)
(-1.13641 19.9953 0)
(-1.13669 19.9965 0)
(-1.1369 19.9975 0)
(-1.13706 19.9982 0)
(-1.13718 19.9988 0)
(-1.13727 19.9993 0)
(-1.13734 19.9996 0)
(-1.13739 19.9999 0)
(-1.13743 20.0001 0)
(-1.13745 20.0003 0)
(-1.13747 20.0004 0)
(-1.13749 20.0005 0)
(-1.1375 20.0006 0)
(-1.1375 20.0006 0)
(-1.13751 20.0007 0)
(-1.13751 20.0007 0)
(-1.13751 20.0007 0)
(-1.13751 20.0007 0)
(-1.13751 20.0007 0)
(-1.13751 20.0007 0)
(-1.13752 20.0007 0)
(-1.13752 20.0007 0)
(-1.13752 20.0008 0)
(-1.13752 20.0008 0)
(-1.13752 20.0008 0)
(-1.13752 20.0008 0)
(-1.13752 20.0008 0)
(-1.13752 20.0008 0)
(-1.13752 20.0008 0)
(-1.13752 20.0008 0)
(-1.13752 20.0008 0)
(-1.13752 20.0008 0)
(-1.13752 20.0008 0)
(-1.13752 20.0008 0)
(-1.13752 20.0008 0)
(-1.13752 20.0008 0)
(-1.13752 20.0008 0)
(-1.13752 20.0008 0)
(-1.13752 20.0008 0)
(-1.13752 20.0008 0)
(-1.13752 20.0008 0)
(-1.13752 20.0008 0)
(-1.13752 20.0008 0)
(-1.13752 20.0008 0)
(-1.13752 20.0008 0)
(-1.13752 20.0008 0)
(-1.13752 20.0008 0)
(-1.13752 20.0008 0)
(-1.13752 20.0008 0)
(-1.13752 20.0008 0)
(-1.13752 20.0008 0)
(-1.13752 20.0008 0)
(-1.13752 20.0008 0)
(-1.13752 20.0008 0)
(-1.13752 20.0008 0)
(-1.13752 20.0008 0)
(-1.13752 20.0008 0)
(-1.13752 20.0008 0)
(-1.13752 20.0008 0)
(-1.13752 20.0008 0)
(-1.13752 20.0008 0)
(-1.13752 20.0008 0)
(-1.13752 20.0008 0)
(-1.13752 20.0008 0)
(-1.13752 20.0008 0)
(-1.13752 20.0008 0)
(-1.13752 20.0008 0)
(-1.13752 20.0008 0)
(-1.13752 20.0008 0)
(-1.13752 20.0007 0)
(-1.13752 20.0007 0)
(-1.13753 20.0007 0)
(-1.13754 20.0007 0)
(-1.13755 20.0007 0)
(-1.13757 20.0007 0)
(-1.13761 20.0006 0)
(-1.13766 20.0005 0)
(-1.13775 20.0004 0)
(-1.13791 20.0004 0)
(-1.13818 20.0003 0)
(-1.13866 20.0006 0)
(-1.1394 20.0014 0)
(-1.14031 20.0032 0)
(-1.14034 20.005 0)
(-0.947611 19.9215 0)
(-1.0162 19.9223 0)
(-1.04466 19.9202 0)
(-1.06819 19.9233 0)
(-1.07685 19.9336 0)
(-1.08364 19.946 0)
(-1.08696 19.9571 0)
(-1.08948 19.9664 0)
(-1.09112 19.9737 0)
(-1.09243 19.9795 0)
(-1.09341 19.984 0)
(-1.09419 19.9876 0)
(-1.09481 19.9904 0)
(-1.09529 19.9927 0)
(-1.09566 19.9945 0)
(-1.09595 19.9959 0)
(-1.09618 19.997 0)
(-1.09634 19.9979 0)
(-1.09647 19.9986 0)
(-1.09656 19.9991 0)
(-1.09663 19.9996 0)
(-1.09668 19.9999 0)
(-1.09671 20.0001 0)
(-1.09674 20.0003 0)
(-1.09675 20.0005 0)
(-1.09676 20.0006 0)
(-1.09677 20.0007 0)
(-1.09677 20.0007 0)
(-1.09677 20.0008 0)
(-1.09677 20.0008 0)
(-1.09677 20.0009 0)
(-1.09677 20.0009 0)
(-1.09677 20.0009 0)
(-1.09677 20.0009 0)
(-1.09677 20.0009 0)
(-1.09677 20.0009 0)
(-1.09677 20.0009 0)
(-1.09677 20.0009 0)
(-1.09677 20.0009 0)
(-1.09677 20.0009 0)
(-1.09677 20.0009 0)
(-1.09677 20.0009 0)
(-1.09677 20.0009 0)
(-1.09677 20.0009 0)
(-1.09677 20.0009 0)
(-1.09677 20.0009 0)
(-1.09677 20.0009 0)
(-1.09677 20.0009 0)
(-1.09677 20.0009 0)
(-1.09677 20.0009 0)
(-1.09677 20.0009 0)
(-1.09677 20.0009 0)
(-1.09677 20.0009 0)
(-1.09677 20.0009 0)
(-1.09677 20.0009 0)
(-1.09677 20.0009 0)
(-1.09677 20.0009 0)
(-1.09677 20.0009 0)
(-1.09677 20.0009 0)
(-1.09677 20.0009 0)
(-1.09677 20.0009 0)
(-1.09677 20.0009 0)
(-1.09677 20.0009 0)
(-1.09677 20.0009 0)
(-1.09677 20.0009 0)
(-1.09677 20.0009 0)
(-1.09677 20.0009 0)
(-1.09677 20.0009 0)
(-1.09677 20.0009 0)
(-1.09677 20.0009 0)
(-1.09677 20.0009 0)
(-1.09677 20.0009 0)
(-1.09677 20.0009 0)
(-1.09677 20.0009 0)
(-1.09677 20.0009 0)
(-1.09677 20.0009 0)
(-1.09677 20.0009 0)
(-1.09677 20.0009 0)
(-1.09677 20.0009 0)
(-1.09677 20.0009 0)
(-1.09677 20.0009 0)
(-1.09677 20.0009 0)
(-1.09677 20.0009 0)
(-1.09677 20.0009 0)
(-1.09677 20.0009 0)
(-1.09677 20.0009 0)
(-1.09677 20.0009 0)
(-1.09678 20.0009 0)
(-1.09678 20.0009 0)
(-1.09679 20.0009 0)
(-1.09681 20.0009 0)
(-1.09683 20.0008 0)
(-1.09687 20.0008 0)
(-1.09693 20.0007 0)
(-1.09703 20.0006 0)
(-1.09722 20.0006 0)
(-1.09752 20.0009 0)
(-1.09792 20.0016 0)
(-1.09826 20.003 0)
(-1.09707 20.0044 0)
(-0.842962 20.0124 0)
(-0.89569 19.9676 0)
(-0.897678 19.9553 0)
(-0.912847 19.9548 0)
(-0.917338 19.9603 0)
(-0.922054 19.9677 0)
(-0.92402 19.9745 0)
(-0.925561 19.9801 0)
(-0.92643 19.9845 0)
(-0.927117 19.9879 0)
(-0.927602 19.9907 0)
(-0.927986 19.9928 0)
(-0.928275 19.9945 0)
(-0.928498 19.9959 0)
(-0.928665 19.9969 0)
(-0.928789 19.9978 0)
(-0.928879 19.9985 0)
(-0.928943 19.999 0)
(-0.928987 19.9994 0)
(-0.929015 19.9997 0)
(-0.929032 20 0)
(-0.929041 20.0002 0)
(-0.929045 20.0003 0)
(-0.929045 20.0005 0)
(-0.929043 20.0005 0)
(-0.92904 20.0006 0)
(-0.929036 20.0007 0)
(-0.929031 20.0007 0)
(-0.929027 20.0007 0)
(-0.929024 20.0007 0)
(-0.929021 20.0008 0)
(-0.929018 20.0008 0)
(-0.929015 20.0008 0)
(-0.929013 20.0008 0)
(-0.929012 20.0008 0)
(-0.92901 20.0008 0)
(-0.929009 20.0008 0)
(-0.929008 20.0008 0)
(-0.929008 20.0008 0)
(-0.929007 20.0008 0)
(-0.929007 20.0008 0)
(-0.929006 20.0008 0)
(-0.929006 20.0008 0)
(-0.929006 20.0008 0)
(-0.929006 20.0008 0)
(-0.929005 20.0008 0)
(-0.929005 20.0008 0)
(-0.929005 20.0008 0)
(-0.929005 20.0008 0)
(-0.929005 20.0008 0)
(-0.929005 20.0008 0)
(-0.929005 20.0008 0)
(-0.929005 20.0008 0)
(-0.929005 20.0008 0)
(-0.929005 20.0008 0)
(-0.929005 20.0008 0)
(-0.929005 20.0008 0)
(-0.929005 20.0008 0)
(-0.929005 20.0008 0)
(-0.929005 20.0008 0)
(-0.929005 20.0008 0)
(-0.929005 20.0008 0)
(-0.929005 20.0008 0)
(-0.929005 20.0008 0)
(-0.929005 20.0008 0)
(-0.929005 20.0008 0)
(-0.929005 20.0008 0)
(-0.929005 20.0008 0)
(-0.929005 20.0008 0)
(-0.929005 20.0008 0)
(-0.929005 20.0008 0)
(-0.929005 20.0008 0)
(-0.929005 20.0008 0)
(-0.929005 20.0008 0)
(-0.929005 20.0008 0)
(-0.929005 20.0008 0)
(-0.929005 20.0008 0)
(-0.929005 20.0008 0)
(-0.929005 20.0008 0)
(-0.929006 20.0008 0)
(-0.929006 20.0008 0)
(-0.929006 20.0008 0)
(-0.929006 20.0008 0)
(-0.929006 20.0008 0)
(-0.929006 20.0008 0)
(-0.929007 20.0008 0)
(-0.929007 20.0008 0)
(-0.929009 20.0008 0)
(-0.929011 20.0008 0)
(-0.929015 20.0008 0)
(-0.929022 20.0008 0)
(-0.929033 20.0007 0)
(-0.929053 20.0007 0)
(-0.929087 20.0007 0)
(-0.929147 20.0006 0)
(-0.929247 20.0006 0)
(-0.929411 20.0008 0)
(-0.929531 20.0013 0)
(-0.929513 20.0022 0)
(-0.9279 20.003 0)
(-0.483057 20.0441 0)
(-0.501107 19.9952 0)
(-0.484731 19.9857 0)
(-0.490836 19.9848 0)
(-0.491789 19.9864 0)
(-0.493874 19.989 0)
(-0.494453 19.9912 0)
(-0.494951 19.9931 0)
(-0.49512 19.9946 0)
(-0.495256 19.9957 0)
(-0.495323 19.9966 0)
(-0.495374 19.9973 0)
(-0.495403 19.9979 0)
(-0.495421 19.9984 0)
(-0.495428 19.9987 0)
(-0.495429 19.999 0)
(-0.495424 19.9992 0)
(-0.495415 19.9994 0)
(-0.495405 19.9995 0)
(-0.495393 19.9996 0)
(-0.495381 19.9997 0)
(-0.495369 19.9998 0)
(-0.495357 19.9998 0)
(-0.495347 19.9999 0)
(-0.495337 19.9999 0)
(-0.495329 19.9999 0)
(-0.495322 20 0)
(-0.495316 20 0)
(-0.495311 20 0)
(-0.495306 20 0)
(-0.495303 20 0)
(-0.4953 20 0)
(-0.495298 20 0)
(-0.495296 20 0)
(-0.495294 20 0)
(-0.495293 20 0)
(-0.495292 20 0)
(-0.495291 20 0)
(-0.495291 20 0)
(-0.49529 20 0)
(-0.49529 20 0)
(-0.49529 20 0)
(-0.495289 20 0)
(-0.495289 20 0)
(-0.495289 20 0)
(-0.495289 20 0)
(-0.495289 20 0)
(-0.495289 20 0)
(-0.495289 20 0)
(-0.495289 20 0)
(-0.495289 20 0)
(-0.495289 20 0)
(-0.495289 20 0)
(-0.495289 20 0)
(-0.495289 20 0)
(-0.495289 20 0)
(-0.495289 20 0)
(-0.495289 20 0)
(-0.495289 20 0)
(-0.495289 20 0)
(-0.495289 20 0)
(-0.495289 20 0)
(-0.495289 20 0)
(-0.495289 20 0)
(-0.495289 20 0)
(-0.495289 20 0)
(-0.495289 20 0)
(-0.495289 20 0)
(-0.495289 20 0)
(-0.495289 20 0)
(-0.495289 20 0)
(-0.495289 20 0)
(-0.495289 20 0)
(-0.495289 20 0)
(-0.495289 20 0)
(-0.495289 20 0)
(-0.495289 20 0)
(-0.495289 20 0)
(-0.495289 20 0)
(-0.495289 20 0)
(-0.495289 20 0)
(-0.495289 20 0)
(-0.495289 20 0)
(-0.495289 20 0)
(-0.495289 20 0)
(-0.495289 20 0)
(-0.495289 20 0)
(-0.495289 20 0)
(-0.495289 20 0)
(-0.495289 20 0)
(-0.49529 20 0)
(-0.495292 20 0)
(-0.495296 20 0)
(-0.495305 20 0)
(-0.495324 19.9999 0)
(-0.495353 19.9999 0)
(-0.495402 20 0)
(-0.495374 20.0002 0)
(-0.495265 20.0005 0)
(-0.494406 20.0007 0)
)
;

boundaryField
{
    inlet
    {
        type            zeroGradient;
    }
    outlet
    {
        type            zeroGradient;
    }
    lowerWall
    {
        type            fixedValue;
        value           uniform (0 20 0);
    }
    upperWall
    {
        type            fixedValue;
        value           uniform (0 20 0);
    }
    frontAndBack
    {
        type            empty;
    }
}


// ************************************************************************* //
