/*--------------------------------*- C++ -*----------------------------------*\
| =========                 |                                                 |
| \\      /  F ield         | OpenFOAM: The Open Source CFD Toolbox           |
|  \\    /   O peration     | Version:  v1906                                 |
|   \\  /    A nd           | Web:      www.OpenFOAM.com                      |
|    \\/     M anipulation  |                                                 |
\*---------------------------------------------------------------------------*/
FoamFile
{
    version     2.0;
    format      ascii;
    class       surfaceScalarField;
    location    "1.5";
    object      phi;
}
// * * * * * * * * * * * * * * * * * * * * * * * * * * * * * * * * * * * * * //

dimensions      [0 3 -1 0 0 0 0];
oriented        oriented;


internalField   nonuniform List<scalar> 
7860
(
0.00283437
0.00216563
0.00262126
0.000213111
0.00260891
1.23496e-05
0.00260642
2.49106e-06
0.00260914
-2.72453e-06
0.00260787
1.26537e-06
0.00260678
1.09728e-06
0.00260521
1.56977e-06
0.00260398
1.22481e-06
0.00260289
1.09187e-06
0.00260202
8.76847e-07
0.00260128
7.40799e-07
0.00260066
6.12542e-07
0.00260015
5.16082e-07
0.00259971
4.33529e-07
0.00259935
3.6708e-07
0.00259903
3.11337e-07
0.00259877
2.6562e-07
0.00259854
2.26129e-07
0.00259835
1.92488e-07
0.00259819
1.6295e-07
0.00259805
1.37706e-07
0.00259794
1.15548e-07
0.00259784
9.74195e-08
0.00259776
8.0993e-08
0.00259769
6.75225e-08
0.00259763
5.57695e-08
0.00259759
4.59508e-08
0.00259755
3.7491e-08
0.00259752
3.04673e-08
0.0025975
2.41242e-08
0.00259748
1.93781e-08
0.00259746
1.54997e-08
0.00259745
1.30905e-08
0.00259744
9.9079e-09
0.00259743
8.23472e-09
0.00259743
5.57255e-09
0.00259742
4.66521e-09
0.00259742
3.66574e-09
0.00259741
3.25365e-09
0.00259741
2.36741e-09
0.00259741
1.87783e-09
0.00259741
9.22402e-10
0.00259741
1.29633e-09
0.00259741
5.96817e-10
0.00259741
8.92932e-10
0.0025974
2.96349e-10
0.0025974
5.66353e-10
0.0025974
1.66004e-10
0.0025974
6.34918e-10
0.0025974
1.57564e-10
0.0025974
2.49148e-10
0.0025974
-1.16683e-10
0.0025974
1.85359e-10
0.0025974
-1.81438e-10
0.0025974
3.9518e-10
0.0025974
-1.55573e-10
0.0025974
2.66455e-10
0.0025974
-2.23123e-10
0.0025974
1.6385e-10
0.0025974
-1.53265e-10
0.0025974
3.01571e-10
0.0025974
-9.02056e-11
0.0025974
3.33032e-10
0.0025974
-1.49713e-10
0.0025974
1.63159e-10
0.0025974
-2.89749e-10
0.0025974
2.40426e-10
0.0025974
-6.74598e-11
0.0025974
4.08084e-10
0.0025974
1.22632e-10
0.0025974
2.01022e-10
0.0025974
-3.60472e-10
0.0025974
8.65898e-11
0.0025974
-1.72395e-10
0.0025974
2.63564e-10
0.0025974
2.5557e-10
0.0025974
3.6357e-10
0.0025974
9.62553e-11
0.0025974
4.10652e-10
0.0025974
3.58015e-10
0.0025974
1.04437e-09
0.0025974
1.22347e-09
0.0025974
2.14052e-09
0.0025974
2.36793e-09
0.00259739
3.63567e-09
0.00259739
4.90203e-09
0.00259738
7.05174e-09
0.00259737
1.01877e-08
0.00259735
1.4558e-08
0.00259734
1.96769e-08
0.00259731
2.65685e-08
0.00259727
3.37147e-08
0.00259724
3.7516e-08
0.0025972
3.36008e-08
0.00259718
2.27619e-08
0.00259708
1.01453e-07
0.00259638
6.95876e-07
0.00259378
2.6023e-06
-1.19038e-06
0.00456769
0.00259794
0.00437543
0.000405376
0.00434663
4.11461e-05
0.00434289
6.2372e-06
0.00434591
-5.74865e-06
0.00434439
2.78083e-06
0.00434278
2.71323e-06
0.00434058
3.76837e-06
0.00433879
3.01361e-06
0.00433721
2.67555e-06
0.00433592
2.16431e-06
0.00433483
1.82648e-06
0.00433393
1.51415e-06
0.00433317
1.27727e-06
0.00433253
1.07529e-06
0.00433198
9.12538e-07
0.00433152
7.7583e-07
0.00433112
6.63385e-07
0.00433078
5.6619e-07
0.00433049
4.83297e-07
0.00433024
4.10769e-07
0.00433003
3.48598e-07
0.00432985
2.93943e-07
0.0043297
2.48325e-07
0.00432958
2.07416e-07
0.00432947
1.73299e-07
0.00432938
1.43476e-07
0.00432931
1.18814e-07
0.00432925
9.71031e-08
0.0043292
7.9363e-08
0.00432916
6.37278e-08
0.00432913
5.15951e-08
0.0043291
4.12218e-08
0.00432908
3.42518e-08
0.00432907
2.63125e-08
0.00432905
2.16029e-08
0.00432904
1.56902e-08
0.00432903
1.30788e-08
0.00432903
1.01152e-08
0.00432902
8.589e-09
0.00432902
6.18274e-09
0.00432902
5.24341e-09
0.00432901
3.26317e-09
0.00432901
3.65501e-09
0.00432901
1.99702e-09
0.00432901
2.32638e-09
0.00432901
9.90607e-10
0.00432901
1.44946e-09
0.00432901
5.1383e-10
0.00432901
1.09898e-09
0.00432901
1.8879e-10
0.00432901
4.35348e-10
0.00432901
-4.37579e-10
0.00432901
2.65139e-10
0.00432901
-5.59302e-10
0.004329
5.06132e-10
0.004329
-4.17008e-10
0.004329
3.47951e-10
0.004329
-3.97713e-10
0.004329
4.45572e-10
0.004329
-1.91436e-10
0.004329
7.22435e-10
0.004329
-1.34282e-10
0.004329
7.29281e-10
0.004329
-2.45667e-10
0.004329
5.66247e-10
0.004329
-3.07843e-10
0.004329
6.3391e-10
0.004329
-1.04045e-11
0.004329
7.86295e-10
0.004329
1.52785e-10
0.004329
4.89183e-10
0.004329
-4.6901e-10
0.004329
2.72489e-10
0.004329
-1.69792e-10
0.004329
5.29782e-10
0.004329
3.53622e-10
0.004329
8.10811e-10
0.004329
4.21949e-10
0.004329
1.13331e-09
0.004329
1.12271e-09
0.004329
2.56609e-09
0.004329
3.10633e-09
0.00432899
5.11911e-09
0.00432899
6.24419e-09
0.00432899
9.3131e-09
0.00432898
1.26579e-08
0.00432897
1.81797e-08
0.00432895
2.56468e-08
0.00432893
3.63901e-08
0.0043289
4.96104e-08
0.00432886
6.67716e-08
0.00432881
8.62691e-08
0.00432874
9.99386e-08
0.00432867
1.04832e-07
0.00432858
1.11268e-07
0.00432827
4.16769e-07
0.00432694
2.02761e-06
0.00432236
7.18188e-06
7.90969e-06
0.00507208
0.00252587
0.00495552
0.000521931
0.00492286
7.3808e-05
0.00492062
8.47533e-06
0.00492247
-7.60116e-06
0.00492134
3.9132e-06
0.00491969
4.36717e-06
0.00491763
5.82834e-06
0.00491588
4.76632e-06
0.00491434
4.20689e-06
0.00491308
3.42384e-06
0.00491203
2.88527e-06
0.00491114
2.3967e-06
0.0049104
2.02168e-06
0.00490977
1.70583e-06
0.00490923
1.45e-06
0.00490877
1.23522e-06
0.00490838
1.05824e-06
0.00490804
9.05432e-07
0.00490775
7.74907e-07
0.0049075
6.60743e-07
0.00490728
5.62613e-07
0.0049071
4.76143e-07
0.00490695
4.03207e-07
0.00490682
3.38039e-07
0.00490671
2.83168e-07
0.00490661
2.35082e-07
0.00490654
1.95329e-07
0.00490647
1.60216e-07
0.00490642
1.31502e-07
0.00490638
1.06379e-07
0.00490634
8.64581e-08
0.00490632
6.9101e-08
0.00490629
5.71055e-08
0.00490628
4.43838e-08
0.00490626
3.63263e-08
0.00490625
2.72205e-08
0.00490624
2.2564e-08
0.00490623
1.73586e-08
0.00490623
1.44753e-08
0.00490622
1.04973e-08
0.00490622
9.08775e-09
0.00490622
6.14163e-09
0.00490621
6.29745e-09
0.00490621
3.7339e-09
0.00490621
3.88958e-09
0.00490621
1.87053e-09
0.00490621
2.36308e-09
0.00490621
9.52846e-10
0.00490621
1.4899e-09
0.00490621
2.4786e-10
0.00490621
6.99056e-10
0.00490621
-6.66255e-10
0.00490621
3.69235e-10
0.00490621
-8.40793e-10
0.0049062
5.47289e-10
0.00490621
-5.54631e-10
0.0049062
4.50239e-10
0.0049062
-4.47753e-10
0.0049062
7.64158e-10
0.0049062
-1.82972e-10
0.0049062
1.05096e-09
0.0049062
-2.02986e-10
0.0049062
1.04791e-09
0.0049062
-2.56539e-10
0.0049062
1.01203e-09
0.0049062
-1.73521e-10
0.0049062
9.97048e-10
0.0049062
6.70909e-11
0.0049062
1.0768e-09
0.0049062
1.53032e-10
0.0049062
7.67699e-10
0.0049062
-4.30245e-10
0.0049062
4.24687e-10
0.0049062
-1.89759e-10
0.0049062
6.8875e-10
0.0049062
3.47505e-10
0.0049062
1.21492e-09
0.0049062
8.47606e-10
0.0049062
1.90801e-09
0.0049062
1.97936e-09
0.0049062
4.09047e-09
0.0049062
5.08628e-09
0.00490619
8.13938e-09
0.00490619
1.03863e-08
0.00490618
1.52636e-08
0.00490618
2.07044e-08
0.00490617
2.95953e-08
0.00490615
4.13017e-08
0.00490613
5.83449e-08
0.0049061
7.99489e-08
0.00490606
1.07742e-07
0.004906
1.41443e-07
0.00490593
1.69859e-07
0.00490583
2.00522e-07
0.00490569
2.56422e-07
0.00490522
8.90401e-07
0.0049036
3.64698e-06
0.00489775
1.30244e-05
2.27384e-05
0.00520996
0.00231591
0.00513965
0.000592235
0.00511259
0.00010087
0.00511148
9.58998e-06
0.00511258
-8.70605e-06
0.00511177
4.72638e-06
0.00511032
5.81582e-06
0.00510859
7.55715e-06
0.00510708
6.277e-06
0.00510577
5.5202e-06
0.00510468
4.5124e-06
0.00510376
3.79967e-06
0.005103
3.161e-06
0.00510235
2.66809e-06
0.0051018
2.25475e-06
0.00510133
1.91932e-06
0.00510093
1.63809e-06
0.00510058
1.40602e-06
0.00510028
1.20576e-06
0.00510002
1.03447e-06
0.0050998
8.84591e-07
0.00509961
7.5554e-07
0.00509944
6.41401e-07
0.0050993
5.44526e-07
0.00509918
4.57912e-07
0.00509908
3.84645e-07
0.005099
3.20134e-07
0.00509892
2.66756e-07
0.00509886
2.19569e-07
0.00509882
1.80815e-07
0.00509878
1.47069e-07
0.00509874
1.19908e-07
0.00509871
9.59112e-08
0.00509869
7.90552e-08
0.00509868
6.18976e-08
0.00509866
5.08468e-08
0.00509865
3.86984e-08
0.00509864
3.20174e-08
0.00509863
2.45388e-08
0.00509863
2.03111e-08
0.00509862
1.48993e-08
0.00509862
1.2991e-08
0.00509862
9.07957e-09
0.00509861
8.91411e-09
0.00509861
5.54834e-09
0.00509861
5.51513e-09
0.00509861
2.82412e-09
0.00509861
3.25828e-09
0.00509861
1.36173e-09
0.00509861
1.82898e-09
0.00509861
3.13801e-10
0.00509861
1.05694e-09
0.00509861
-7.43661e-10
0.00509861
5.14495e-10
0.00509861
-1.04894e-09
0.00509861
6.25664e-10
0.00509861
-6.36184e-10
0.0050986
5.99851e-10
0.0050986
-4.47065e-10
0.0050986
1.07102e-09
0.0050986
-2.08585e-10
0.0050986
1.23206e-09
0.0050986
-3.53642e-10
0.0050986
1.244e-09
0.0050986
-3.00107e-10
0.0050986
1.38519e-09
0.0050986
5.36552e-12
0.0050986
1.37337e-09
0.0050986
1.04816e-10
0.0050986
1.25899e-09
0.0050986
9.28739e-11
0.0050986
1.01487e-09
0.0050986
-3.61907e-10
0.0050986
5.95174e-10
0.0050986
-2.4335e-10
0.0050986
7.68028e-10
0.0050986
2.81349e-10
0.0050986
1.52294e-09
0.0050986
1.25161e-09
0.0050986
2.67301e-09
0.0050986
2.7996e-09
0.0050986
5.45133e-09
0.0050986
6.88731e-09
0.0050986
1.09087e-08
0.00509859
1.42077e-08
0.00509859
2.07624e-08
0.00509858
2.80826e-08
0.00509857
3.9918e-08
0.00509855
5.53793e-08
0.00509854
7.79809e-08
0.00509851
1.07234e-07
0.00509847
1.45109e-07
0.00509842
1.9359e-07
0.00509835
2.40725e-07
0.00509824
3.11321e-07
0.00509805
4.40872e-07
0.00509748
1.45752e-06
0.00509583
5.29964e-06
0.00508957
1.9288e-05
3.78139e-05
0.00523333
0.00208258
0.00519424
0.000631322
0.00517361
0.000121508
0.0051733
9.89536e-06
0.00517394
-9.345e-06
0.00517343
5.23317e-06
0.00517226
6.98395e-06
0.00517091
8.9145e-06
0.0051697
7.48728e-06
0.00516864
6.57196e-06
0.00516777
5.38978e-06
0.00516703
4.53812e-06
0.00516641
3.78017e-06
0.00516588
3.19139e-06
0.00516544
2.70092e-06
0.00516505
2.30344e-06
0.00516472
1.96945e-06
0.00516444
1.69353e-06
0.00516419
1.45547e-06
0.00516397
1.25164e-06
0.00516378
1.07307e-06
0.00516362
9.19054e-07
0.00516348
7.82446e-07
0.00516336
6.65822e-07
0.00516325
5.61561e-07
0.00516316
4.72892e-07
0.00516309
3.94696e-07
0.00516303
3.29718e-07
0.00516297
2.72148e-07
0.00516293
2.24909e-07
0.00516289
1.83574e-07
0.00516286
1.50083e-07
0.00516284
1.20212e-07
0.00516282
9.89587e-08
0.0051628
7.80341e-08
0.00516279
6.42282e-08
0.00516278
4.94386e-08
0.00516277
4.07616e-08
0.00516276
3.12499e-08
0.00516276
2.58405e-08
0.00516276
1.91565e-08
0.00516275
1.67364e-08
0.00516275
1.18862e-08
0.00516275
1.1322e-08
0.00516275
7.34793e-09
0.00516274
7.10426e-09
0.00516274
3.91918e-09
0.00516274
4.17262e-09
0.00516274
1.79668e-09
0.00516274
2.19132e-09
0.00516274
4.08871e-10
0.00516274
1.41737e-09
0.00516274
-7.31439e-10
0.00516274
6.85567e-10
0.00516274
-1.11464e-09
0.00516274
7.01101e-10
0.00516274
-6.6588e-10
0.00516274
7.74703e-10
0.00516274
-4.05919e-10
0.00516274
1.33013e-09
0.00516274
-2.39822e-10
0.00516274
1.34396e-09
0.00516274
-5.40642e-10
0.00516274
1.31923e-09
0.00516274
-3.35654e-10
0.00516274
1.68074e-09
0.00516274
1.93855e-10
0.00516274
1.70246e-09
0.00516274
1.77034e-10
0.00516274
1.41483e-09
0.00516274
2.99575e-11
0.00516274
1.14462e-09
0.00516274
-3.56485e-10
0.00516274
6.83085e-10
0.00516274
-3.6415e-10
0.00516274
7.61578e-10
0.00516274
2.19535e-10
0.00516274
1.78153e-09
0.00516274
1.6244e-09
0.00516274
3.37965e-09
0.00516274
3.58448e-09
0.00516273
6.66281e-09
0.00516273
8.47384e-09
0.00516273
1.32987e-08
0.00516273
1.74974e-08
0.00516272
2.54839e-08
0.00516272
3.43863e-08
0.00516271
4.8649e-08
0.0051627
6.72361e-08
0.00516268
9.44857e-08
0.00516266
1.30342e-07
0.00516262
1.77319e-07
0.00516258
2.40448e-07
0.00516251
3.09027e-07
0.00516239
4.29082e-07
0.00516218
6.47526e-07
0.0051616
2.04117e-06
0.00516003
6.86588e-06
0.00515415
2.51715e-05
5.09448e-05
0.00522262
0.00185995
0.0052066
0.000647345
0.0051919
0.000136214
0.00519213
9.6576e-06
0.00519249
-9.70259e-06
0.00519225
5.47172e-06
0.00519138
7.85425e-06
0.0051904
9.90044e-06
0.00518949
8.39169e-06
0.00518871
7.35762e-06
0.00518805
6.05146e-06
0.00518749
5.09651e-06
0.00518702
4.25065e-06
0.00518662
3.59061e-06
0.00518627
3.04302e-06
0.00518598
2.59953e-06
0.00518572
2.22649e-06
0.0051855
1.91799e-06
0.0051853
1.65169e-06
0.00518513
1.42347e-06
0.00518498
1.22325e-06
0.00518485
1.05026e-06
0.00518473
8.96469e-07
0.00518463
7.64467e-07
0.00518455
6.46521e-07
0.00518448
5.45709e-07
0.00518442
4.5645e-07
0.00518436
3.81986e-07
0.00518432
3.1622e-07
0.00518428
2.62134e-07
0.00518425
2.14574e-07
0.00518423
1.75905e-07
0.00518421
1.41162e-07
0.00518419
1.161e-07
0.00518417
9.20926e-08
0.00518416
7.5909e-08
0.00518415
5.89137e-08
0.00518415
4.84919e-08
0.00518414
3.72569e-08
0.00518414
3.08218e-08
0.00518413
2.30205e-08
0.00518413
2.01234e-08
0.00518413
1.44421e-08
0.00518412
1.33872e-08
0.00518412
8.97308e-09
0.00518412
8.57936e-09
0.00518412
5.05231e-09
0.00518412
5.07354e-09
0.00518412
2.21738e-09
0.00518412
2.52901e-09
0.00518412
4.78685e-10
0.00518412
1.71771e-09
0.00518412
-6.8306e-10
0.00518412
8.19377e-10
0.00518412
-1.14025e-09
0.00518412
7.23286e-10
0.00518412
-7.22028e-10
0.00518412
8.89983e-10
0.00518412
-3.9905e-10
0.00518412
1.51111e-09
0.00518412
-2.76976e-10
0.00518412
1.42735e-09
0.00518412
-7.07284e-10
0.00518412
1.3189e-09
0.00518412
-3.85644e-10
0.00518412
1.89742e-09
0.00518412
3.99309e-10
0.00518412
2.04314e-09
0.00518412
3.31492e-10
0.00518412
1.58082e-09
0.00518412
-4.08375e-11
0.00518412
1.15797e-09
0.00518412
-4.29677e-10
0.00518412
7.01318e-10
0.00518412
-5.05848e-10
0.00518412
6.98837e-10
0.00518412
1.34261e-10
0.00518412
1.94623e-09
0.00518412
1.90359e-09
0.00518411
3.98176e-09
0.00518411
4.30511e-09
0.00518411
7.71744e-09
0.00518411
9.82854e-09
0.00518411
1.52754e-08
0.00518411
2.01735e-08
0.0051841
2.93066e-08
0.0051841
3.9473e-08
0.00518409
5.56328e-08
0.00518408
7.66741e-08
0.00518407
1.07604e-07
0.00518405
1.48902e-07
0.00518402
2.03795e-07
0.00518398
2.80897e-07
0.00518392
3.7147e-07
0.0051838
5.45868e-07
0.00518359
8.57618e-07
0.00518302
2.61116e-06
0.00518164
8.24443e-06
0.0051766
3.02161e-05
6.15774e-05
0.00520397
0.00165598
0.00520552
0.000645797
0.00519614
0.000145594
0.00519673
9.06796e-06
0.0051969
-9.87594e-06
0.00519689
5.48108e-06
0.00519631
8.43431e-06
0.00519567
1.05381e-05
0.00519506
9.00235e-06
0.00519453
7.88868e-06
0.00519408
6.50511e-06
0.00519369
5.48119e-06
0.00519337
4.5774e-06
0.00519309
3.86965e-06
0.00519284
3.28393e-06
0.00519263
2.80959e-06
0.00519245
2.41034e-06
0.00519229
2.07993e-06
0.00519215
1.79448e-06
0.00519202
1.5496e-06
0.00519191
1.33445e-06
0.00519181
1.14821e-06
0.00519173
9.82322e-07
0.00519165
8.39257e-07
0.00519159
7.11495e-07
0.00519153
6.01848e-07
0.00519148
5.04444e-07
0.00519144
4.22872e-07
0.00519141
3.50799e-07
0.00519138
2.91532e-07
0.00519135
2.39214e-07
0.00519133
1.96631e-07
0.00519132
1.58169e-07
0.0051913
1.30046e-07
0.00519129
1.036e-07
0.00519128
8.54625e-08
0.00519127
6.67457e-08
0.00519127
5.49521e-08
0.00519126
4.23432e-08
0.00519126
3.50212e-08
0.00519126
2.62723e-08
0.00519125
2.30182e-08
0.00519125
1.66694e-08
0.00519125
1.50668e-08
0.00519125
1.03236e-08
0.00519125
9.8243e-09
0.00519125
6.10203e-09
0.00519124
5.93237e-09
0.00519124
2.66504e-09
0.00519124
2.85983e-09
0.00519124
5.08896e-10
0.00519124
1.913e-09
0.00519124
-6.29942e-10
0.00519124
9.20537e-10
0.00519124
-1.14133e-09
0.00519124
6.85565e-10
0.00519124
-8.26746e-10
0.00519124
9.23939e-10
0.00519124
-4.34085e-10
0.00519124
1.62214e-09
0.00519124
-3.03039e-10
0.00519124
1.51567e-09
0.00519124
-8.0608e-10
0.00519124
1.30606e-09
0.00519124
-4.17221e-10
0.00519124
2.04212e-09
0.00519124
5.87398e-10
0.00519124
2.36676e-09
0.00519124
5.69893e-10
0.00519124
1.79294e-09
0.00519124
-8.28579e-11
0.00519124
1.08179e-09
0.00519124
-5.81811e-10
0.00519124
6.35385e-10
0.00519124
-6.59303e-10
0.00519124
6.08379e-10
0.00519124
4.45235e-11
0.00519124
2.01954e-09
0.00519124
2.06202e-09
0.00519124
4.44101e-09
0.00519124
4.93293e-09
0.00519124
8.60937e-09
0.00519124
1.0953e-08
0.00519124
1.68348e-08
0.00519124
2.21969e-08
0.00519123
3.21261e-08
0.00519123
4.32857e-08
0.00519122
6.08159e-08
0.00519122
8.36656e-08
0.00519121
1.17317e-07
0.00519119
1.62845e-07
0.00519117
2.24294e-07
0.00519114
3.14055e-07
0.00519108
4.26301e-07
0.00519097
6.5503e-07
0.00519077
1.05748e-06
0.00519026
3.1284e-06
0.00518912
9.37705e-06
0.00518513
3.42118e-05
6.96142e-05
0.00518538
0.0014706
0.00520057
0.000630614
0.0051959
0.000150262
0.0051967
8.2716e-06
0.00519673
-9.90888e-06
0.00519691
5.30488e-06
0.0051966
8.74275e-06
0.00519628
1.08572e-05
0.00519594
9.33875e-06
0.00519565
8.18213e-06
0.00519539
6.76303e-06
0.00519517
5.7021e-06
0.00519498
4.76809e-06
0.00519481
4.03441e-06
0.00519467
3.42818e-06
0.00519454
2.93719e-06
0.00519443
2.5236e-06
0.00519433
2.18117e-06
0.00519424
1.88508e-06
0.00519415
1.63076e-06
0.00519408
1.40701e-06
0.00519402
1.21292e-06
0.00519396
1.03971e-06
0.00519391
8.89763e-07
0.00519387
7.55884e-07
0.00519383
6.40711e-07
0.00519379
5.38061e-07
0.00519377
4.51747e-07
0.00519374
3.75316e-07
0.00519372
3.12508e-07
0.0051937
2.56959e-07
0.00519369
2.11748e-07
0.00519367
1.7077e-07
0.00519366
1.40447e-07
0.00519366
1.1221e-07
0.00519365
9.26346e-08
0.00519364
7.26628e-08
0.00519364
5.99179e-08
0.00519363
4.6234e-08
0.00519363
3.82719e-08
0.00519363
2.88587e-08
0.00519363
2.5325e-08
0.00519363
1.84793e-08
0.00519362
1.63289e-08
0.00519362
1.13448e-08
0.00519362
1.08043e-08
0.00519362
6.99825e-09
0.00519362
6.69842e-09
0.00519362
3.11877e-09
0.00519362
3.18418e-09
0.00519362
5.25066e-10
0.00519362
2.01855e-09
0.00519362
-5.84695e-10
0.00519362
9.77293e-10
0.00519362
-1.14165e-09
0.00519362
6.1406e-10
0.00519362
-9.56662e-10
0.00519362
8.86143e-10
0.00519362
-5.09974e-10
0.00519362
1.66749e-09
0.00519362
-3.16277e-10
0.00519362
1.62333e-09
0.00519362
-7.97625e-10
0.00519362
1.34372e-09
0.00519362
-4.06378e-10
0.00519362
2.13266e-09
0.00519362
7.3219e-10
0.00519362
2.6509e-09
0.00519362
8.60357e-10
0.00519362
2.04945e-09
0.00519362
-7.69883e-11
0.00519362
9.67005e-10
0.00519362
-7.91557e-10
0.00519362
4.81699e-10
0.00519362
-8.26302e-10
0.00519362
5.07935e-10
0.00519362
-3.57414e-11
0.00519362
2.02167e-09
0.00519362
2.09856e-09
0.00519362
4.72998e-09
0.00519362
5.42448e-09
0.00519362
9.31096e-09
0.00519362
1.18357e-08
0.00519361
1.7983e-08
0.00519361
2.36144e-08
0.00519361
3.396e-08
0.00519361
4.57296e-08
0.00519361
6.42263e-08
0.0051936
8.82615e-08
0.00519359
1.23698e-07
0.00519359
1.72211e-07
0.00519357
2.387e-07
0.00519355
3.39255e-07
0.0051935
4.71371e-07
0.0051934
7.50323e-07
0.00519323
1.23402e-06
0.00519279
3.56168e-06
0.00519194
1.0231e-05
0.00518908
3.70714e-05
7.50824e-05
0.00516894
0.00130166
0.0051949
0.000604656
0.00519437
0.000150791
0.00519527
7.37763e-06
0.00519517
-9.8142e-06
0.00519549
4.98803e-06
0.00519543
8.80329e-06
0.0051954
1.08888e-05
0.00519531
9.42307e-06
0.00519524
8.25671e-06
0.00519516
6.83934e-06
0.00519509
5.77051e-06
0.00519503
4.83149e-06
0.00519497
4.09184e-06
0.00519492
3.48121e-06
0.00519487
2.98662e-06
0.00519482
2.56963e-06
0.00519478
2.22427e-06
0.00519474
1.92538e-06
0.0051947
1.66831e-06
0.00519467
1.44186e-06
0.00519464
1.24502e-06
0.00519461
1.06897e-06
0.00519458
9.16138e-07
0.00519456
7.79637e-07
0.00519454
6.62106e-07
0.00519452
5.57047e-07
0.0051945
4.68299e-07
0.00519449
3.89523e-07
0.00519448
3.24789e-07
0.00519446
2.6751e-07
0.00519446
2.20969e-07
0.00519445
1.7867e-07
0.00519444
1.47082e-07
0.00519444
1.17681e-07
0.00519443
9.72274e-08
0.00519443
7.6488e-08
0.00519442
6.32039e-08
0.00519442
4.88646e-08
0.00519442
4.05276e-08
0.00519442
3.06418e-08
0.00519442
2.69281e-08
0.00519442
1.98006e-08
0.00519441
1.72114e-08
0.00519441
1.20455e-08
0.00519441
1.14991e-08
0.00519441
7.66831e-09
0.00519441
7.30659e-09
0.00519441
3.54311e-09
0.00519441
3.50792e-09
0.00519441
5.49885e-10
0.00519441
2.05713e-09
0.00519441
-5.62144e-10
0.00519441
1.00992e-09
0.00519441
-1.13589e-09
0.00519441
5.54488e-10
0.00519441
-1.08584e-09
0.00519441
7.98738e-10
0.00519441
-6.12915e-10
0.00519441
1.67387e-09
0.00519441
-3.17687e-10
0.00519441
1.74798e-09
0.00519441
-6.91465e-10
0.00519441
1.46616e-09
0.00519441
-3.28184e-10
0.00519441
2.20971e-09
0.00519441
8.30165e-10
0.00519441
2.87312e-09
0.00519441
1.14526e-09
0.00519441
2.31712e-09
0.00519441
-2.62729e-11
0.00519441
8.54776e-10
0.00519441
-1.03502e-09
0.00519441
2.51311e-10
0.00519441
-1.01597e-09
0.00519441
4.08922e-10
0.00519441
-1.03575e-10
0.00519441
1.97982e-09
0.00519441
2.02892e-09
0.00519441
4.84429e-09
0.00519441
5.74531e-09
0.00519441
9.79137e-09
0.00519441
1.24492e-08
0.00519441
1.87219e-08
0.00519441
2.43641e-08
0.00519441
3.49008e-08
0.00519441
4.69278e-08
0.0051944
6.59053e-08
0.0051944
9.05306e-08
0.0051944
1.26842e-07
0.00519439
1.77071e-07
0.00519439
2.46952e-07
0.00519437
3.55884e-07
0.00519434
5.04691e-07
0.00519426
8.26251e-07
0.00519412
1.37632e-06
0.00519379
3.88897e-06
0.00519323
1.07876e-05
0.00519153
3.87722e-05
7.8077e-05
0.00515491
0.00114674
0.0051895
0.000570071
0.00519261
0.000147685
0.00519352
6.462e-06
0.0051933
-9.58899e-06
0.00519371
4.57253e-06
0.00519387
8.64161e-06
0.0051941
1.0663e-05
0.00519424
9.27806e-06
0.00519437
8.13164e-06
0.00519446
6.74878e-06
0.00519453
5.69822e-06
0.00519459
4.77689e-06
0.00519463
4.04942e-06
0.00519466
3.44905e-06
0.00519469
2.96269e-06
0.0051947
2.55222e-06
0.00519472
2.21223e-06
0.00519472
1.9177e-06
0.00519473
1.66406e-06
0.00519473
1.44034e-06
0.00519473
1.24559e-06
0.00519473
1.07088e-06
0.00519473
9.18964e-07
0.00519472
7.83102e-07
0.00519472
6.6618e-07
0.00519471
5.61421e-07
0.00519471
4.72555e-07
0.00519471
3.93433e-07
0.0051947
3.28383e-07
0.0051947
2.70798e-07
0.00519469
2.24204e-07
0.00519469
1.81718e-07
0.00519469
1.4981e-07
0.00519469
1.1989e-07
0.00519469
9.91471e-08
0.00519468
7.81532e-08
0.00519468
6.47241e-08
0.00519468
5.01387e-08
0.00519468
4.1698e-08
0.00519468
3.15578e-08
0.00519468
2.77987e-08
0.00519468
2.05855e-08
0.00519468
1.77607e-08
0.00519468
1.2447e-08
0.00519468
1.19242e-08
0.00519467
8.04651e-09
0.00519467
7.70356e-09
0.00519467
3.87796e-09
0.00519467
3.82067e-09
0.00519467
5.98577e-10
0.00519467
2.06088e-09
0.00519467
-5.67993e-10
0.00519467
1.02973e-09
0.00519467
-1.12539e-09
0.00519467
5.28611e-10
0.00519467
-1.1877e-09
0.00519467
6.93964e-10
0.00519467
-7.2096e-10
0.00519467
1.66374e-09
0.00519467
-3.2036e-10
0.00519467
1.86548e-09
0.00519467
-5.27721e-10
0.00519467
1.67959e-09
0.00519467
-1.64615e-10
0.00519467
2.32513e-09
0.00519467
8.97437e-10
0.00519467
3.01618e-09
0.00519467
1.3617e-09
0.00519467
2.5472e-09
0.00519467
4.83337e-11
0.00519467
7.75151e-10
0.00519467
-1.28394e-09
0.00519467
-3.10942e-11
0.00519467
-1.24184e-09
0.00519467
3.06836e-10
0.00519467
-1.7038e-10
0.00519467
1.92071e-09
0.00519467
1.88985e-09
0.00519467
4.80512e-09
0.00519467
5.84881e-09
0.00519467
1.00292e-08
0.00519467
1.2749e-08
0.00519467
1.90404e-08
0.00519467
2.45416e-08
0.00519467
3.49889e-08
0.00519467
4.69438e-08
0.00519467
6.59381e-08
0.00519467
9.0554e-08
0.00519467
1.26862e-07
0.00519467
1.77538e-07
0.00519467
2.4906e-07
0.00519466
3.63468e-07
0.00519464
5.24668e-07
0.00519459
8.78427e-07
0.00519449
1.47617e-06
0.00519428
4.0956e-06
0.00519403
1.10379e-05
0.00519347
3.93324e-05
7.87389e-05
0.00514309
0.00100365
0.00518464
0.000528526
0.00519093
0.000141393
0.00519182
5.57271e-06
0.00519145
-9.22468e-06
0.00519193
4.09516e-06
0.00519229
8.28378e-06
0.00519274
1.02088e-05
0.0051931
8.92641e-06
0.0051934
7.82614e-06
0.00519364
6.5064e-06
0.00519385
5.49739e-06
0.00519401
4.61396e-06
0.00519414
3.915e-06
0.00519425
3.33809e-06
0.00519435
2.87061e-06
0.00519442
2.47563e-06
0.00519449
2.14853e-06
0.00519454
1.86481e-06
0.00519458
1.62027e-06
0.00519462
1.40424e-06
0.00519465
1.21607e-06
0.00519468
1.04666e-06
0.0051947
8.992e-07
0.00519471
7.67034e-07
0.00519472
6.53438e-07
0.00519473
5.51537e-07
0.00519474
4.64809e-07
0.00519475
3.8729e-07
0.00519475
3.23513e-07
0.00519476
2.66952e-07
0.00519476
2.21502e-07
0.00519476
1.79896e-07
0.00519476
1.48594e-07
0.00519476
1.18843e-07
0.00519476
9.83971e-08
0.00519476
7.76609e-08
0.00519476
6.4457e-08
0.00519476
4.99934e-08
0.00519476
4.17317e-08
0.00519476
3.15706e-08
0.00519476
2.79106e-08
0.00519476
2.08146e-08
0.00519476
1.7981e-08
0.00519476
1.25658e-08
0.00519476
1.20584e-08
0.00519476
8.13614e-09
0.00519476
7.84808e-09
0.00519476
4.06366e-09
0.00519476
4.10034e-09
0.00519476
6.62529e-10
0.00519476
2.06189e-09
0.00519476
-6.1402e-10
0.00519476
1.03611e-09
0.00519476
-1.1313e-09
0.00519476
5.41626e-10
0.00519476
-1.25221e-09
0.00519476
6.092e-10
0.00519476
-8.27058e-10
0.00519476
1.65486e-09
0.00519476
-3.45399e-10
0.00519476
1.95388e-09
0.00519476
-3.4197e-10
0.00519476
1.95516e-09
0.00519476
8.75161e-11
0.00519476
2.50475e-09
0.00519476
9.52476e-10
0.00519476
3.08567e-09
0.00519476
1.46634e-09
0.00519476
2.71087e-09
0.00519476
1.21643e-10
0.00519476
7.34523e-10
0.00519476
-1.50261e-09
0.00519476
-3.50455e-10
0.00519476
-1.50091e-09
0.00519476
1.79761e-10
0.00519476
-2.57102e-10
0.00519476
1.86368e-09
0.00519476
1.72022e-09
0.00519476
4.64404e-09
0.00519476
5.75334e-09
0.00519476
9.99332e-09
0.00519476
1.27079e-08
0.00519476
1.8932e-08
0.00519476
2.4174e-08
0.00519476
3.42852e-08
0.00519477
4.58465e-08
0.00519477
6.44173e-08
0.00519477
8.84283e-08
0.00519477
1.23895e-07
0.00519478
1.73766e-07
0.00519478
2.45108e-07
0.00519478
3.61731e-07
0.00519478
5.30177e-07
0.00519475
9.03699e-07
0.0051947
1.52795e-06
0.00519462
4.17313e-06
0.00519468
1.0982e-05
0.00519521
3.87992e-05
7.72363e-05
0.00513319
0.000870462
0.00518037
0.000481351
0.00518944
0.000132322
0.00519027
4.73663e-06
0.00518976
-8.71316e-06
0.00519027
3.5864e-06
0.0051908
7.75527e-06
0.00519146
9.55385e-06
0.00519199
8.39042e-06
0.00519246
7.35923e-06
0.00519284
6.12738e-06
0.00519316
5.18043e-06
0.00519342
4.35271e-06
0.00519364
3.69674e-06
0.00519382
3.15509e-06
0.00519397
2.71601e-06
0.00519411
2.34452e-06
0.00519422
2.03706e-06
0.00519431
1.76997e-06
0.00519439
1.53959e-06
0.00519446
1.33577e-06
0.00519452
1.15829e-06
0.00519457
9.97859e-07
0.00519461
8.58133e-07
0.00519464
7.32505e-07
0.00519467
6.24714e-07
0.0051947
5.28012e-07
0.00519472
4.45579e-07
0.00519473
3.71535e-07
0.00519474
3.10561e-07
0.00519475
2.56276e-07
0.00519476
2.13052e-07
0.00519477
1.73319e-07
0.00519477
1.43518e-07
0.00519478
1.14649e-07
0.00519478
9.50592e-08
0.00519478
7.50657e-08
0.00519479
6.24316e-08
0.00519479
4.84365e-08
0.00519479
4.06583e-08
0.00519479
3.06946e-08
0.00519479
2.72544e-08
0.00519479
2.04603e-08
0.00519479
1.78395e-08
0.00519479
1.24025e-08
0.00519479
1.19127e-08
0.00519479
7.95635e-09
0.00519479
7.73446e-09
0.00519479
4.07394e-09
0.00519479
4.3042e-09
0.00519479
7.42775e-10
0.00519479
2.04547e-09
0.00519479
-7.04365e-10
0.00519479
9.98508e-10
0.00519479
-1.16882e-09
0.00519479
5.59216e-10
0.00519479
-1.27945e-09
0.00519479
5.45449e-10
0.00519479
-9.29271e-10
0.00519479
1.63264e-09
0.00519479
-3.90242e-10
0.00519479
2.00053e-09
0.00519479
-1.69376e-10
0.00519479
2.24831e-09
0.00519479
3.90608e-10
0.00519479
2.73798e-09
0.00519479
1.02266e-09
0.00519479
3.09624e-09
0.00519479
1.47565e-09
0.00519479
2.78811e-09
0.00519479
1.78811e-10
0.00519479
7.26445e-10
0.00519479
-1.68316e-09
0.00519479
-6.76596e-10
0.00519479
-1.79938e-09
0.00519479
1.17129e-11
0.00519479
-3.76962e-10
0.00519479
1.79616e-09
0.00519479
1.54723e-09
0.00519479
4.39405e-09
0.00519479
5.48016e-09
0.00519479
9.6941e-09
0.00519479
1.23286e-08
0.00519479
1.84032e-08
0.0051948
2.32838e-08
0.0051948
3.2853e-08
0.0051948
4.37185e-08
0.0051948
6.14408e-08
0.00519481
8.42693e-08
0.00519481
1.18099e-07
0.00519482
1.65954e-07
0.00519483
2.35259e-07
0.00519484
3.50619e-07
0.00519485
5.20597e-07
0.00519485
9.00199e-07
0.00519485
1.52854e-06
0.00519491
4.1188e-06
0.00519526
1.06276e-05
0.00519682
3.72412e-05
7.37558e-05
0.00512494
0.000745524
0.00517667
0.00042962
0.00518815
0.000120841
0.00518892
3.96559e-06
0.00518826
-8.05018e-06
0.00518878
3.07007e-06
0.00518945
7.08048e-06
0.00519028
8.72444e-06
0.00519098
7.69197e-06
0.00519159
6.74969e-06
0.00519209
5.62693e-06
0.00519251
4.7599e-06
0.00519286
4.00337e-06
0.00519315
3.40307e-06
0.0051934
2.9071e-06
0.00519361
2.50486e-06
0.00519379
2.16397e-06
0.00519395
1.88211e-06
0.00519408
1.63679e-06
0.0051942
1.42507e-06
0.0051943
1.2375e-06
0.00519438
1.07441e-06
0.00519445
9.26329e-07
0.00519451
7.97351e-07
0.00519456
6.80885e-07
0.00519461
5.81147e-07
0.00519464
4.91732e-07
0.00519467
4.15575e-07
0.0051947
3.46774e-07
0.00519472
2.90041e-07
0.00519474
2.39223e-07
0.00519475
1.99192e-07
0.00519476
1.62231e-07
0.00519477
1.34768e-07
0.00519478
1.0749e-07
0.00519478
8.9271e-08
0.00519479
7.04745e-08
0.00519479
5.87491e-08
0.00519479
4.55567e-08
0.0051948
3.85261e-08
0.0051948
2.89896e-08
0.0051948
2.58554e-08
0.0051948
1.94988e-08
0.0051948
1.7288e-08
0.0051948
1.19511e-08
0.0051948
1.15077e-08
0.0051948
7.54419e-09
0.0051948
7.38329e-09
0.0051948
3.90552e-09
0.0051948
4.39279e-09
0.0051948
8.13581e-10
0.0051948
1.99418e-09
0.0051948
-8.43873e-10
0.0051948
9.00393e-10
0.0051948
-1.25208e-09
0.0051948
5.42568e-10
0.0051948
-1.30291e-09
0.0051948
4.83082e-10
0.0051948
-1.03717e-09
0.0051948
1.5912e-09
0.0051948
-4.40567e-10
0.0051948
2.00774e-09
0.0051948
-3.45267e-11
0.0051948
2.50433e-09
0.0051948
6.91349e-10
0.0051948
2.99208e-09
0.0051948
1.13065e-09
0.0051948
3.08618e-09
0.0051948
1.42783e-09
0.0051948
2.78424e-09
0.0051948
2.05765e-10
0.0051948
7.25638e-10
0.0051948
-1.81776e-09
0.0051948
-9.8617e-10
0.0051948
-2.121e-09
0.0051948
-2.08939e-10
0.0051948
-5.49707e-10
0.0051948
1.68926e-09
0.0051948
1.37135e-09
0.0051948
4.0825e-09
0.0051948
5.06472e-09
0.0051948
9.16484e-09
0.0051948
1.16376e-08
0.00519481
1.7469e-08
0.00519481
2.18973e-08
0.00519481
3.07432e-08
0.00519481
4.06491e-08
0.00519482
5.71219e-08
0.00519482
7.82215e-08
0.00519483
1.09665e-07
0.00519484
1.54345e-07
0.00519486
2.19775e-07
0.00519488
3.30324e-07
0.0051949
4.95855e-07
0.00519494
8.67339e-07
0.00519499
1.47716e-06
0.00519517
3.93489e-06
0.00519581
9.9899e-06
0.00519831
3.47428e-05
6.84959e-05
0.00511811
0.00062741
0.00517351
0.000374222
0.00518706
0.000107296
0.00518776
3.26129e-06
0.00518695
-7.23705e-06
0.00518746
2.56349e-06
0.00518826
6.28236e-06
0.00518923
7.74546e-06
0.00519007
6.85248e-06
0.00519081
6.016e-06
0.00519141
5.02032e-06
0.00519193
4.2485e-06
0.00519235
3.57642e-06
0.00519271
3.04274e-06
0.00519302
2.60145e-06
0.00519328
2.24344e-06
0.00519351
1.93938e-06
0.0051937
1.68833e-06
0.00519387
1.4693e-06
0.00519401
1.28014e-06
0.00519414
1.11238e-06
0.00519425
9.66942e-07
0.00519434
8.34222e-07
0.00519442
7.18707e-07
0.00519448
6.13801e-07
0.00519454
5.2414e-07
0.00519459
4.43827e-07
0.00519463
3.75694e-07
0.00519466
3.13744e-07
0.00519469
2.62595e-07
0.00519471
2.16366e-07
0.00519473
1.804e-07
0.00519475
1.46983e-07
0.00519476
1.22599e-07
0.00519477
9.75831e-08
0.00519478
8.12217e-08
0.00519478
6.40527e-08
0.00519479
5.35702e-08
0.00519479
4.14828e-08
0.00519479
3.5418e-08
0.0051948
2.65201e-08
0.0051948
2.37617e-08
0.0051948
1.79335e-08
0.0051948
1.62959e-08
0.0051948
1.1192e-08
0.0051948
1.08662e-08
0.0051948
6.9508e-09
0.0051948
6.84599e-09
0.0051948
3.56885e-09
0.0051948
4.33423e-09
0.0051948
8.42447e-10
0.0051948
1.90206e-09
0.0051948
-1.01529e-09
0.0051948
7.47618e-10
0.0051948
-1.3896e-09
0.0051948
4.48685e-10
0.0051948
-1.37222e-09
0.0051948
3.92803e-10
0.0051948
-1.15791e-09
0.0051948
1.52825e-09
0.0051948
-4.80717e-10
0.0051948
1.98038e-09
0.0051948
4.85801e-11
0.0051948
2.68802e-09
0.0051948
9.46699e-10
0.0051948
3.23867e-09
0.0051948
1.2837e-09
0.0051948
3.09205e-09
0.0051948
1.3613e-09
0.0051948
2.71646e-09
0.0051948
1.90346e-10
0.0051948
7.12576e-10
0.0051948
-1.9039e-09
0.0051948
-1.25065e-09
0.0051948
-2.44085e-09
0.00519481
-4.83106e-10
0.00519481
-7.94761e-10
0.00519481
1.50735e-09
0.00519481
1.17071e-09
0.00519481
3.72396e-09
0.00519481
4.54062e-09
0.00519481
8.44363e-09
0.00519481
1.06651e-08
0.00519481
1.61517e-08
0.00519481
2.00475e-08
0.00519481
2.80234e-08
0.00519482
3.67446e-08
0.00519482
5.15996e-08
0.00519483
7.04598e-08
0.00519484
9.88198e-08
0.00519486
1.39237e-07
0.00519488
1.9903e-07
0.00519491
3.01298e-07
0.00519495
4.56425e-07
0.00519501
8.05762e-07
0.00519511
1.3752e-06
0.00519542
3.62815e-06
0.00519632
9.09025e-06
0.00519966
3.14007e-05
6.16647e-05
0.00511254
0.00051487
0.00517087
0.000315897
0.00518615
9.20114e-05
0.00518679
2.61903e-06
0.00518584
-6.28121e-06
0.00518632
2.07777e-06
0.00518722
5.38236e-06
0.00518833
6.64068e-06
0.00518929
5.89298e-06
0.00519013
5.17641e-06
0.00519082
4.32278e-06
0.00519141
3.65906e-06
0.00519191
3.08254e-06
0.00519233
2.62472e-06
0.00519268
2.24579e-06
0.00519299
1.93833e-06
0.00519325
1.67641e-06
0.00519348
1.46064e-06
0.00519368
1.27178e-06
0.00519385
1.10858e-06
0.005194
9.63673e-07
0.00519413
8.38682e-07
0.00519424
7.23951e-07
0.00519433
6.24278e-07
0.00519441
5.33091e-07
0.00519448
4.55301e-07
0.00519454
3.8563e-07
0.00519459
3.27008e-07
0.00519463
2.73309e-07
0.00519466
2.28977e-07
0.00519469
1.88364e-07
0.00519471
1.57247e-07
0.00519473
1.28011e-07
0.00519475
1.07319e-07
0.00519476
8.51888e-08
0.00519477
7.11531e-08
0.00519478
5.60063e-08
0.00519478
4.70783e-08
0.00519479
3.63413e-08
0.00519479
3.14285e-08
0.0051948
2.33736e-08
0.0051948
2.10761e-08
0.0051948
1.58123e-08
0.0051948
1.48543e-08
0.0051948
1.0104e-08
0.0051948
9.98851e-09
0.0051948
6.19808e-09
0.0051948
6.16402e-09
0.0051948
3.07865e-09
0.0051948
4.11602e-09
0.0051948
8.05168e-10
0.0051948
1.79081e-09
0.0051948
-1.18702e-09
0.0051948
5.71632e-10
0.0051948
-1.58407e-09
0.0051948
2.53084e-10
0.0051948
-1.52724e-09
0.00519481
2.60159e-10
0.00519481
-1.29976e-09
0.00519481
1.44225e-09
0.00519481
-5.14355e-10
0.00519481
1.93187e-09
0.0051948
8.56794e-11
0.0051948
2.80423e-09
0.0051948
1.14483e-09
0.0051948
3.45388e-09
0.0051948
1.46889e-09
0.0051948
3.12682e-09
0.0051948
1.29761e-09
0.00519481
2.60752e-09
0.00519481
1.33949e-10
0.00519481
6.78617e-10
0.00519481
-1.94512e-09
0.00519481
-1.4465e-09
0.00519481
-2.73516e-09
0.00519481
-7.98392e-10
0.00519481
-1.1197e-09
0.00519481
1.22732e-09
0.00519481
9.1271e-10
0.00519481
3.31624e-09
0.00519481
3.92451e-09
0.00519481
7.55762e-09
0.00519481
9.44452e-09
0.00519481
1.44914e-08
0.00519481
1.77827e-08
0.00519482
2.47751e-08
0.00519482
3.21192e-08
0.00519483
4.50319e-08
0.00519484
6.11881e-08
0.00519485
8.58336e-08
0.00519487
1.20994e-07
0.00519489
1.73517e-07
0.00519493
2.64242e-07
0.00519498
4.03302e-07
0.00519507
7.1725e-07
0.00519522
1.22606e-06
0.00519564
3.20917e-06
0.00519678
7.95573e-06
0.00520086
2.73214e-05
5.34771e-05
0.00510808
0.000406791
0.0051687
0.000255277
0.00518541
7.52976e-05
0.005186
2.03044e-06
0.00518492
-5.19609e-06
0.00518538
1.61849e-06
0.00518636
4.40038e-06
0.00518757
5.43279e-06
0.00518862
4.83412e-06
0.00518955
4.24895e-06
0.00519033
3.54953e-06
0.00519098
3.00448e-06
0.00519153
2.53265e-06
0.005192
2.15829e-06
0.00519239
1.84805e-06
0.00519274
1.59637e-06
0.00519303
1.38098e-06
0.00519329
1.20424e-06
0.00519351
1.04883e-06
0.00519371
9.14453e-07
0.00519387
7.94938e-07
0.00519402
6.92695e-07
0.00519415
5.98159e-07
0.00519426
5.1634e-07
0.00519435
4.40751e-07
0.00519443
3.76396e-07
0.00519449
3.18639e-07
0.00519455
2.70745e-07
0.0051946
2.26446e-07
0.00519464
1.9002e-07
0.00519467
1.55931e-07
0.0051947
1.30361e-07
0.00519472
1.05831e-07
0.00519474
8.93105e-08
0.00519475
7.06206e-08
0.00519476
5.93426e-08
0.00519477
4.65528e-08
0.00519478
3.9454e-08
0.00519478
3.02551e-08
0.00519479
2.66702e-08
0.00519479
1.96571e-08
0.0051948
1.79296e-08
0.0051948
1.32172e-08
0.0051948
1.29772e-08
0.0051948
8.67084e-09
0.0051948
8.86822e-09
0.0051948
5.29512e-09
0.0051948
5.37757e-09
0.0051948
2.45865e-09
0.0051948
3.7509e-09
0.0051948
6.90461e-10
0.0051948
1.68711e-09
0.0051948
-1.32921e-09
0.00519481
3.98529e-10
0.0051948
-1.82551e-09
0.00519481
-3.95617e-11
0.00519481
-1.78124e-09
0.00519481
7.92343e-11
0.00519481
-1.47371e-09
0.00519481
1.31744e-09
0.00519481
-5.61016e-10
0.00519481
1.87538e-09
0.00519481
1.01685e-10
0.00519481
2.88707e-09
0.00519481
1.29075e-09
0.00519481
3.62021e-09
0.00519481
1.64978e-09
0.00519481
3.18115e-09
0.00519481
1.24527e-09
0.00519481
2.48493e-09
0.00519481
4.6948e-11
0.00519481
6.18428e-10
0.00519481
-1.96074e-09
0.00519481
-1.5692e-09
0.00519481
-2.98827e-09
0.00519481
-1.13143e-09
0.00519481
-1.50983e-09
0.00519481
8.45737e-10
0.00519481
5.67048e-10
0.00519481
2.84482e-09
0.00519481
3.22233e-09
0.00519481
6.53522e-09
0.00519481
8.01915e-09
0.00519481
1.25457e-08
0.00519482
1.51635e-08
0.00519482
2.10833e-08
0.00519483
2.68856e-08
0.00519483
3.75862e-08
0.00519484
5.06378e-08
0.00519486
7.10186e-08
0.00519488
1.00041e-07
0.00519491
1.43842e-07
0.00519495
2.20088e-07
0.00519502
3.37957e-07
0.00519513
6.04614e-07
0.00519532
1.03484e-06
0.00519584
2.69179e-06
0.00519718
6.61819e-06
0.00520188
2.2618e-05
4.41531e-05
0.00510462
0.000302167
0.00516699
0.000192911
0.00518484
5.74528e-05
0.00518538
1.4853e-06
0.00518419
-4.00056e-06
0.00518462
1.18641e-06
0.00518566
3.35488e-06
0.00518695
4.14363e-06
0.00518809
3.69624e-06
0.00518909
3.25145e-06
0.00518992
2.71576e-06
0.00519063
2.29778e-06
0.00519122
1.93782e-06
0.00519173
1.65293e-06
0.00519216
1.41638e-06
0.00519253
1.22462e-06
0.00519285
1.05925e-06
0.00519313
9.24562e-07
0.00519338
8.05253e-07
0.00519359
7.02056e-07
0.00519377
6.09967e-07
0.00519394
5.32268e-07
0.00519407
4.59678e-07
0.00519419
3.97327e-07
0.0051943
3.38895e-07
0.00519438
2.89304e-07
0.00519446
2.44485e-07
0.00519452
2.08267e-07
0.00519457
1.74243e-07
0.00519461
1.4662e-07
0.00519465
1.19826e-07
0.00519468
1.00411e-07
0.00519471
8.10341e-08
0.00519473
6.90371e-08
0.00519474
5.42447e-08
0.00519476
4.60872e-08
0.00519477
3.59147e-08
0.00519477
3.08753e-08
0.00519478
2.33593e-08
0.00519479
2.12647e-08
0.00519479
1.54816e-08
0.00519479
1.44469e-08
0.0051948
1.0249e-08
0.0051948
1.07063e-08
0.0051948
6.90631e-09
0.0051948
7.50609e-09
0.0051948
4.24715e-09
0.0051948
4.51935e-09
0.0051948
1.74978e-09
0.0051948
3.26977e-09
0.0051948
4.947e-10
0.0051948
1.59315e-09
0.0051948
-1.43344e-09
0.00519481
2.46225e-10
0.0051948
-2.08235e-09
0.00519481
-3.88332e-10
0.00519481
-2.11312e-09
0.00519481
-1.46903e-10
0.00519481
-1.69162e-09
0.00519481
1.1345e-09
0.00519481
-6.38969e-10
0.00519481
1.82511e-09
0.00519481
1.27422e-10
0.00519481
2.9707e-09
0.00519481
1.39527e-09
0.00519481
3.71798e-09
0.00519481
1.78993e-09
0.00519481
3.23813e-09
0.00519481
1.21122e-09
0.00519481
2.373e-09
0.00519481
-5.90039e-11
0.00519481
5.19863e-10
0.00519481
-1.98523e-09
0.00519481
-1.63792e-09
0.00519481
-3.19169e-09
0.00519481
-1.45411e-09
0.00519481
-1.93244e-09
0.00519481
3.7953e-10
0.00519481
1.19871e-10
0.00519481
2.29904e-09
0.00519481
2.44798e-09
0.00519481
5.41515e-09
0.00519481
6.44403e-09
0.00519481
1.03787e-08
0.00519482
1.22514e-08
0.00519482
1.70256e-08
0.00519483
2.11539e-08
0.00519484
2.94345e-08
0.00519485
3.90629e-08
0.00519486
5.47195e-08
0.00519489
7.68593e-08
0.00519492
1.10709e-07
0.00519497
1.69976e-07
0.00519504
2.6229e-07
0.00519518
4.71561e-07
0.0051954
8.08141e-07
0.005196
2.09254e-06
0.00519751
5.11348e-06
0.00520272
1.74097e-05
3.39163e-05
0.0051021
0.000200069
0.00516572
0.000129285
0.00518441
3.87667e-05
0.00518492
9.72722e-07
0.00518364
-2.71803e-06
0.00518405
7.78306e-07
0.00518514
2.26301e-06
0.00518649
2.79425e-06
0.00518769
2.49939e-06
0.00518874
2.20159e-06
0.00518961
1.83664e-06
0.00519036
1.55202e-06
0.00519099
1.3093e-06
0.00519152
1.11827e-06
0.00519198
9.59115e-07
0.00519238
8.30364e-07
0.00519272
7.17575e-07
0.00519302
6.27201e-07
0.00519327
5.46048e-07
0.0051935
4.75849e-07
0.0051937
4.12732e-07
0.00519387
3.60875e-07
0.00519402
3.11499e-07
0.00519415
2.69806e-07
0.00519426
2.29733e-07
0.00519435
1.95984e-07
0.00519443
1.64913e-07
0.00519449
1.41037e-07
0.00519455
1.17893e-07
0.0051946
9.97311e-08
0.00519464
8.08666e-08
0.00519467
6.81163e-08
0.0051947
5.42749e-08
0.00519472
4.7034e-08
0.00519474
3.64721e-08
0.00519475
3.17004e-08
0.00519476
2.43367e-08
0.00519477
2.15352e-08
0.00519478
1.58212e-08
0.00519478
1.53331e-08
0.00519479
1.09413e-08
0.00519479
1.07232e-08
0.0051948
7.02168e-09
0.0051948
8.12006e-09
0.0051948
4.86951e-09
0.0051948
5.92621e-09
0.0051948
3.07271e-09
0.0051948
3.61707e-09
0.0051948
1.00779e-09
0.0051948
2.70771e-09
0.0051948
2.1397e-10
0.0051948
1.47606e-09
0.0051948
-1.51405e-09
0.00519481
1.21478e-10
0.00519481
-2.30359e-09
0.00519481
-7.33106e-10
0.00519481
-2.47566e-09
0.00519481
-4.10515e-10
0.00519481
-1.95019e-09
0.00519481
8.86834e-10
0.00519481
-7.51311e-10
0.00519481
1.7864e-09
0.00519481
1.80866e-10
0.00519481
3.06445e-09
0.00519481
1.4693e-09
0.00519481
3.73835e-09
0.00519481
1.87494e-09
0.00519481
3.288e-09
0.00519481
1.20471e-09
0.00519481
2.28373e-09
0.00519481
-1.75686e-10
0.00519481
3.66837e-10
0.00519481
-2.05297e-09
0.00519481
-1.68557e-09
0.00519481
-3.34333e-09
0.00519481
-1.74329e-09
0.00519481
-2.34922e-09
0.00519481
-1.41125e-10
0.00519481
-4.16217e-10
0.00519481
1.68528e-09
0.00519481
1.63026e-09
0.00519481
4.24053e-09
0.00519481
4.77366e-09
0.00519481
8.04548e-09
0.00519482
9.10364e-09
0.00519482
1.26726e-08
0.00519483
1.5037e-08
0.00519484
2.07524e-08
0.00519485
2.67305e-08
0.00519487
3.7301e-08
0.00519489
5.1974e-08
0.00519493
7.49057e-08
0.00519498
1.15234e-07
0.00519507
1.78566e-07
0.00519521
3.22535e-07
0.00519547
5.53757e-07
0.00519613
1.43003e-06
0.00519776
3.48061e-06
0.00520335
1.18195e-05
2.29927e-05
0.00510044
9.96261e-05
0.00516489
6.48428e-05
0.00518413
1.9523e-05
0.00518462
4.8171e-07
0.00518328
-1.37543e-06
0.00518367
3.87932e-07
0.00518479
1.14089e-06
0.00518618
1.4051e-06
0.00518742
1.26333e-06
0.0051885
1.11688e-06
0.00518941
9.27326e-07
0.00519018
7.80254e-07
0.00519083
6.58338e-07
0.00519139
5.64062e-07
0.00519186
4.84749e-07
0.00519227
4.21018e-07
0.00519263
3.62507e-07
0.00519294
3.17923e-07
0.00519321
2.76338e-07
0.00519344
2.404e-07
0.00519365
2.07323e-07
0.00519383
1.82125e-07
0.00519398
1.5675e-07
0.00519411
1.36457e-07
0.00519423
1.15568e-07
0.00519433
9.84608e-08
0.00519441
8.17441e-08
0.00519448
7.06012e-08
0.00519454
5.86866e-08
0.00519459
5.03941e-08
0.00519463
3.99331e-08
0.00519466
3.42396e-08
0.00519469
2.62425e-08
0.00519471
2.38776e-08
0.00519473
1.77519e-08
0.00519475
1.65239e-08
0.00519476
1.21073e-08
0.00519477
1.16586e-08
0.00519478
7.84074e-09
0.00519478
8.99778e-09
0.00519479
6.11305e-09
0.00519479
6.83031e-09
0.0051948
3.65985e-09
0.0051948
5.33334e-09
0.0051948
2.65942e-09
0.0051948
4.17789e-09
0.0051948
1.80768e-09
0.0051948
2.69281e-09
0.0051948
2.89132e-10
0.0051948
2.09604e-09
0.0051948
-1.5422e-10
0.0051948
1.28999e-09
0.0051948
-1.59279e-09
0.00519481
2.37276e-11
0.00519481
-2.44158e-09
0.00519481
-1.01733e-09
0.00519481
-2.81286e-09
0.00519481
-6.92245e-10
0.00519481
-2.21954e-09
0.00519481
5.918e-10
0.00519481
-8.83277e-10
0.00519481
1.75325e-09
0.00519481
2.61925e-10
0.00519481
3.15745e-09
0.00519481
1.52891e-09
0.00519481
3.69309e-09
0.00519481
1.91811e-09
0.00519481
3.32767e-09
0.00519481
1.23126e-09
0.00519481
2.215e-09
0.00519481
-2.9245e-10
0.00519481
1.55511e-10
0.00519481
-2.17702e-09
0.00519481
-1.74249e-09
0.00519481
-3.44727e-09
0.00519481
-1.9906e-09
0.00519481
-2.72751e-09
0.00519481
-6.78325e-10
0.00519481
-1.00372e-09
0.00519481
1.02398e-09
0.00519481
8.00514e-10
0.00519481
3.04201e-09
0.00519481
3.04882e-09
0.00519481
5.58893e-09
0.00519482
5.77878e-09
0.00519482
8.09874e-09
0.00519483
8.65518e-09
0.00519484
1.17162e-08
0.00519485
1.39093e-08
0.00519487
1.91393e-08
0.0051949
2.59451e-08
0.00519493
3.72972e-08
0.00519499
5.73416e-08
0.00519508
8.93339e-08
0.00519524
1.6255e-07
0.00519551
2.80389e-07
0.00519622
7.24481e-07
0.00519794
1.76098e-06
0.00520378
5.97299e-06
1.16105e-05
0.00509962
1.75056e-09
0.00516447
-1.27493e-09
0.00518399
1.37989e-09
0.00518447
1.4047e-09
0.0051831
-2.13416e-09
0.00518348
6.95809e-09
0.00518462
3.86465e-09
0.00518602
-3.78914e-09
0.00518728
7.68509e-09
0.00518838
1.47119e-08
0.00518931
2.90818e-09
0.00519009
-4.48086e-09
0.00519075
-3.78151e-09
0.00519132
7.20373e-11
0.0051918
1.83706e-09
0.00519222
4.10786e-09
0.00519258
7.04451e-10
0.0051929
2.60353e-09
0.00519317
1.32387e-09
0.00519341
3.43845e-10
0.00519362
-2.10317e-09
0.0051938
-2.81873e-10
0.00519396
-1.33828e-09
0.0051941
6.26394e-11
0.00519421
-1.20835e-09
0.00519431
-1.18757e-09
0.0051944
-3.16256e-09
0.00519447
-1.43355e-09
0.00519453
-2.01199e-09
0.00519458
-2.64242e-10
0.00519462
-2.03161e-09
0.00519466
-4.2869e-10
0.00519469
-2.37168e-09
0.00519471
1.56137e-10
0.00519473
-1.44219e-09
0.00519475
9.33036e-10
0.00519476
-4.46901e-10
0.00519477
1.50286e-09
0.00519478
-3.61257e-10
0.00519478
2.39868e-09
0.00519479
1.07622e-09
0.00519479
2.83589e-09
0.00519479
2.86962e-10
0.0051948
2.47747e-09
0.0051948
3.89844e-10
0.0051948
2.32641e-09
0.0051948
4.95071e-10
0.0051948
1.76127e-09
0.0051948
-3.65786e-10
0.0051948
1.46597e-09
0.0051948
-5.96006e-10
0.0051948
1.00861e-09
0.0051948
-1.68519e-09
0.00519481
-5.57642e-11
0.00519481
-2.47622e-09
0.00519481
-1.20931e-09
0.00519481
-3.07449e-09
0.00519481
-9.59311e-10
0.00519481
-2.4501e-09
0.00519481
2.8732e-10
0.00519481
-1.01214e-09
0.00519481
1.71633e-09
0.00519481
3.62422e-10
0.00519481
3.23743e-09
0.00519481
1.59676e-09
0.00519481
3.61164e-09
0.00519481
1.94377e-09
0.00519481
3.35274e-09
0.00519481
1.28486e-09
0.00519481
2.15811e-09
0.00519481
-3.88687e-10
0.00519481
-8.86947e-11
0.00519481
-2.3399e-09
0.00519481
-1.82461e-09
0.00519481
-3.51356e-09
0.00519481
-2.19914e-09
0.00519481
-3.04473e-09
0.00519481
-1.19121e-09
0.00519481
-1.59567e-09
0.00519481
3.36383e-10
0.00519481
-2.52203e-11
0.00519481
1.82987e-09
0.00519481
1.29588e-09
0.00519482
3.05044e-09
0.00519482
2.34444e-09
0.00519482
3.38899e-09
0.00519483
2.13213e-09
0.00519484
2.49919e-09
0.00519485
8.62842e-10
0.00519487
6.1821e-10
0.0051949
-6.44749e-10
0.00519494
-1.20344e-09
0.005195
-2.12135e-09
0.00519509
-2.66549e-09
0.00519525
-2.99889e-09
0.00519554
-2.64632e-09
0.00519626
-2.87147e-09
0.00519803
-2.43489e-09
0.005204
-2.01022e-09
-1.30216e-09
0.00509962
-9.96225e-05
0.00516447
-6.48454e-05
0.00518399
-1.95202e-05
0.00518447
-4.78922e-07
0.0051831
1.37126e-06
0.00518348
-3.74e-07
0.00518462
-1.13312e-06
0.00518602
-1.41264e-06
0.00518728
-1.24804e-06
0.00518838
-1.08757e-06
0.00518931
-9.2153e-07
0.00519009
-7.89169e-07
0.00519075
-6.65809e-07
0.00519132
-5.63903e-07
0.0051918
-4.81026e-07
0.00519222
-4.12782e-07
0.00519258
-3.61109e-07
0.0051929
-3.12805e-07
0.00519317
-2.73739e-07
0.00519341
-2.39653e-07
0.00519362
-2.11374e-07
0.0051938
-1.8261e-07
0.00519396
-1.59458e-07
0.0051941
-1.36493e-07
0.00519421
-1.18129e-07
0.00519431
-1.00843e-07
0.0051944
-8.79491e-08
0.00519447
-7.34276e-08
0.00519453
-6.27838e-08
0.00519458
-5.1046e-08
0.00519462
-4.40423e-08
0.00519466
-3.50945e-08
0.00519469
-3.08989e-08
0.00519471
-2.35487e-08
0.00519473
-2.06318e-08
0.00519475
-1.46742e-08
0.00519476
-1.29893e-08
0.00519477
-8.65666e-09
0.00519478
-8.55548e-09
0.00519478
-4.28933e-09
0.00519479
-4.06526e-09
0.00519479
-1.18427e-09
0.00519479
-2.99428e-09
0.0051948
-3.28319e-10
0.0051948
-1.83864e-09
0.0051948
4.40928e-10
0.0051948
-8.28831e-10
0.0051948
8.29318e-10
0.0051948
-9.41467e-10
0.0051948
8.56024e-10
0.0051948
-1.07219e-09
0.0051948
6.44708e-10
0.0051948
-1.7971e-09
0.00519481
-1.35861e-10
0.00519481
-2.42712e-09
0.00519481
-1.30602e-09
0.00519481
-3.2283e-09
0.00519481
-1.17332e-09
0.00519481
-2.59586e-09
0.00519481
1.65407e-11
0.00519481
-1.11882e-09
0.00519481
1.67403e-09
0.00519481
4.77392e-10
0.00519481
3.30455e-09
0.00519481
1.69353e-09
0.00519481
3.52538e-09
0.00519481
1.96528e-09
0.00519481
3.35169e-09
0.00519481
1.34692e-09
0.00519481
2.1072e-09
0.00519481
-4.36529e-10
0.00519481
-3.14968e-10
0.00519481
-2.5035e-09
0.00519481
-1.93067e-09
0.00519481
-3.55524e-09
0.00519481
-2.37474e-09
0.00519481
-3.28836e-09
0.00519481
-1.64395e-09
0.00519481
-2.15356e-09
0.00519481
-3.66126e-10
0.00519481
-8.51102e-10
0.00519481
6.03232e-10
0.00519481
-4.62443e-10
0.00519482
4.82e-10
0.00519482
-1.12213e-09
0.00519482
-1.36324e-09
0.00519483
-4.41063e-09
0.00519484
-6.72852e-09
0.00519485
-1.21519e-08
0.00519487
-1.78753e-08
0.0051949
-2.72057e-08
0.00519494
-3.96654e-08
0.005195
-6.15331e-08
0.00519509
-9.46053e-08
0.00519525
-1.68519e-07
0.00519554
-2.85708e-07
0.00519626
-7.30241e-07
0.00519803
-1.76585e-06
0.005204
-5.97702e-06
-1.16131e-05
0.00510044
-0.000200065
0.00516489
-0.000129288
0.00518413
-3.87639e-05
0.00518462
-9.69995e-07
0.00518328
2.71412e-06
0.00518367
-7.64352e-07
0.00518479
-2.25514e-06
0.00518618
-2.80167e-06
0.00518742
-2.48434e-06
0.0051885
-2.17263e-06
0.00518941
-1.83092e-06
0.00519018
-1.5608e-06
0.00519083
-1.3165e-06
0.00519139
-1.11807e-06
0.00519186
-9.55267e-07
0.00519227
-8.2207e-07
0.00519263
-7.16209e-07
0.00519294
-6.22327e-07
0.00519321
-5.43583e-07
0.00519344
-4.74937e-07
0.00519365
-4.16354e-07
0.00519383
-3.61137e-07
0.00519398
-3.14278e-07
0.00519411
-2.70261e-07
0.00519423
-2.3268e-07
0.00519433
-1.98376e-07
0.00519441
-1.70788e-07
0.00519448
-1.43744e-07
0.00519454
-1.22185e-07
0.00519459
-1.00719e-07
0.00519463
-8.50968e-08
0.00519466
-6.89695e-08
0.00519469
-5.87002e-08
0.00519471
-4.66661e-08
0.00519473
-3.93504e-08
0.00519475
-2.99005e-08
0.00519476
-2.52017e-08
0.00519477
-1.85454e-08
0.00519478
-1.65115e-08
0.00519478
-1.08563e-08
0.00519479
-9.17477e-09
0.00519479
-5.14635e-09
0.0051948
-6.11536e-09
0.0051948
-2.99659e-09
0.0051948
-3.95392e-09
0.0051948
-1.41209e-09
0.0051948
-2.13983e-09
0.0051948
-9.96521e-11
0.0051948
-1.44515e-09
0.0051948
3.10243e-10
0.0051948
-1.52724e-09
0.0051948
2.44285e-10
0.0051948
-1.9304e-09
0.00519481
-2.42052e-10
0.00519481
-2.34365e-09
0.00519481
-1.32665e-09
0.00519481
-3.26706e-09
0.00519481
-1.30635e-09
0.00519481
-2.63916e-09
0.00519481
-1.91145e-10
0.00519481
-1.19558e-09
0.00519481
1.63467e-09
0.00519481
6.07414e-10
0.00519481
3.36739e-09
0.00519481
1.82389e-09
0.00519481
3.45124e-09
0.00519481
1.97522e-09
0.00519481
3.30883e-09
0.00519481
1.39273e-09
0.00519481
2.06104e-09
0.00519481
-4.16106e-10
0.00519481
-4.70361e-10
0.00519481
-2.62979e-09
0.00519481
-2.04829e-09
0.00519481
-3.58406e-09
0.00519481
-2.52011e-09
0.00519481
-3.45708e-09
0.00519481
-2.01493e-09
0.00519481
-2.65708e-09
0.00519481
-1.07907e-09
0.00519481
-1.68883e-09
0.00519481
-6.32077e-10
0.00519481
-2.19688e-09
0.00519481
-2.05234e-09
0.00519482
-4.54074e-09
0.00519482
-6.06221e-09
0.00519483
-1.08545e-08
0.00519484
-1.57965e-08
0.00519485
-2.48833e-08
0.00519487
-3.59572e-08
0.0051949
-5.31573e-08
0.00519493
-7.7171e-08
0.00519499
-1.19285e-07
0.00519508
-1.83669e-07
0.00519524
-3.28417e-07
0.00519551
-5.5914e-07
0.00519622
-1.43584e-06
0.00519794
-3.4855e-06
0.00520378
-1.18235e-05
-2.29953e-05
0.0051021
-0.000302163
0.00516572
-0.000192914
0.00518441
-5.745e-05
0.00518492
-1.48267e-06
0.00518364
3.99703e-06
0.00518405
-1.17248e-06
0.00518514
-3.34687e-06
0.00518649
-4.15089e-06
0.00518769
-3.68164e-06
0.00518874
-3.22311e-06
0.00518962
-2.71018e-06
0.00519036
-2.30632e-06
0.00519099
-1.94464e-06
0.00519152
-1.65265e-06
0.00519198
-1.41239e-06
0.00519238
-1.21626e-06
0.00519272
-1.05794e-06
0.00519302
-9.20027e-07
0.00519328
-8.02979e-07
0.0051935
-7.00913e-07
0.0051937
-6.12984e-07
0.00519387
-5.32204e-07
0.00519402
-4.62508e-07
0.00519415
-3.98299e-07
0.00519426
-3.42352e-07
0.00519435
-2.91683e-07
0.00519443
-2.49896e-07
0.0051945
-2.10783e-07
0.00519455
-1.78783e-07
0.0051946
-1.48058e-07
0.00519464
-1.24205e-07
0.00519467
-1.01269e-07
0.0051947
-8.51553e-08
0.00519472
-6.86336e-08
0.00519474
-5.71461e-08
0.00519475
-4.43661e-08
0.00519476
-3.67929e-08
0.00519477
-2.79051e-08
0.00519478
-2.40044e-08
0.00519478
-1.7077e-08
0.00519479
-1.40917e-08
0.00519479
-8.96312e-09
0.0051948
-9.03719e-09
0.0051948
-5.47243e-09
0.0051948
-5.90806e-09
0.0051948
-3.16859e-09
0.0051948
-3.41583e-09
0.0051948
-1.01784e-09
0.0051948
-1.89743e-09
0.0051948
-1.3659e-10
0.0051948
-1.91124e-09
0.0051948
-1.41134e-10
0.00519481
-2.08347e-09
0.00519481
-3.94685e-10
0.00519481
-2.27896e-09
0.00519481
-1.30058e-09
0.00519481
-3.20988e-09
0.00519481
-1.3571e-09
0.00519481
-2.60125e-09
0.00519481
-3.32128e-10
0.00519481
-1.24813e-09
0.00519481
1.607e-09
0.00519481
7.49343e-10
0.00519481
3.42699e-09
0.00519481
1.96912e-09
0.00519481
3.38634e-09
0.00519481
1.95434e-09
0.00519481
3.21304e-09
0.00519481
1.39987e-09
0.00519481
2.01521e-09
0.00519481
-3.32917e-10
0.00519481
-5.27729e-10
0.00519481
-2.69699e-09
0.00519481
-2.16188e-09
0.00519481
-3.60769e-09
0.00519481
-2.63681e-09
0.00519481
-3.5631e-09
0.00519481
-2.302e-09
0.00519481
-3.10101e-09
0.00519481
-1.79252e-09
0.00519481
-2.53989e-09
0.00519481
-1.85353e-09
0.00519481
-3.87105e-09
0.00519481
-4.48564e-09
0.00519482
-7.83422e-09
0.00519482
-1.06124e-08
0.00519483
-1.70795e-08
0.00519484
-2.45307e-08
0.00519485
-3.70853e-08
0.00519487
-5.32536e-08
0.00519489
-7.79379e-08
0.00519493
-1.12837e-07
0.00519498
-1.7383e-07
0.00519507
-2.67146e-07
0.00519521
-4.77298e-07
0.00519547
-8.13589e-07
0.00519613
-2.09839e-06
0.00519776
-5.11837e-06
0.00520335
-1.74138e-05
-3.39189e-05
0.00510462
-0.000406787
0.00516699
-0.00025528
0.00518483
-7.52948e-05
0.00518538
-2.02795e-06
0.00518418
5.19298e-06
0.00518462
-1.60469e-06
0.00518566
-4.39231e-06
0.00518695
-5.43992e-06
0.00518809
-4.82019e-06
0.00518909
-4.22152e-06
0.00518992
-3.54418e-06
0.00519063
-3.0127e-06
0.00519122
-2.53903e-06
0.00519173
-2.15799e-06
0.00519216
-1.84402e-06
0.00519253
-1.58801e-06
0.00519286
-1.37975e-06
0.00519314
-1.20008e-06
0.00519338
-1.04679e-06
0.00519359
-9.13087e-07
0.00519378
-7.97322e-07
0.00519394
-6.92266e-07
0.00519408
-6.00962e-07
0.00519419
-5.17755e-07
0.0051943
-4.44696e-07
0.00519438
-3.78715e-07
0.00519446
-3.23541e-07
0.00519452
-2.73013e-07
0.00519457
-2.31202e-07
0.00519462
-1.91891e-07
0.00519465
-1.60414e-07
0.00519468
-1.31213e-07
0.00519471
-1.09647e-07
0.00519473
-8.88981e-08
0.00519474
-7.35751e-08
0.00519476
-5.77146e-08
0.00519477
-4.74915e-08
0.00519477
-3.6502e-08
0.00519478
-3.08236e-08
0.00519479
-2.27392e-08
0.00519479
-1.86493e-08
0.00519479
-1.25457e-08
0.0051948
-1.17312e-08
0.0051948
-7.71991e-09
0.0051948
-7.66206e-09
0.0051948
-4.76358e-09
0.0051948
-4.62106e-09
0.0051948
-1.90717e-09
0.0051948
-2.32274e-09
0.0051948
-4.78312e-10
0.0051948
-2.2023e-09
0.00519481
-4.77113e-10
0.00519481
-2.24702e-09
0.00519481
-5.95438e-10
0.00519481
-2.26547e-09
0.00519481
-1.26038e-09
0.00519481
-3.09724e-09
0.00519481
-1.35417e-09
0.00519481
-2.53003e-09
0.00519481
-4.26043e-10
0.00519481
-1.29044e-09
0.00519481
1.58751e-09
0.00519481
8.85827e-10
0.00519481
3.4653e-09
0.00519481
2.0944e-09
0.00519481
3.31708e-09
0.00519481
1.89002e-09
0.00519481
3.06425e-09
0.00519481
1.35275e-09
0.00519481
1.95297e-09
0.00519481
-2.22037e-10
0.00519481
-4.96975e-10
0.00519481
-2.70098e-09
0.00519481
-2.25675e-09
0.00519481
-3.6289e-09
0.00519481
-2.73065e-09
0.00519481
-3.63063e-09
0.00519481
-2.51952e-09
0.00519481
-3.48311e-09
0.00519481
-2.48163e-09
0.00519481
-3.38598e-09
0.00519481
-3.02739e-09
0.00519481
-5.44727e-09
0.00519481
-6.7589e-09
0.00519482
-1.09296e-08
0.00519482
-1.4917e-08
0.00519483
-2.29606e-08
0.00519484
-3.27547e-08
0.00519485
-4.85197e-08
0.00519486
-6.94068e-08
0.00519489
-1.01008e-07
0.00519492
-1.45826e-07
0.00519497
-2.23717e-07
0.00519504
-3.42517e-07
0.00519518
-6.10156e-07
0.0051954
-1.04031e-06
0.005196
-2.69768e-06
0.00519751
-6.62308e-06
0.00520272
-2.26221e-05
-4.41557e-05
0.00510808
-0.000514865
0.0051687
-0.000315899
0.00518541
-9.20085e-05
0.005186
-2.61674e-06
0.00518492
6.27852e-06
0.00518537
-2.06425e-06
0.00518636
-5.37441e-06
0.00518756
-6.64779e-06
0.00518862
-5.88e-06
0.00518955
-5.15024e-06
0.00519033
-4.31777e-06
0.00519098
-3.66689e-06
0.00519153
-3.08856e-06
0.005192
-2.62454e-06
0.0051924
-2.24192e-06
0.00519274
-1.93012e-06
0.00519303
-1.6753e-06
0.00519329
-1.45683e-06
0.00519351
-1.27004e-06
0.00519371
-1.10709e-06
0.00519388
-9.65548e-07
0.00519402
-8.37933e-07
0.00519415
-7.26614e-07
0.00519426
-6.25938e-07
0.00519435
-5.37367e-07
0.00519443
-4.57504e-07
0.00519449
-3.90058e-07
0.00519455
-3.28999e-07
0.0051946
-2.78173e-07
0.00519464
-2.31135e-07
0.00519467
-1.92834e-07
0.0051947
-1.58042e-07
0.00519472
-1.31559e-07
0.00519474
-1.0693e-07
0.00519475
-8.8205e-08
0.00519476
-6.96122e-08
0.00519477
-5.70357e-08
0.00519478
-4.41273e-08
0.00519478
-3.67857e-08
0.00519479
-2.7667e-08
0.00519479
-2.26931e-08
0.0051948
-1.58034e-08
0.0051948
-1.41598e-08
0.0051948
-9.70731e-09
0.0051948
-9.17397e-09
0.0051948
-6.13347e-09
0.0051948
-5.69952e-09
0.0051948
-2.73958e-09
0.0051948
-2.74269e-09
0.0051948
-7.43612e-10
0.0051948
-2.4119e-09
0.00519481
-7.50825e-10
0.00519481
-2.39945e-09
0.00519481
-8.22681e-10
0.00519481
-2.30765e-09
0.00519481
-1.2384e-09
0.00519481
-2.97805e-09
0.00519481
-1.34088e-09
0.00519481
-2.47164e-09
0.00519481
-4.98952e-10
0.00519481
-1.33569e-09
0.00519481
1.5564e-09
0.00519481
9.85647e-10
0.00519481
3.45057e-09
0.00519481
2.16692e-09
0.00519481
3.2334e-09
0.00519481
1.78784e-09
0.00519481
2.87168e-09
0.00519481
1.24288e-09
0.00519481
1.84652e-09
0.00519481
-1.32176e-10
0.00519481
-4.12516e-10
0.00519481
-2.64442e-09
0.00519481
-2.3187e-09
0.00519481
-3.64517e-09
0.00519481
-2.81199e-09
0.00519481
-3.68659e-09
0.00519481
-2.68822e-09
0.00519481
-3.7955e-09
0.00519481
-3.10929e-09
0.00519481
-4.1937e-09
0.00519481
-4.12121e-09
0.00519481
-6.89265e-09
0.00519481
-8.82584e-09
0.00519482
-1.37577e-08
0.00519482
-1.88775e-08
0.00519483
-2.83702e-08
0.00519483
-4.02951e-08
0.00519484
-5.89581e-08
0.00519486
-8.40795e-08
0.00519488
-1.21855e-07
0.00519491
-1.75363e-07
0.00519495
-2.67636e-07
0.00519502
-4.07547e-07
0.00519513
-7.22562e-07
0.00519532
-1.23149e-06
0.00519584
-3.21504e-06
0.00519718
-7.96058e-06
0.00520188
-2.73254e-05
-5.34797e-05
0.00511254
-0.000627405
0.00517087
-0.000374224
0.00518615
-0.000107293
0.00518679
-3.25928e-06
0.00518584
7.23476e-06
0.00518632
-2.5504e-06
0.00518722
-6.2748e-06
0.00518833
-7.75275e-06
0.00518929
-6.84073e-06
0.00519013
-5.99144e-06
0.00519083
-5.01572e-06
0.00519142
-4.25592e-06
0.00519191
-3.58219e-06
0.00519233
-3.04288e-06
0.00519268
-2.59802e-06
0.00519299
-2.23558e-06
0.00519325
-1.93843e-06
0.00519348
-1.68482e-06
0.00519368
-1.4679e-06
0.00519385
-1.2787e-06
0.005194
-1.11397e-06
0.00519413
-9.65981e-07
0.00519424
-8.36633e-07
0.00519433
-7.20359e-07
0.00519441
-6.1817e-07
0.00519448
-5.26171e-07
0.00519454
-4.47868e-07
0.00519459
-3.77428e-07
0.00519463
-3.18572e-07
0.00519466
-2.64831e-07
0.00519469
-2.20654e-07
0.00519471
-1.81049e-07
0.00519473
-1.50303e-07
0.00519475
-1.22252e-07
0.00519476
-1.00633e-07
0.00519477
-7.97475e-08
0.00519478
-6.51722e-08
0.00519478
-5.05931e-08
0.00519479
-4.17436e-08
0.00519479
-3.17308e-08
0.00519479
-2.60944e-08
0.0051948
-1.86434e-08
0.0051948
-1.62687e-08
0.0051948
-1.14008e-08
0.0051948
-1.04006e-08
0.0051948
-7.22713e-09
0.0051948
-6.58689e-09
0.0051948
-3.48146e-09
0.0051948
-3.16901e-09
0.0051948
-9.80529e-10
0.0051948
-2.57054e-09
0.0051948
-9.66096e-10
0.0051948
-2.51195e-09
0.00519481
-1.0426e-09
0.00519481
-2.39115e-09
0.0051948
-1.26193e-09
0.00519481
-2.89094e-09
0.0051948
-1.34942e-09
0.0051948
-2.4455e-09
0.00519481
-5.67915e-10
0.00519481
-1.38895e-09
0.0051948
1.48858e-09
0.00519481
1.01701e-09
0.00519481
3.35715e-09
0.00519481
2.17266e-09
0.00519481
3.13507e-09
0.00519481
1.66601e-09
0.00519481
2.64741e-09
0.00519481
1.07191e-09
0.00519481
1.67209e-09
0.00519481
-9.79615e-11
0.00519481
-3.08623e-10
0.00519481
-2.52785e-09
0.00519481
-2.33369e-09
0.00519481
-3.64775e-09
0.00519481
-2.88827e-09
0.00519481
-3.74822e-09
0.00519481
-2.82539e-09
0.00519481
-4.02623e-09
0.00519481
-3.63811e-09
0.00519481
-4.92518e-09
0.00519481
-5.11098e-09
0.00519481
-8.18069e-09
0.00519481
-1.06512e-08
0.00519481
-1.62544e-08
0.00519482
-2.23976e-08
0.00519482
-3.31833e-08
0.00519483
-4.69871e-08
0.00519484
-6.81828e-08
0.00519485
-9.69583e-08
0.00519487
-1.4e-07
0.00519489
-2.00743e-07
0.00519493
-3.04449e-07
0.00519498
-4.60351e-07
0.00519507
-8.10823e-07
0.00519522
-1.38052e-06
0.00519564
-3.63395e-06
0.00519678
-9.09501e-06
0.00520086
-3.14048e-05
-6.16671e-05
0.00511811
-0.000745519
0.00517351
-0.000429622
0.00518706
-0.000120838
0.00518776
-3.96391e-06
0.00518695
8.04827e-06
0.00518745
-3.05758e-06
0.00518825
-7.07361e-06
0.00518923
-8.73204e-06
0.00519007
-7.68167e-06
0.00519081
-6.72705e-06
0.00519142
-5.62282e-06
0.00519193
-4.76692e-06
0.00519236
-4.00906e-06
0.00519272
-3.40376e-06
0.00519302
-2.90434e-06
0.00519328
-2.49754e-06
0.00519351
-2.16319e-06
0.0051937
-1.87885e-06
0.00519387
-1.63576e-06
0.00519402
-1.42386e-06
0.00519414
-1.23906e-06
0.00519425
-1.07338e-06
0.00519434
-9.28409e-07
0.00519442
-7.98749e-07
0.00519449
-6.85082e-07
0.00519454
-5.82959e-07
0.00519459
-4.95505e-07
0.00519463
-4.17116e-07
0.00519466
-3.51421e-07
0.00519469
-2.92145e-07
0.00519471
-2.43155e-07
0.00519473
-1.99609e-07
0.00519475
-1.65356e-07
0.00519476
-1.34457e-07
0.00519477
-1.10508e-07
0.00519478
-8.78343e-08
0.00519478
-7.16631e-08
0.00519479
-5.57305e-08
0.00519479
-4.55899e-08
0.00519479
-3.48441e-08
0.0051948
-2.87523e-08
0.0051948
-2.09715e-08
0.0051948
-1.79899e-08
0.0051948
-1.27667e-08
0.0051948
-1.13127e-08
0.0051948
-8.01904e-09
0.0051948
-7.23216e-09
0.0051948
-4.0965e-09
0.0051948
-3.59318e-09
0.0051948
-1.22498e-09
0.0051948
-2.70545e-09
0.0051948
-1.13011e-09
0.0051948
-2.56382e-09
0.0051948
-1.22642e-09
0.0051948
-2.49463e-09
0.0051948
-1.3422e-09
0.0051948
-2.84743e-09
0.0051948
-1.38523e-09
0.0051948
-2.4405e-09
0.0051948
-6.33963e-10
0.0051948
-1.44405e-09
0.0051948
1.36972e-09
0.0051948
9.68887e-10
0.0051948
3.18155e-09
0.0051948
2.11538e-09
0.0051948
3.02325e-09
0.0051948
1.53978e-09
0.0051948
2.40321e-09
0.0051948
8.56022e-10
0.0051948
1.43272e-09
0.0051948
-1.24898e-10
0.0051948
-2.06277e-10
0.0051948
-2.35267e-09
0.0051948
-2.28993e-09
0.0051948
-3.62113e-09
0.0051948
-2.95413e-09
0.0051948
-3.81552e-09
0.0051948
-2.94103e-09
0.00519481
-4.16865e-09
0.00519481
-4.04241e-09
0.00519481
-5.5465e-09
0.00519481
-5.97796e-09
0.00519481
-9.28698e-09
0.00519481
-1.22054e-08
0.00519481
-1.8364e-08
0.00519481
-2.5388e-08
0.00519482
-3.72827e-08
0.00519482
-5.26765e-08
0.00519483
-7.59862e-08
0.00519484
-1.07755e-07
0.00519486
-1.55012e-07
0.00519488
-2.21355e-07
0.00519491
-3.33223e-07
0.00519495
-4.99469e-07
0.00519501
-8.72139e-07
0.00519511
-1.48228e-06
0.00519542
-3.94053e-06
0.00519632
-9.99453e-06
0.00519966
-3.47467e-05
-6.84982e-05
0.00512494
-0.000870457
0.00517667
-0.000481352
0.00518815
-0.000132319
0.00518892
-4.73531e-06
0.00518826
8.71162e-06
0.00518877
-3.57463e-06
0.00518945
-7.74933e-06
0.00519028
-9.5618e-06
0.00519098
-8.38169e-06
0.00519159
-7.33875e-06
0.00519209
-6.12384e-06
0.00519251
-5.18711e-06
0.00519286
-4.35843e-06
0.00519316
-3.69807e-06
0.0051934
-3.15313e-06
0.00519362
-2.70938e-06
0.0051938
-2.34394e-06
0.00519395
-2.03399e-06
0.00519409
-1.76926e-06
0.0051942
-1.53873e-06
0.0051943
-1.33749e-06
0.00519438
-1.15731e-06
0.00519445
-9.99577e-07
0.00519452
-8.59078e-07
0.00519457
-7.36292e-07
0.00519461
-6.26267e-07
0.00519465
-5.31635e-07
0.00519468
-4.47005e-07
0.0051947
-3.75879e-07
0.00519472
-3.12362e-07
0.00519474
-2.59723e-07
0.00519475
-2.13204e-07
0.00519476
-1.76285e-07
0.00519477
-1.43215e-07
0.00519478
-1.17538e-07
0.00519478
-9.36198e-08
0.00519479
-7.62993e-08
0.00519479
-5.93919e-08
0.00519479
-4.82474e-08
0.00519479
-3.69502e-08
0.0051948
-3.05877e-08
0.0051948
-2.26916e-08
0.0051948
-1.92536e-08
0.0051948
-1.37765e-08
0.0051948
-1.19058e-08
0.0051948
-8.51412e-09
0.0051948
-7.60965e-09
0.0051948
-4.54199e-09
0.0051948
-3.97771e-09
0.0051948
-1.48052e-09
0.0051948
-2.82851e-09
0.0051948
-1.25805e-09
0.0051948
-2.55492e-09
0.0051948
-1.35827e-09
0.0051948
-2.59196e-09
0.0051948
-1.46105e-09
0.0051948
-2.83046e-09
0.0051948
-1.42879e-09
0.0051948
-2.43529e-09
0.0051948
-6.89808e-10
0.0051948
-1.48518e-09
0.0051948
1.2161e-09
0.0051948
8.59823e-10
0.0051948
2.944e-09
0.0051948
2.00518e-09
0.0051948
2.8924e-09
0.0051948
1.41144e-09
0.0051948
2.15677e-09
0.0051948
6.31746e-10
0.0051948
1.16138e-09
0.0051948
-1.93199e-10
0.0051948
-1.16697e-10
0.0051948
-2.13046e-09
0.0051948
-2.18472e-09
0.0051948
-3.54522e-09
0.0051948
-2.98949e-09
0.0051948
-3.87409e-09
0.0051948
-3.03963e-09
0.0051948
-4.22874e-09
0.0051948
-4.31205e-09
0.0051948
-6.02914e-09
0.0051948
-6.70198e-09
0.0051948
-1.01872e-08
0.00519481
-1.34589e-08
0.00519481
-2.00392e-08
0.00519481
-2.77699e-08
0.00519481
-4.0558e-08
0.00519482
-5.72182e-08
0.00519482
-8.21702e-08
0.00519483
-1.16209e-07
0.00519484
-1.66518e-07
0.00519486
-2.36692e-07
0.00519488
-3.53261e-07
0.0051949
-5.23919e-07
0.00519494
-9.04736e-07
0.00519499
-1.53339e-06
0.00519517
-4.1242e-06
0.00519581
-1.06321e-05
0.00519831
-3.72449e-05
-7.3758e-05
0.00513319
-0.00100365
0.00518037
-0.000528527
0.00518944
-0.00014139
0.00519027
-5.57177e-06
0.00518976
9.22351e-06
0.00519027
-4.08423e-06
0.0051908
-8.27887e-06
0.00519145
-1.0217e-05
0.00519199
-8.91923e-06
0.00519246
-7.80798e-06
0.00519284
-6.50355e-06
0.00519316
-5.50382e-06
0.00519342
-4.61978e-06
0.00519364
-3.91696e-06
0.00519382
-3.33692e-06
0.00519398
-2.86477e-06
0.00519411
-2.47531e-06
0.00519422
-2.14564e-06
0.00519432
-1.86437e-06
0.0051944
-1.61976e-06
0.00519447
-1.4062e-06
0.00519452
-1.21523e-06
0.00519457
-1.04803e-06
0.00519461
-8.99568e-07
0.00519465
-7.70229e-07
0.00519468
-6.54697e-07
0.0051947
-5.55091e-07
0.00519472
-4.66167e-07
0.00519473
-3.91231e-07
0.00519475
-3.24888e-07
0.00519476
-2.69863e-07
0.00519476
-2.21421e-07
0.00519477
-1.82746e-07
0.00519478
-1.48266e-07
0.00519478
-1.21496e-07
0.00519478
-9.69024e-08
0.00519478
-7.89177e-08
0.00519479
-6.14579e-08
0.00519479
-4.96552e-08
0.00519479
-3.80047e-08
0.00519479
-3.15363e-08
0.00519479
-2.37198e-08
0.00519479
-2.00038e-08
0.00519479
-1.44103e-08
0.00519479
-1.21992e-08
0.00519479
-8.72927e-09
0.00519479
-7.71716e-09
0.00519479
-4.77246e-09
0.00519479
-4.26323e-09
0.00519479
-1.71778e-09
0.00519479
-2.93456e-09
0.00519479
-1.35971e-09
0.00519479
-2.5009e-09
0.00519479
-1.4258e-09
0.00519479
-2.64921e-09
0.00519479
-1.57426e-09
0.00519479
-2.80875e-09
0.00519479
-1.45554e-09
0.00519479
-2.41665e-09
0.00519479
-7.2429e-10
0.00519479
-1.4902e-09
0.00519479
1.0613e-09
0.00519479
7.24762e-10
0.00519479
2.67043e-09
0.00519479
1.83946e-09
0.00519479
2.72366e-09
0.00519479
1.27718e-09
0.00519479
1.92826e-09
0.00519479
4.39753e-10
0.00519479
9.05014e-10
0.00519479
-2.8424e-10
0.00519479
-5.50063e-11
0.00519479
-1.88863e-09
0.00519479
-2.02395e-09
0.00519479
-3.40419e-09
0.00519479
-2.9667e-09
0.00519479
-3.90399e-09
0.00519479
-3.12103e-09
0.00519479
-4.22417e-09
0.00519479
-4.44934e-09
0.00519479
-6.35214e-09
0.00519479
-7.25161e-09
0.00519479
-1.08531e-08
0.00519479
-1.43801e-08
0.0051948
-2.12379e-08
0.0051948
-2.94732e-08
0.0051948
-4.29057e-08
0.0051948
-6.04725e-08
0.00519481
-8.65482e-08
0.00519481
-1.22082e-07
0.00519482
-1.74211e-07
0.00519483
-2.46367e-07
0.00519484
-3.6412e-07
0.00519485
-5.33238e-07
0.00519485
-9.0798e-07
0.00519485
-1.53247e-06
0.00519491
-4.1782e-06
0.00519526
-1.09862e-05
0.00519682
-3.88027e-05
-7.72385e-05
0.00514309
-0.00114674
0.00518464
-0.000570071
0.00519093
-0.00014768
0.00519182
-6.46143e-06
0.00519145
9.58821e-06
0.00519193
-4.5625e-06
0.00519229
-8.63774e-06
0.00519274
-1.06711e-05
0.0051931
-9.27233e-06
0.0051934
-8.11589e-06
0.00519365
-6.74673e-06
0.00519385
-5.70449e-06
0.00519401
-4.78281e-06
0.00519415
-4.05188e-06
0.00519426
-3.44856e-06
0.00519435
-2.95769e-06
0.00519443
-2.55227e-06
0.00519449
-2.20954e-06
0.00519454
-1.91742e-06
0.00519459
-1.66379e-06
0.00519462
-1.44251e-06
0.00519465
-1.24492e-06
0.00519468
-1.07194e-06
0.0051947
-9.1872e-07
0.00519471
-7.85607e-07
0.00519473
-6.6711e-07
0.00519474
-5.64912e-07
0.00519474
-4.7384e-07
0.00519475
-3.96908e-07
0.00519475
-3.29265e-07
0.00519476
-2.73199e-07
0.00519476
-2.23953e-07
0.00519476
-1.84488e-07
0.00519476
-1.49425e-07
0.00519476
-1.22235e-07
0.00519476
-9.75574e-08
0.00519476
-7.9415e-08
0.00519476
-6.18481e-08
0.00519476
-4.9766e-08
0.00519476
-3.7998e-08
0.00519476
-3.15749e-08
0.00519476
-2.39982e-08
0.00519476
-2.02018e-08
0.00519476
-1.46452e-08
0.00519476
-1.22073e-08
0.00519476
-8.68773e-09
0.00519476
-7.56786e-09
0.00519476
-4.76066e-09
0.00519476
-4.39149e-09
0.00519476
-1.89676e-09
0.00519476
-3.00486e-09
0.00519476
-1.43874e-09
0.00519476
-2.41474e-09
0.00519476
-1.41552e-09
0.00519476
-2.62869e-09
0.00519476
-1.62896e-09
0.00519476
-2.75228e-09
0.00519476
-1.44863e-09
0.00519476
-2.38046e-09
0.00519476
-7.30411e-10
0.00519476
-1.44011e-09
0.00519476
9.42783e-10
0.00519476
5.94906e-10
0.00519476
2.38273e-09
0.00519476
1.6145e-09
0.00519476
2.50601e-09
0.00519476
1.13461e-09
0.00519476
1.7372e-09
0.00519476
3.08399e-10
0.00519476
6.96895e-10
0.00519476
-3.86537e-10
0.00519476
-3.73339e-11
0.00519476
-1.65958e-09
0.00519476
-1.82414e-09
0.00519476
-3.19505e-09
0.00519476
-2.86434e-09
0.00519476
-3.88405e-09
0.00519476
-3.17772e-09
0.00519476
-4.17387e-09
0.00519476
-4.4658e-09
0.00519476
-6.50194e-09
0.00519476
-7.59675e-09
0.00519476
-1.12522e-08
0.00519476
-1.49348e-08
0.00519476
-2.1923e-08
0.00519476
-3.04406e-08
0.00519477
-4.42292e-08
0.00519477
-6.23051e-08
0.00519477
-8.89458e-08
0.00519477
-1.2516e-07
0.00519478
-1.77847e-07
0.00519478
-2.5011e-07
0.00519478
-3.65613e-07
0.00519478
-5.27499e-07
0.00519475
-8.82462e-07
0.0051947
-1.48031e-06
0.00519462
-4.10025e-06
0.00519468
-1.10418e-05
0.00519521
-3.93357e-05
-7.87409e-05
0.00515491
-0.00130165
0.0051895
-0.000604655
0.0051926
-0.000150786
0.00519352
-7.37746e-06
0.00519329
9.81385e-06
0.00519371
-4.97896e-06
0.00519387
-8.80035e-06
0.0051941
-1.08966e-05
0.00519424
-9.4186e-06
0.00519437
-8.24334e-06
0.00519446
-6.83814e-06
0.00519454
-5.77668e-06
0.00519459
-4.8375e-06
0.00519463
-4.09461e-06
0.00519467
-3.48125e-06
0.00519469
-2.98247e-06
0.00519471
-2.5701e-06
0.00519472
-2.22181e-06
0.00519473
-1.92515e-06
0.00519473
-1.66809e-06
0.00519473
-1.44411e-06
0.00519473
-1.24448e-06
0.00519473
-1.0698e-06
0.00519473
-9.15343e-07
0.00519472
-7.81465e-07
0.00519472
-6.62692e-07
0.00519472
-5.60417e-07
0.00519471
-4.69484e-07
0.00519471
-3.92521e-07
0.0051947
-3.25191e-07
0.0051947
-2.69487e-07
0.0051947
-2.20612e-07
0.00519469
-1.81368e-07
0.00519469
-1.46612e-07
0.00519469
-1.19716e-07
0.00519469
-9.55526e-08
0.00519468
-7.77512e-08
0.00519468
-6.05311e-08
0.00519468
-4.85649e-08
0.00519468
-3.69352e-08
0.00519468
-3.07125e-08
0.00519468
-2.35122e-08
0.00519468
-1.98206e-08
0.00519468
-1.4451e-08
0.00519468
-1.1925e-08
0.00519468
-8.41158e-09
0.00519467
-7.19341e-09
0.00519467
-4.51609e-09
0.00519467
-4.33017e-09
0.00519467
-1.97918e-09
0.00519467
-3.01008e-09
0.00519467
-1.475e-09
0.00519467
-2.2971e-09
0.00519467
-1.31082e-09
0.00519467
-2.50669e-09
0.00519467
-1.57769e-09
0.00519467
-2.64047e-09
0.00519467
-1.38725e-09
0.00519467
-2.32355e-09
0.00519467
-7.00643e-10
0.00519467
-1.33513e-09
0.00519467
8.81281e-10
0.00519467
4.93316e-10
0.00519467
2.09455e-09
0.00519467
1.35001e-09
0.00519467
2.24339e-09
0.00519467
9.86503e-10
0.00519467
1.58554e-09
0.00519467
2.40038e-10
0.00519467
5.49951e-10
0.00519467
-4.90378e-10
0.00519467
-6.08783e-11
0.00519467
-1.46963e-09
0.00519467
-1.60564e-09
0.00519467
-2.93012e-09
0.00519467
-2.67318e-09
0.00519467
-3.79187e-09
0.00519467
-3.19052e-09
0.00519467
-4.0861e-09
0.00519467
-4.37499e-09
0.00519467
-6.47183e-09
0.00519467
-7.7101e-09
0.00519467
-1.13528e-08
0.00519467
-1.50895e-08
0.00519467
-2.20653e-08
0.00519467
-3.06162e-08
0.00519467
-4.44372e-08
0.00519467
-6.25887e-08
0.00519467
-8.92035e-08
0.00519467
-1.25256e-07
0.00519467
-1.77234e-07
0.00519467
-2.47763e-07
0.00519466
-3.57795e-07
0.00519464
-5.07304e-07
0.00519459
-8.30038e-07
0.00519449
-1.38006e-06
0.00519428
-3.89316e-06
0.00519403
-1.07911e-05
0.00519347
-3.87752e-05
-7.80789e-05
0.00516894
-0.0014706
0.0051949
-0.000630612
0.00519437
-0.000150258
0.00519526
-8.27183e-06
0.00519517
9.90896e-06
0.00519549
-5.29683e-06
0.00519543
-8.74055e-06
0.0051954
-1.08643e-05
0.00519531
-9.33529e-06
0.00519524
-8.171e-06
0.00519516
-6.76262e-06
0.0051951
-5.70815e-06
0.00519503
-4.77408e-06
0.00519498
-4.03723e-06
0.00519492
-3.42853e-06
0.00519487
-2.93378e-06
0.00519483
-2.52449e-06
0.00519479
-2.17898e-06
0.00519475
-1.88478e-06
0.00519471
-1.63041e-06
0.00519467
-1.40914e-06
0.00519464
-1.21241e-06
0.00519461
-1.04043e-06
0.00519458
-8.88563e-07
0.00519456
-7.57177e-07
0.00519454
-6.40964e-07
0.00519452
-5.41218e-07
0.0051945
-4.52817e-07
0.00519449
-3.77877e-07
0.00519448
-3.12538e-07
0.00519447
-2.58625e-07
0.00519446
-2.11353e-07
0.00519445
-1.73377e-07
0.00519444
-1.39871e-07
0.00519444
-1.13993e-07
0.00519443
-9.09328e-08
0.00519443
-7.39435e-08
0.00519442
-5.75223e-08
0.00519442
-4.60808e-08
0.00519442
-3.48947e-08
0.00519442
-2.89976e-08
0.00519442
-2.22769e-08
0.00519441
-1.88346e-08
0.00519441
-1.37911e-08
0.00519441
-1.13363e-08
0.00519441
-7.91782e-09
0.00519441
-6.6567e-09
0.00519441
-4.07406e-09
0.00519441
-4.08027e-09
0.00519441
-1.94362e-09
0.00519441
-2.90747e-09
0.00519441
-1.44088e-09
0.00519441
-2.13101e-09
0.00519441
-1.12344e-09
0.00519441
-2.26779e-09
0.00519441
-1.40844e-09
0.00519441
-2.43563e-09
0.00519441
-1.26402e-09
0.00519441
-2.21869e-09
0.00519441
-6.44549e-10
0.00519441
-1.18325e-09
0.00519441
8.6799e-10
0.00519441
4.28137e-10
0.00519441
1.84215e-09
0.00519441
1.08466e-09
0.00519441
1.9651e-09
0.00519441
8.33761e-10
0.00519441
1.4514e-09
0.00519441
2.22485e-10
0.00519441
4.6253e-10
0.00519441
-5.60991e-10
0.00519441
-1.10308e-10
0.00519441
-1.31715e-09
0.00519441
-1.38884e-09
0.00519441
-2.62568e-09
0.00519441
-2.39888e-09
0.00519441
-3.60135e-09
0.00519441
-3.1333e-09
0.00519441
-3.95258e-09
0.00519441
-4.18536e-09
0.00519441
-6.25748e-09
0.00519441
-7.57134e-09
0.00519441
-1.11361e-08
0.00519441
-1.48131e-08
0.00519441
-2.16365e-08
0.00519441
-2.99593e-08
0.00519441
-4.34649e-08
0.0051944
-6.12167e-08
0.0051944
-8.71875e-08
0.0051944
-1.22221e-07
0.00519439
-1.72234e-07
0.00519439
-2.39264e-07
0.00519437
-3.40947e-07
0.00519434
-4.73765e-07
0.00519426
-7.53833e-07
0.00519412
-1.23734e-06
0.00519379
-3.56536e-06
0.00519323
-1.02341e-05
0.00519153
-3.7074e-05
-7.5084e-05
0.00518538
-0.00165598
0.00520057
-0.000645795
0.0051959
-0.000145589
0.00519669
-9.0686e-06
0.00519673
9.87639e-06
0.0051969
-5.47409e-06
0.0051966
-8.43257e-06
0.00519628
-1.05441e-05
0.00519594
-8.99961e-06
0.00519565
-7.87959e-06
0.00519539
-6.50532e-06
0.00519517
-5.48696e-06
0.00519498
-4.58316e-06
0.00519482
-3.87221e-06
0.00519467
-3.28438e-06
0.00519454
-2.8068e-06
0.00519443
-2.41153e-06
0.00519433
-2.07804e-06
0.00519424
-1.794e-06
0.00519416
-1.54897e-06
0.00519409
-1.33623e-06
0.00519402
-1.14766e-06
0.00519396
-9.83088e-07
0.00519391
-8.37892e-07
0.00519387
-7.12486e-07
0.00519383
-6.01852e-07
0.0051938
-5.07317e-07
0.00519377
-4.23843e-07
0.00519374
-3.52994e-07
0.00519372
-2.91369e-07
0.0051937
-2.4068e-07
0.00519369
-1.96294e-07
0.00519368
-1.60653e-07
0.00519366
-1.29352e-07
0.00519366
-1.05204e-07
0.00519365
-8.3807e-08
0.00519364
-6.8075e-08
0.00519364
-5.28796e-08
0.00519363
-4.23718e-08
0.00519363
-3.19451e-08
0.00519363
-2.65068e-08
0.00519363
-2.02972e-08
0.00519362
-1.72408e-08
0.00519362
-1.26574e-08
0.00519362
-1.0413e-08
0.00519362
-7.23888e-09
0.00519362
-5.99424e-09
0.00519362
-3.52863e-09
0.00519362
-3.66621e-09
0.00519362
-1.77726e-09
0.00519362
-2.66405e-09
0.00519362
-1.3062e-09
0.00519362
-1.90617e-09
0.00519362
-8.79741e-10
0.00519362
-1.92967e-09
0.00519362
-1.12919e-09
0.00519362
-2.12041e-09
0.00519362
-1.06881e-09
0.00519362
-2.04707e-09
0.00519362
-5.7176e-10
0.00519362
-1.01149e-09
0.00519362
8.77719e-10
0.00519362
4.0645e-10
0.00519362
1.64417e-09
0.00519362
8.65205e-10
0.00519362
1.69347e-09
0.00519362
6.77733e-10
0.00519362
1.30375e-09
0.00519362
2.33253e-10
0.00519362
4.32421e-10
0.00519362
-5.65889e-10
0.00519362
-1.50249e-10
0.00519362
-1.18664e-09
0.00519362
-1.18248e-09
0.00519362
-2.29671e-09
0.00519362
-2.05821e-09
0.00519362
-3.2937e-09
0.00519362
-2.97827e-09
0.00519362
-3.74854e-09
0.00519362
-3.90624e-09
0.00519362
-5.86559e-09
0.00519362
-7.18318e-09
0.00519361
-1.05779e-08
0.00519361
-1.40856e-08
0.00519361
-2.05438e-08
0.00519361
-2.84399e-08
0.00519361
-4.12718e-08
0.00519361
-5.81148e-08
0.0051936
-8.28054e-08
0.0051936
-1.15946e-07
0.00519359
-1.6276e-07
0.00519357
-2.24637e-07
0.00519355
-3.15541e-07
0.0051935
-4.2847e-07
0.00519341
-6.58231e-07
0.00519323
-1.06039e-06
0.00519279
-3.13157e-06
0.00519194
-9.37972e-06
0.00518908
-3.4214e-05
-6.96157e-05
0.00520397
-0.00185995
0.00520552
-0.000647342
0.00519614
-0.00013621
0.00519673
-9.6586e-06
0.0051969
9.7033e-06
0.00519689
-5.4658e-06
0.00519631
-7.85267e-06
0.00519567
-9.90514e-06
0.00519506
-8.38947e-06
0.00519453
-7.35038e-06
0.00519408
-6.0521e-06
0.00519369
-5.10177e-06
0.00519337
-4.25593e-06
0.00519309
-3.59271e-06
0.00519285
-3.04343e-06
0.00519264
-2.59724e-06
0.00519245
-2.22789e-06
0.00519229
-1.91646e-06
0.00519215
-1.651e-06
0.00519202
-1.42253e-06
0.00519191
-1.22453e-06
0.00519181
-1.04967e-06
0.00519173
-8.97405e-07
0.00519165
-7.63186e-07
0.00519159
-6.47453e-07
0.00519153
-5.45568e-07
0.00519149
-4.58988e-07
0.00519144
-3.82869e-07
0.00519141
-3.18124e-07
0.00519138
-2.61957e-07
0.00519136
-2.15924e-07
0.00519133
-1.7572e-07
0.00519132
-1.43473e-07
0.0051913
-1.15302e-07
0.00519129
-9.35612e-08
0.00519128
-7.43559e-08
0.00519127
-6.03111e-08
0.00519127
-4.67422e-08
0.00519126
-3.74681e-08
0.00519126
-2.8168e-08
0.00519126
-2.33247e-08
0.00519125
-1.77152e-08
0.00519125
-1.5088e-08
0.00519125
-1.10859e-08
0.00519125
-9.16155e-09
0.00519125
-6.38926e-09
0.00519125
-5.24155e-09
0.00519124
-2.93715e-09
0.00519124
-3.1277e-09
0.00519124
-1.49224e-09
0.00519124
-2.2791e-09
0.00519124
-1.07445e-09
0.00519124
-1.62996e-09
0.00519124
-6.24336e-10
0.00519124
-1.53598e-09
0.00519124
-7.84689e-10
0.00519124
-1.71357e-09
0.00519124
-8.1349e-10
0.00519124
-1.80779e-09
0.00519124
-4.95321e-10
0.00519124
-8.48426e-10
0.00519124
8.7737e-10
0.00519124
4.15643e-10
0.00519124
1.49142e-09
0.00519124
7.08497e-10
0.00519124
1.4348e-09
0.00519124
5.17278e-10
0.00519124
1.12179e-09
0.00519124
2.51587e-10
0.00519124
4.42273e-10
0.00519124
-4.92907e-10
0.00519124
-1.53729e-10
0.00519124
-1.05488e-09
0.00519124
-9.84042e-10
0.00519124
-1.9526e-09
0.00519124
-1.67914e-09
0.00519124
-2.86968e-09
0.00519124
-2.70716e-09
0.00519124
-3.44262e-09
0.00519124
-3.52966e-09
0.00519124
-5.30091e-09
0.00519124
-6.55196e-09
0.00519124
-9.67437e-09
0.00519124
-1.28913e-08
0.00519123
-1.88261e-08
0.00519123
-2.60344e-08
0.00519123
-3.77321e-08
0.00519122
-5.32757e-08
0.00519122
-7.60101e-08
0.00519121
-1.06359e-07
0.00519119
-1.48772e-07
0.00519117
-2.03975e-07
0.00519114
-2.82192e-07
0.00519109
-3.73413e-07
0.00519098
-5.48716e-07
0.00519078
-8.60108e-07
0.00519026
-2.61385e-06
0.00518913
-8.24666e-06
0.00518513
-3.02179e-05
-6.15786e-05
0.00522263
-0.00208258
0.0052066
-0.000631319
0.0051919
-0.000121504
0.00519213
-9.89659e-06
0.00519249
9.34585e-06
0.00519225
-5.22831e-06
0.00519138
-6.98233e-06
0.0051904
-8.91783e-06
0.00518949
-7.48547e-06
0.00518871
-6.56641e-06
0.00518805
-5.39065e-06
0.00518749
-4.54262e-06
0.00518702
-3.78476e-06
0.00518662
-3.19293e-06
0.00518628
-2.70124e-06
0.00518598
-2.30163e-06
0.00518572
-1.97096e-06
0.0051855
-1.6924e-06
0.0051853
-1.45466e-06
0.00518513
-1.25047e-06
0.00518498
-1.07383e-06
0.00518485
-9.18465e-07
0.00518474
-7.83592e-07
0.00518464
-6.64805e-07
0.00518455
-5.62561e-07
0.00518448
-4.72698e-07
0.00518442
-3.96823e-07
0.00518437
-3.30467e-07
0.00518432
-2.73791e-07
0.00518428
-2.2483e-07
0.00518425
-1.8485e-07
0.00518423
-1.50078e-07
0.00518421
-1.22244e-07
0.00518419
-9.80707e-08
0.00518417
-7.93711e-08
0.00518416
-6.28532e-08
0.00518415
-5.08781e-08
0.00518415
-3.93012e-08
0.00518414
-3.15774e-08
0.00518414
-2.36726e-08
0.00518413
-1.9557e-08
0.00518413
-1.46754e-08
0.00518413
-1.24924e-08
0.00518412
-9.16022e-09
0.00518412
-7.61986e-09
0.00518412
-5.36273e-09
0.00518412
-4.40679e-09
0.00518412
-2.32907e-09
0.00518412
-2.51234e-09
0.00518412
-1.13539e-09
0.00518412
-1.79703e-09
0.00518412
-7.81869e-10
0.00518412
-1.3281e-09
0.00518412
-4.09648e-10
0.00518412
-1.1548e-09
0.00518412
-4.58378e-10
0.00518412
-1.27841e-09
0.00518412
-5.38688e-10
0.00518412
-1.51209e-09
0.00518412
-4.18004e-10
0.00518412
-7.09744e-10
0.00518412
8.23447e-10
0.00518412
4.10763e-10
0.00518412
1.3376e-09
0.00518412
5.94205e-10
0.00518412
1.18266e-09
0.00518412
3.55155e-10
0.00518412
8.89689e-10
0.00518412
2.42192e-10
0.00518412
4.55786e-10
0.00518412
-3.55104e-10
0.00518412
-1.09512e-10
0.00518412
-9.06263e-10
0.00518412
-7.92745e-10
0.00518412
-1.60802e-09
0.00518412
-1.29336e-09
0.00518411
-2.34512e-09
0.00518411
-2.3155e-09
0.00518411
-3.0158e-09
0.00518411
-3.04407e-09
0.00518411
-4.56575e-09
0.00518411
-5.67935e-09
0.00518411
-8.4287e-09
0.00518411
-1.12474e-08
0.00518411
-1.64803e-08
0.0051841
-2.27183e-08
0.0051841
-3.29845e-08
0.00518409
-4.66956e-08
0.00518408
-6.67727e-08
0.00518407
-9.34131e-08
0.00518405
-1.30261e-07
0.00518402
-1.77418e-07
0.00518398
-2.41555e-07
0.00518392
-3.10724e-07
0.0051838
-4.31507e-07
0.00518359
-6.49594e-07
0.00518302
-2.04341e-06
0.00518164
-6.86768e-06
0.0051766
-2.51729e-05
-5.09457e-05
0.00523333
-0.00231591
0.00519424
-0.000592231
0.0051736
-0.000100866
0.0051733
-9.59124e-06
0.00517394
8.70693e-06
0.00517343
-4.72258e-06
0.00517226
-5.81406e-06
0.0051709
-7.5592e-06
0.0051697
-6.27558e-06
0.00516865
-5.51627e-06
0.00516777
-4.51343e-06
0.00516703
-3.80324e-06
0.00516641
-3.16477e-06
0.00516589
-2.66915e-06
0.00516544
-2.25504e-06
0.00516506
-1.91809e-06
0.00516473
-1.63966e-06
0.00516444
-1.40531e-06
0.00516419
-1.205e-06
0.00516397
-1.03323e-06
0.00516378
-8.84955e-07
0.00516362
-7.55048e-07
0.00516348
-6.42685e-07
0.00516336
-5.43834e-07
0.00516325
-4.58917e-07
0.00516317
-3.84437e-07
0.00516309
-3.21778e-07
0.00516303
-2.67288e-07
0.00516298
-2.20949e-07
0.00516293
-1.80829e-07
0.0051629
-1.48229e-07
0.00516287
-1.20039e-07
0.00516284
-9.75459e-08
0.00516282
-7.81311e-08
0.0051628
-6.30436e-08
0.00516279
-4.96695e-08
0.00516278
-4.00962e-08
0.00516277
-3.08459e-08
0.00516276
-2.48909e-08
0.00516276
-1.86507e-08
0.00516275
-1.53808e-08
0.00516275
-1.13414e-08
0.00516275
-9.61067e-09
0.00516275
-7.00141e-09
0.00516274
-5.85399e-09
0.00516274
-4.16788e-09
0.00516274
-3.48913e-09
0.00516274
-1.71944e-09
0.00516274
-1.86983e-09
0.00516274
-7.69908e-10
0.00516274
-1.28158e-09
0.00516274
-4.83195e-10
0.00516274
-1.03119e-09
0.00516274
-2.69664e-10
0.00516274
-8.35082e-10
0.00516274
-2.2035e-10
0.00516274
-8.81199e-10
0.00516274
-2.83569e-10
0.00516274
-1.17853e-09
0.00516274
-3.44477e-10
0.00516274
-5.97738e-10
0.00516274
6.98431e-10
0.00516274
3.58543e-10
0.00516274
1.14201e-09
0.00516274
4.93811e-10
0.00516274
9.2238e-10
0.00516274
1.94734e-10
0.00516274
6.26126e-10
0.00516274
2.03245e-10
0.00516274
4.45122e-10
0.00516274
-1.87482e-10
0.00516274
-3.32812e-11
0.00516274
-7.39189e-10
0.00516274
-6.03105e-10
0.00516274
-1.26177e-09
0.00516274
-9.29719e-10
0.00516274
-1.76076e-09
0.00516274
-1.82751e-09
0.00516274
-2.4658e-09
0.00516274
-2.4395e-09
0.00516273
-3.66992e-09
0.00516273
-4.58898e-09
0.00516273
-6.8657e-09
0.00516273
-9.18748e-09
0.00516273
-1.35341e-08
0.00516272
-1.86276e-08
0.00516272
-2.70749e-08
0.00516271
-3.84421e-08
0.0051627
-5.5125e-08
0.00516268
-7.71266e-08
0.00516266
-1.0729e-07
0.00516262
-1.452e-07
0.00516258
-1.94502e-07
0.00516251
-2.42136e-07
0.00516239
-3.13245e-07
0.00516218
-4.42484e-07
0.0051616
-1.45932e-06
0.00516003
-5.30103e-06
0.00515415
-1.9289e-05
-3.78146e-05
0.00520996
-0.00252586
0.00513965
-0.000521927
0.00511259
-7.38054e-05
0.00511148
-8.47625e-06
0.00511258
7.60177e-06
0.00511177
-3.91056e-06
0.00511032
-4.36532e-06
0.00510859
-5.82924e-06
0.00510708
-4.76522e-06
0.00510577
-4.20448e-06
0.00510468
-3.42498e-06
0.00510377
-2.88783e-06
0.005103
-2.39946e-06
0.00510235
-2.02234e-06
0.00510181
-1.70621e-06
0.00510134
-1.44956e-06
0.00510093
-1.23689e-06
0.00510059
-1.05804e-06
0.00510029
-9.04914e-07
0.00510003
-7.73742e-07
0.0050998
-6.60818e-07
0.00509961
-5.62261e-07
0.00509945
-4.77322e-07
0.0050993
-4.02727e-07
0.00509918
-3.38766e-07
0.00509908
-2.82864e-07
0.005099
-2.35981e-07
0.00509893
-1.95474e-07
0.00509887
-1.61104e-07
0.00509882
-1.31273e-07
0.00509878
-1.07227e-07
0.00509874
-8.66171e-08
0.00509872
-7.02406e-08
0.00509869
-5.6168e-08
0.00509867
-4.51341e-08
0.00509866
-3.52898e-08
0.00509865
-2.83857e-08
0.00509864
-2.17653e-08
0.00509863
-1.7698e-08
0.00509863
-1.33059e-08
0.00509862
-1.0933e-08
0.00509862
-7.8664e-09
0.00509862
-6.56269e-09
0.00509861
-4.72971e-09
0.00509861
-3.95622e-09
0.00509861
-2.83192e-09
0.00509861
-2.49114e-09
0.00509861
-1.12304e-09
0.00509861
-1.22821e-09
0.00509861
-4.5212e-10
0.00509861
-8.02402e-10
0.00509861
-2.7849e-10
0.00509861
-7.98396e-10
0.00509861
-2.5216e-10
0.00509861
-6.13603e-10
0.00509861
-1.2499e-10
0.0050986
-5.70349e-10
0.00509861
-1.16817e-10
0.0050986
-8.49489e-10
0.0050986
-2.90662e-10
0.0050986
-4.90543e-10
0.0050986
4.94413e-10
0.0050986
2.50823e-10
0.0050986
8.81798e-10
0.0050986
3.84546e-10
0.0050986
6.2161e-10
0.0050986
3.13308e-11
0.0050986
3.47049e-10
0.0050986
1.39758e-10
0.0050986
3.76278e-10
0.0050986
-3.67595e-11
0.0050986
1.61258e-11
0.0050986
-5.95503e-10
0.0050986
-4.31443e-10
0.0050986
-8.96861e-10
0.0050986
-6.14429e-10
0.0050986
-1.15856e-09
0.0050986
-1.27332e-09
0.0050986
-1.80815e-09
0.0050986
-1.7208e-09
0.0050986
-2.61444e-09
0.0050986
-3.3213e-09
0.0050986
-5.0534e-09
0.00509859
-6.80878e-09
0.00509859
-1.00704e-08
0.00509859
-1.38767e-08
0.00509858
-2.01326e-08
0.00509857
-2.86855e-08
0.00509856
-4.12733e-08
0.00509854
-5.77171e-08
0.00509851
-8.01503e-08
0.00509847
-1.07814e-07
0.00509842
-1.42086e-07
0.00509835
-1.70914e-07
0.00509824
-2.01809e-07
0.00509805
-2.57493e-07
0.00509749
-8.91691e-07
0.00509583
-3.6479e-06
0.00508957
-1.30251e-05
-2.27389e-05
0.00507208
-0.00259794
0.00495552
-0.000405372
0.00492286
-4.11442e-05
0.00492062
-6.23764e-06
0.00492247
5.7489e-06
0.00492134
-2.77935e-06
0.00491969
-2.71149e-06
0.00491763
-3.76839e-06
0.00491588
-3.01281e-06
0.00491435
-2.67445e-06
0.00491309
-2.16547e-06
0.00491203
-1.828e-06
0.00491114
-1.51591e-06
0.0049104
-1.27756e-06
0.00490977
-1.07578e-06
0.00490923
-9.12792e-07
0.00490877
-7.77369e-07
0.00490838
-6.63605e-07
0.00490804
-5.65944e-07
0.00490775
-4.82422e-07
0.0049075
-4.1075e-07
0.00490728
-3.48414e-07
0.0049071
-2.94909e-07
0.00490695
-2.47936e-07
0.00490682
-2.07815e-07
0.00490671
-1.72908e-07
0.00490661
-1.43746e-07
0.00490654
-1.18708e-07
0.00490647
-9.74867e-08
0.00490642
-7.89369e-08
0.00490638
-6.42096e-08
0.00490634
-5.17534e-08
0.00490632
-4.18619e-08
0.00490629
-3.34391e-08
0.00490627
-2.67237e-08
0.00490626
-2.06477e-08
0.00490625
-1.65376e-08
0.00490624
-1.26376e-08
0.00490623
-1.04065e-08
0.00490623
-7.86592e-09
0.00490622
-6.46419e-09
0.00490622
-4.45741e-09
0.00490622
-3.661e-09
0.00490621
-2.5992e-09
0.00490621
-2.15398e-09
0.00490621
-1.5234e-09
0.00490621
-1.48884e-09
0.00490621
-5.68312e-10
0.00490621
-6.3805e-10
0.00490621
-2.14099e-10
0.00490621
-3.93008e-10
0.00490621
-1.05252e-10
0.00490621
-5.63215e-10
0.00490621
-2.28642e-10
0.00490621
-3.96135e-10
0.00490621
-6.6751e-11
0.0049062
-3.19207e-10
0.0049062
1.35103e-11
0.0049062
-5.07599e-10
0.0049062
-1.9574e-10
0.0049062
-3.3655e-10
0.0049062
3.09654e-10
0.0049062
1.24342e-10
0.0049062
5.78346e-10
0.0049062
2.541e-10
0.0049062
3.29333e-10
0.0049062
-8.56304e-11
0.0049062
1.11898e-10
0.0049062
7.94224e-11
0.0049062
2.58367e-10
0.0049062
5.06465e-11
0.0049062
5.19297e-11
0.0049062
-4.39798e-10
0.0049062
-2.515e-10
0.0049062
-5.29834e-10
0.0049062
-3.46432e-10
0.0049062
-6.17868e-10
0.0049062
-7.28359e-10
0.0049062
-1.11273e-09
0.0049062
-9.74086e-10
0.0049062
-1.51164e-09
0.0049062
-1.95416e-09
0.0049062
-3.08517e-09
0.00490619
-4.19473e-09
0.00490619
-6.22809e-09
0.00490618
-8.63032e-09
0.00490618
-1.2475e-08
0.00490617
-1.78138e-08
0.00490615
-2.57804e-08
0.00490613
-3.59725e-08
0.0049061
-4.99073e-08
0.00490606
-6.67656e-08
0.004906
-8.66039e-08
0.00490593
-1.00615e-07
0.00490584
-1.05447e-07
0.00490569
-1.11777e-07
0.00490522
-4.17518e-07
0.0049036
-2.02807e-06
0.00489775
-7.18221e-06
-7.91e-06
0.00456769
-0.00216563
0.00437543
-0.00021311
0.00434663
-1.23486e-05
0.00434289
-2.49113e-06
0.00434591
2.72428e-06
0.0043444
-1.26499e-06
0.00434278
-1.09616e-06
0.00434058
-1.56935e-06
0.00433879
-1.22429e-06
0.00433721
-1.09174e-06
0.00433592
-8.7771e-07
0.00433484
-7.41307e-07
0.00433393
-6.13194e-07
0.00433317
-5.15903e-07
0.00433253
-4.33841e-07
0.00433199
-3.67637e-07
0.00433152
-3.12367e-07
0.00433112
-2.65998e-07
0.00433078
-2.25947e-07
0.00433049
-1.91883e-07
0.00433024
-1.62793e-07
0.00433003
-1.37617e-07
0.00432985
-1.1607e-07
0.0043297
-9.70777e-08
0.00432958
-8.09792e-08
0.00432947
-6.7124e-08
0.00432938
-5.5574e-08
0.00432931
-4.56979e-08
0.00432925
-3.735e-08
0.0043292
-2.98478e-08
0.00432916
-2.4151e-08
0.00432913
-1.95034e-08
0.0043291
-1.56934e-08
0.00432908
-1.25584e-08
0.00432907
-9.88951e-09
0.00432905
-7.43538e-09
0.00432904
-5.91799e-09
0.00432903
-4.55928e-09
0.00432903
-3.85041e-09
0.00432902
-2.94726e-09
0.00432902
-2.42692e-09
0.00432902
-1.49295e-09
0.00432901
-1.20415e-09
0.00432901
-8.62634e-10
0.00432901
-6.84848e-10
0.00432901
-4.44606e-10
0.00432901
-5.88081e-10
0.00432901
-1.24802e-10
0.00432901
-1.40144e-10
0.00432901
-8.22859e-11
0.00432901
-1.00149e-10
0.00432901
-4.11321e-11
0.004329
-3.52835e-10
0.004329
-1.99e-10
0.004329
-1.59649e-10
0.004329
-7.88156e-12
0.004329
-8.8404e-11
0.004329
9.21718e-11
0.004329
-1.82658e-10
0.004329
-9.39252e-11
0.004329
-1.36943e-10
0.004329
1.52115e-10
0.004329
1.15676e-11
0.004329
2.26715e-10
0.004329
7.07477e-11
0.004329
3.95558e-12
0.004329
-1.90046e-10
0.004329
-8.96995e-11
0.004329
2.62685e-11
0.004329
9.80646e-11
0.004329
6.82728e-11
0.004329
4.93666e-11
0.004329
-2.70685e-10
0.004329
-8.22795e-11
0.004329
-1.6984e-10
0.004329
-1.39022e-10
0.004329
-1.94009e-10
0.004329
-2.69271e-10
0.004329
-4.50005e-10
0.004329
-2.98309e-10
0.004329
-4.93253e-10
0.004329
-6.91713e-10
0.004329
-1.23007e-09
0.00432899
-1.70719e-09
0.00432899
-2.47223e-09
0.00432899
-3.49631e-09
0.00432898
-4.97457e-09
0.00432897
-7.0899e-09
0.00432895
-1.0413e-08
0.00432893
-1.43562e-08
0.0043289
-1.98889e-08
0.00432886
-2.6454e-08
0.00432881
-3.37235e-08
0.00432874
-3.77869e-08
0.00432867
-3.36608e-08
0.00432858
-2.28004e-08
0.00432827
-1.01681e-07
0.00432694
-6.95926e-07
0.00432236
-2.60234e-06
1.19025e-06
0.00283437
0.00262126
0.00260891
0.00260642
0.00260914
0.00260788
0.00260678
0.00260521
0.00260399
0.0026029
0.00260202
0.00260128
0.00260067
0.00260015
0.00259972
0.00259935
0.00259904
0.00259877
0.00259854
0.00259835
0.00259819
0.00259805
0.00259793
0.00259784
0.00259776
0.00259769
0.00259763
0.00259759
0.00259755
0.00259752
0.0025975
0.00259748
0.00259746
0.00259745
0.00259744
0.00259743
0.00259742
0.00259742
0.00259742
0.00259741
0.00259741
0.00259741
0.00259741
0.00259741
0.00259741
0.00259741
0.0025974
0.0025974
0.0025974
0.0025974
0.0025974
0.0025974
0.0025974
0.0025974
0.0025974
0.0025974
0.0025974
0.0025974
0.0025974
0.0025974
0.0025974
0.0025974
0.0025974
0.0025974
0.0025974
0.0025974
0.0025974
0.0025974
0.0025974
0.0025974
0.0025974
0.0025974
0.0025974
0.0025974
0.0025974
0.0025974
0.0025974
0.0025974
0.0025974
0.0025974
0.0025974
0.0025974
0.0025974
0.0025974
0.00259739
0.00259739
0.00259739
0.00259738
0.00259737
0.00259735
0.00259733
0.00259731
0.00259727
0.00259724
0.0025972
0.00259718
0.00259708
0.00259638
0.00259378
)
;

boundaryField
{
    inlet
    {
        type            calculated;
        value           nonuniform List<scalar> 
40
(
-0.005
-0.005
-0.005
-0.005
-0.005
-0.005
-0.005
-0.005
-0.005
-0.005
-0.005
-0.005
-0.005
-0.005
-0.005
-0.005
-0.005
-0.005
-0.005
-0.005
-0.005
-0.005
-0.005
-0.005
-0.005
-0.005
-0.005
-0.005
-0.005
-0.005
-0.005
-0.005
-0.005
-0.005
-0.005
-0.005
-0.005
-0.005
-0.005
-0.005
)
;
    }
    outlet
    {
        type            calculated;
        value           nonuniform List<scalar> 
40
(
0.00259497
0.00431326
0.00488292
0.00507449
0.00514102
0.00516597
0.00517709
0.00518361
0.00518854
0.00519281
0.00519671
0.0052003
0.00520357
0.00520649
0.00520904
0.0052112
0.00521295
0.00521428
0.00521517
0.00521561
0.00521561
0.00521517
0.00521428
0.00521295
0.0052112
0.00520904
0.00520649
0.00520357
0.0052003
0.00519671
0.00519281
0.00518854
0.00518361
0.00517709
0.00516597
0.00514102
0.00507449
0.00488293
0.00431326
0.00259497
)
;
    }
    lowerWall
    {
        type            calculated;
        value           uniform 0;
    }
    upperWall
    {
        type            calculated;
        value           uniform 0;
    }
    frontAndBack
    {
        type            empty;
        value           nonuniform 0();
    }
}


// ************************************************************************* //
