/*--------------------------------*- C++ -*----------------------------------*\
| =========                 |                                                 |
| \\      /  F ield         | OpenFOAM: The Open Source CFD Toolbox           |
|  \\    /   O peration     | Version:  v1906                                 |
|   \\  /    A nd           | Web:      www.OpenFOAM.com                      |
|    \\/     M anipulation  |                                                 |
\*---------------------------------------------------------------------------*/
FoamFile
{
    version     2.0;
    format      ascii;
    class       surfaceScalarField;
    location    "1.5";
    object      phiB;
}
// * * * * * * * * * * * * * * * * * * * * * * * * * * * * * * * * * * * * * //

dimensions      [1 2 -2 0 0 -1 0];
oriented        oriented;


internalField   nonuniform List<scalar> 
7860
(
0.00180393
0.399584
0.0021269
0.399677
0.00232513
0.399802
0.00246758
0.399858
0.00255434
0.399913
0.00260009
0.399954
0.0026193
0.399981
0.00262198
0.399997
0.00261511
0.400007
0.00260304
0.400012
0.0025886
0.400014
0.00257354
0.400015
0.00255894
0.400015
0.00254538
0.400014
0.00253316
0.400012
0.0025224
0.400011
0.00251307
0.400009
0.00250509
0.400008
0.00249833
0.400007
0.00249266
0.400006
0.00248794
0.400005
0.00248404
0.400004
0.00248083
0.400003
0.00247821
0.400003
0.00247607
0.400002
0.00247434
0.400002
0.00247294
0.400001
0.00247182
0.400001
0.00247092
0.400001
0.0024702
0.400001
0.00246963
0.400001
0.00246917
0.4
0.00246882
0.4
0.00246853
0.4
0.00246831
0.4
0.00246814
0.4
0.002468
0.4
0.00246789
0.4
0.00246781
0.4
0.00246775
0.4
0.0024677
0.4
0.00246766
0.4
0.00246763
0.4
0.00246761
0.4
0.00246759
0.4
0.00246758
0.4
0.00246757
0.4
0.00246756
0.4
0.00246755
0.4
0.00246755
0.4
0.00246754
0.4
0.00246754
0.4
0.00246754
0.4
0.00246754
0.4
0.00246754
0.4
0.00246754
0.4
0.00246754
0.4
0.00246753
0.4
0.00246753
0.4
0.00246753
0.4
0.00246753
0.4
0.00246753
0.4
0.00246753
0.4
0.00246753
0.4
0.00246753
0.4
0.00246753
0.4
0.00246753
0.4
0.00246753
0.4
0.00246753
0.4
0.00246753
0.4
0.00246753
0.4
0.00246753
0.4
0.00246752
0.4
0.00246752
0.4
0.00246752
0.4
0.00246751
0.4
0.0024675
0.4
0.00246749
0.4
0.00246748
0.4
0.00246746
0.4
0.00246743
0.4
0.0024674
0.4
0.00246736
0.4
0.0024673
0.4
0.00246723
0.4
0.00246715
0.4
0.00246704
0.4
0.00246692
0.4
0.00246678
0.4
0.00246663
0.4
0.00246649
0.4
0.00246638
0.4
0.00246637
0.4
0.00246656
0.4
0.00246707
0.399999
0.00246805
0.399999
0.00246932
0.399999
0.0024699
0.399999
0.0024658
0.400004
0.400015
0.00290596
0.398811
0.00339782
0.399185
0.00370534
0.399494
0.00391127
0.399652
0.00403588
0.399789
0.00410331
0.399887
0.0041333
0.399951
0.00413996
0.399991
0.00413287
0.400014
0.00411817
0.400027
0.00409985
0.400033
0.00408038
0.400035
0.00406128
0.400034
0.00404343
0.400031
0.00402728
0.400028
0.00401299
0.400025
0.00400056
0.400022
0.00398991
0.400019
0.00398087
0.400016
0.00397328
0.400013
0.00396694
0.400011
0.0039617
0.400009
0.00395738
0.400008
0.00395384
0.400006
0.00395096
0.400005
0.00394862
0.400004
0.00394673
0.400003
0.00394521
0.400003
0.00394399
0.400002
0.00394302
0.400002
0.00394224
0.400001
0.00394163
0.400001
0.00394114
0.400001
0.00394076
0.400001
0.00394046
0.400001
0.00394022
0.4
0.00394003
0.4
0.00393989
0.4
0.00393977
0.4
0.00393969
0.4
0.00393962
0.4
0.00393957
0.4
0.00393953
0.4
0.00393949
0.4
0.00393947
0.4
0.00393945
0.4
0.00393944
0.4
0.00393943
0.4
0.00393942
0.4
0.00393941
0.4
0.00393941
0.4
0.0039394
0.4
0.0039394
0.4
0.0039394
0.4
0.0039394
0.4
0.0039394
0.4
0.0039394
0.4
0.0039394
0.4
0.0039394
0.4
0.0039394
0.4
0.00393939
0.4
0.00393939
0.4
0.00393939
0.4
0.00393939
0.4
0.00393939
0.4
0.00393939
0.4
0.00393939
0.4
0.00393939
0.4
0.00393939
0.4
0.00393939
0.4
0.00393939
0.4
0.00393938
0.4
0.00393938
0.4
0.00393938
0.4
0.00393937
0.4
0.00393936
0.4
0.00393935
0.4
0.00393933
0.4
0.00393931
0.4
0.00393929
0.4
0.00393925
0.4
0.00393921
0.4
0.00393915
0.4
0.00393908
0.4
0.00393899
0.4
0.00393888
0.4
0.00393874
0.4
0.00393858
0.4
0.0039384
0.4
0.00393822
0.4
0.00393806
0.4
0.00393797
0.4
0.00393804
0.4
0.0039384
0.399999
0.00393927
0.399999
0.00394085
0.399997
0.00394295
0.399997
0.0039443
0.399998
0.00393944
0.400009
0.400031
0.00312115
0.397931
0.00364505
0.398661
0.00398039
0.399159
0.00419626
0.399436
0.00432593
0.399659
0.00439781
0.399815
0.00443156
0.399917
0.00444155
0.399981
0.00443726
0.400018
0.00442492
0.400039
0.00440856
0.400049
0.00439073
0.400052
0.00437299
0.400051
0.00435625
0.400048
0.00434101
0.400044
0.00432746
0.400039
0.00431565
0.400034
0.00430548
0.400029
0.00429684
0.400024
0.00428956
0.400021
0.00428348
0.400017
0.00427843
0.400014
0.00427427
0.400012
0.00427086
0.40001
0.00426808
0.400008
0.00426582
0.400006
0.00426399
0.400005
0.00426251
0.400004
0.00426133
0.400003
0.00426039
0.400003
0.00425963
0.400002
0.00425903
0.400002
0.00425856
0.400001
0.00425819
0.400001
0.00425789
0.400001
0.00425766
0.400001
0.00425748
0.400001
0.00425734
0.4
0.00425723
0.4
0.00425714
0.4
0.00425707
0.4
0.00425702
0.4
0.00425698
0.4
0.00425695
0.4
0.00425693
0.4
0.00425691
0.4
0.0042569
0.4
0.00425689
0.4
0.00425688
0.4
0.00425687
0.4
0.00425687
0.4
0.00425686
0.4
0.00425686
0.4
0.00425686
0.4
0.00425686
0.4
0.00425686
0.4
0.00425686
0.4
0.00425686
0.4
0.00425686
0.4
0.00425685
0.4
0.00425685
0.4
0.00425685
0.4
0.00425685
0.4
0.00425685
0.4
0.00425685
0.4
0.00425685
0.4
0.00425685
0.4
0.00425685
0.4
0.00425685
0.4
0.00425685
0.4
0.00425685
0.4
0.00425684
0.4
0.00425684
0.4
0.00425684
0.4
0.00425683
0.4
0.00425682
0.4
0.00425681
0.4
0.00425679
0.4
0.00425678
0.4
0.00425675
0.4
0.00425672
0.4
0.00425667
0.4
0.00425662
0.4
0.00425655
0.4
0.00425646
0.4
0.00425636
0.4
0.00425623
0.4
0.00425608
0.4
0.00425593
0.4
0.00425578
0.4
0.00425566
0.4
0.00425563
0.4
0.0042558
0.4
0.0042563
0.399999
0.00425737
0.399998
0.00425926
0.399996
0.00426192
0.399994
0.00426446
0.399996
0.00426272
0.400011
0.40004
0.00298459
0.397041
0.00352562
0.39812
0.00387739
0.398807
0.00409932
0.399214
0.00423262
0.399526
0.00430789
0.39974
0.00434487
0.39988
0.00435787
0.399968
0.00435623
0.40002
0.00434619
0.400049
0.0043318
0.400064
0.00431563
0.400069
0.00429929
0.400068
0.00428373
0.400064
0.00426946
0.400058
0.00425672
0.400051
0.00424556
0.400045
0.00423594
0.400038
0.00422774
0.400033
0.00422082
0.400027
0.00421502
0.400023
0.00421021
0.400019
0.00420624
0.400016
0.00420297
0.400013
0.00420031
0.40001
0.00419814
0.400008
0.00419639
0.400007
0.00419497
0.400006
0.00419383
0.400004
0.00419293
0.400004
0.0041922
0.400003
0.00419162
0.400002
0.00419117
0.400002
0.0041908
0.400001
0.00419052
0.400001
0.0041903
0.400001
0.00419012
0.400001
0.00418998
0.400001
0.00418988
0.4
0.00418979
0.4
0.00418973
0.4
0.00418968
0.4
0.00418964
0.4
0.00418961
0.4
0.00418959
0.4
0.00418957
0.4
0.00418956
0.4
0.00418955
0.4
0.00418954
0.4
0.00418953
0.4
0.00418953
0.4
0.00418952
0.4
0.00418952
0.4
0.00418952
0.4
0.00418952
0.4
0.00418952
0.4
0.00418952
0.4
0.00418952
0.4
0.00418951
0.4
0.00418951
0.4
0.00418951
0.4
0.00418951
0.4
0.00418951
0.4
0.00418951
0.4
0.00418951
0.4
0.00418951
0.4
0.00418951
0.4
0.00418951
0.4
0.00418951
0.4
0.00418951
0.4
0.00418951
0.4
0.0041895
0.4
0.0041895
0.4
0.0041895
0.4
0.00418949
0.4
0.00418948
0.4
0.00418947
0.4
0.00418946
0.4
0.00418944
0.4
0.00418941
0.4
0.00418938
0.4
0.00418934
0.4
0.00418929
0.4
0.00418922
0.4
0.00418914
0.4
0.00418904
0.4
0.00418892
0.4
0.00418879
0.400001
0.00418866
0.400001
0.00418854
0.400001
0.00418846
0.4
0.0041885
0.4
0.00418876
0.4
0.0041894
0.399998
0.00419066
0.399996
0.00419286
0.399993
0.00419617
0.399991
0.00420026
0.399991
0.00420299
0.400008
0.400041
0.00274995
0.396198
0.00329553
0.397575
0.00365409
0.398449
0.00387851
0.398989
0.00401379
0.39939
0.00409134
0.399662
0.00413084
0.399841
0.00414638
0.399952
0.00414709
0.400019
0.00413917
0.400057
0.00412663
0.400076
0.00411208
0.400083
0.00409712
0.400083
0.00408272
0.400078
0.00406944
0.400071
0.00405752
0.400063
0.00404704
0.400055
0.00403798
0.400047
0.00403024
0.40004
0.00402369
0.400034
0.00401821
0.400028
0.00401364
0.400024
0.00400987
0.400019
0.00400676
0.400016
0.00400423
0.400013
0.00400216
0.400011
0.00400049
0.400009
0.00399914
0.400007
0.00399805
0.400006
0.00399718
0.400004
0.00399649
0.400004
0.00399593
0.400003
0.00399549
0.400002
0.00399515
0.400002
0.00399488
0.400001
0.00399466
0.400001
0.00399449
0.400001
0.00399436
0.400001
0.00399426
0.400001
0.00399418
0.4
0.00399411
0.4
0.00399407
0.4
0.00399403
0.4
0.003994
0.4
0.00399398
0.4
0.00399396
0.4
0.00399395
0.4
0.00399394
0.4
0.00399393
0.4
0.00399392
0.4
0.00399392
0.4
0.00399392
0.4
0.00399391
0.4
0.00399391
0.4
0.00399391
0.4
0.00399391
0.4
0.00399391
0.4
0.00399391
0.4
0.00399391
0.4
0.00399391
0.4
0.00399391
0.4
0.00399391
0.4
0.00399391
0.4
0.00399391
0.4
0.00399391
0.4
0.00399391
0.4
0.0039939
0.4
0.0039939
0.4
0.0039939
0.4
0.0039939
0.4
0.0039939
0.4
0.0039939
0.4
0.00399389
0.4
0.00399389
0.4
0.00399388
0.4
0.00399388
0.4
0.00399386
0.4
0.00399385
0.4
0.00399383
0.4
0.00399381
0.4
0.00399378
0.4
0.00399374
0.4
0.00399369
0.4
0.00399363
0.4
0.00399355
0.4
0.00399346
0.4
0.00399335
0.400001
0.00399324
0.400001
0.00399312
0.400001
0.00399303
0.400001
0.003993
0.400001
0.00399309
0.4
0.00399343
0.399999
0.00399419
0.399998
0.00399564
0.399995
0.00399815
0.399991
0.00400212
0.399987
0.00400785
0.399986
0.00401511
0.400001
0.400033
0.00250012
0.395424
0.00303833
0.397036
0.00339624
0.398091
0.00361986
0.398766
0.0037554
0.399255
0.00383408
0.399583
0.00387535
0.399799
0.0038929
0.399935
0.00389562
0.400016
0.00388959
0.400063
0.00387877
0.400087
0.00386574
0.400096
0.0038521
0.400096
0.00383885
0.400091
0.00382654
0.400083
0.00381544
0.400074
0.00380565
0.400065
0.00379716
0.400056
0.00378989
0.400048
0.00378373
0.40004
0.00377856
0.400034
0.00377426
0.400028
0.00377069
0.400023
0.00376776
0.400019
0.00376535
0.400015
0.0037634
0.400013
0.00376181
0.40001
0.00376053
0.400008
0.00375949
0.400007
0.00375867
0.400005
0.00375801
0.400004
0.00375748
0.400003
0.00375706
0.400003
0.00375673
0.400002
0.00375647
0.400002
0.00375627
0.400001
0.0037561
0.400001
0.00375598
0.400001
0.00375588
0.400001
0.0037558
0.4
0.00375574
0.4
0.0037557
0.4
0.00375566
0.4
0.00375563
0.4
0.00375561
0.4
0.0037556
0.4
0.00375558
0.4
0.00375557
0.4
0.00375557
0.4
0.00375556
0.4
0.00375556
0.4
0.00375555
0.4
0.00375555
0.4
0.00375555
0.4
0.00375555
0.4
0.00375555
0.4
0.00375555
0.4
0.00375555
0.4
0.00375555
0.4
0.00375555
0.4
0.00375554
0.4
0.00375554
0.4
0.00375554
0.4
0.00375554
0.4
0.00375554
0.4
0.00375554
0.4
0.00375554
0.4
0.00375554
0.4
0.00375554
0.4
0.00375554
0.4
0.00375554
0.4
0.00375553
0.4
0.00375553
0.4
0.00375553
0.4
0.00375552
0.4
0.00375551
0.4
0.0037555
0.4
0.00375549
0.4
0.00375547
0.4
0.00375545
0.4
0.00375542
0.4
0.00375538
0.4
0.00375534
0.4
0.00375528
0.4
0.00375521
0.4
0.00375512
0.400001
0.00375503
0.400001
0.00375493
0.400001
0.00375483
0.400001
0.00375476
0.400001
0.00375477
0.400001
0.00375491
0.4
0.00375533
0.399999
0.00375619
0.399997
0.00375781
0.399993
0.0037606
0.399988
0.00376521
0.399982
0.00377248
0.399978
0.00378375
0.399989
0.400017
0.0022603
0.394728
0.00278089
0.396516
0.00313213
0.397739
0.00335201
0.398546
0.00348608
0.399121
0.00356474
0.399505
0.003607
0.399757
0.00362602
0.399916
0.0036304
0.400012
0.00362603
0.400067
0.00361677
0.400096
0.00360516
0.400108
0.0035928
0.400109
0.00358066
0.400103
0.00356931
0.400095
0.00355902
0.400085
0.00354992
0.400074
0.00354201
0.400064
0.00353521
0.400054
0.00352945
0.400046
0.00352461
0.400038
0.00352057
0.400032
0.00351722
0.400026
0.00351446
0.400022
0.0035122
0.400018
0.00351035
0.400014
0.00350886
0.400012
0.00350765
0.400009
0.00350667
0.400008
0.00350589
0.400006
0.00350526
0.400005
0.00350477
0.400004
0.00350437
0.400003
0.00350406
0.400002
0.00350381
0.400002
0.00350362
0.400001
0.00350346
0.400001
0.00350334
0.400001
0.00350325
0.400001
0.00350318
0.400001
0.00350312
0.4
0.00350308
0.4
0.00350304
0.4
0.00350302
0.4
0.003503
0.4
0.00350298
0.4
0.00350297
0.4
0.00350296
0.4
0.00350295
0.4
0.00350295
0.4
0.00350294
0.4
0.00350294
0.4
0.00350294
0.4
0.00350294
0.4
0.00350293
0.4
0.00350293
0.4
0.00350293
0.4
0.00350293
0.4
0.00350293
0.4
0.00350293
0.4
0.00350293
0.4
0.00350293
0.4
0.00350293
0.4
0.00350293
0.4
0.00350293
0.4
0.00350293
0.4
0.00350293
0.4
0.00350293
0.4
0.00350293
0.4
0.00350292
0.4
0.00350292
0.4
0.00350292
0.4
0.00350292
0.4
0.00350291
0.4
0.00350291
0.4
0.0035029
0.4
0.00350289
0.4
0.00350288
0.4
0.00350286
0.4
0.00350284
0.4
0.00350281
0.4
0.00350278
0.4
0.00350273
0.4
0.00350268
0.4
0.00350261
0.400001
0.00350254
0.400001
0.00350245
0.400001
0.00350236
0.400001
0.00350228
0.400001
0.00350224
0.400001
0.00350228
0.4
0.00350247
0.4
0.00350294
0.399998
0.00350389
0.399996
0.00350564
0.399991
0.00350869
0.399985
0.00351385
0.399977
0.00352246
0.39997
0.00353705
0.399975
0.399996
0.00203646
0.394108
0.00253129
0.396021
0.00287089
0.3974
0.00308437
0.398332
0.00321531
0.39899
0.00329283
0.399427
0.00333532
0.399715
0.00335529
0.399896
0.00336096
0.400006
0.00335801
0.40007
0.00335016
0.400104
0.00333988
0.400118
0.00332873
0.40012
0.00331767
0.400115
0.00330725
0.400105
0.00329778
0.400094
0.00328936
0.400083
0.00328203
0.400071
0.00327572
0.400061
0.00327036
0.400051
0.00326585
0.400043
0.00326208
0.400036
0.00325895
0.400029
0.00325638
0.400024
0.00325426
0.40002
0.00325254
0.400016
0.00325113
0.400013
0.00325
0.400011
0.00324909
0.400008
0.00324835
0.400007
0.00324776
0.400005
0.0032473
0.400004
0.00324692
0.400003
0.00324663
0.400003
0.0032464
0.400002
0.00324621
0.400002
0.00324607
0.400001
0.00324596
0.400001
0.00324587
0.400001
0.0032458
0.400001
0.00324575
0.4
0.0032457
0.4
0.00324567
0.4
0.00324565
0.4
0.00324563
0.4
0.00324561
0.4
0.0032456
0.4
0.00324559
0.4
0.00324559
0.4
0.00324558
0.4
0.00324558
0.4
0.00324557
0.4
0.00324557
0.4
0.00324557
0.4
0.00324557
0.4
0.00324557
0.4
0.00324557
0.4
0.00324557
0.4
0.00324557
0.4
0.00324557
0.4
0.00324557
0.4
0.00324556
0.4
0.00324556
0.4
0.00324556
0.4
0.00324556
0.4
0.00324556
0.4
0.00324556
0.4
0.00324556
0.4
0.00324556
0.4
0.00324556
0.4
0.00324556
0.4
0.00324556
0.4
0.00324555
0.4
0.00324555
0.4
0.00324554
0.4
0.00324554
0.4
0.00324553
0.4
0.00324552
0.4
0.0032455
0.4
0.00324548
0.4
0.00324546
0.4
0.00324542
0.4
0.00324538
0.4
0.00324533
0.4
0.00324527
0.400001
0.0032452
0.400001
0.00324512
0.400001
0.00324505
0.400001
0.00324498
0.400001
0.00324496
0.400001
0.00324502
0.4
0.00324525
0.4
0.00324577
0.399998
0.00324679
0.399995
0.00324864
0.39999
0.00325188
0.399982
0.0032575
0.399971
0.00326718
0.39996
0.00328434
0.399958
0.39997
0.00182844
0.393561
0.00229144
0.395558
0.00261522
0.397076
0.00281989
0.398128
0.00294613
0.398864
0.00302146
0.399352
0.00306344
0.399673
0.00308384
0.399875
0.00309047
0.4
0.00308871
0.400072
0.00308212
0.400111
0.00307307
0.400127
0.00306307
0.40013
0.00305305
0.400125
0.00304355
0.400115
0.00303488
0.400103
0.00302715
0.40009
0.0030204
0.400078
0.00301458
0.400067
0.00300963
0.400056
0.00300546
0.400047
0.00300197
0.400039
0.00299907
0.400032
0.00299668
0.400027
0.00299472
0.400022
0.00299311
0.400018
0.00299181
0.400014
0.00299075
0.400012
0.0029899
0.400009
0.00298922
0.400007
0.00298867
0.400006
0.00298824
0.400005
0.00298789
0.400004
0.00298761
0.400003
0.0029874
0.400002
0.00298722
0.400002
0.00298709
0.400001
0.00298698
0.400001
0.0029869
0.400001
0.00298684
0.400001
0.00298679
0.400001
0.00298675
0.4
0.00298672
0.4
0.00298669
0.4
0.00298668
0.4
0.00298666
0.4
0.00298665
0.4
0.00298664
0.4
0.00298664
0.4
0.00298663
0.4
0.00298663
0.4
0.00298662
0.4
0.00298662
0.4
0.00298662
0.4
0.00298662
0.4
0.00298662
0.4
0.00298662
0.4
0.00298662
0.4
0.00298662
0.4
0.00298662
0.4
0.00298662
0.4
0.00298662
0.4
0.00298662
0.4
0.00298662
0.4
0.00298662
0.4
0.00298662
0.4
0.00298661
0.4
0.00298661
0.4
0.00298661
0.4
0.00298661
0.4
0.00298661
0.4
0.00298661
0.4
0.00298661
0.4
0.0029866
0.4
0.0029866
0.4
0.00298659
0.4
0.00298658
0.4
0.00298657
0.4
0.00298656
0.4
0.00298654
0.4
0.00298651
0.4
0.00298648
0.4
0.00298645
0.4
0.0029864
0.400001
0.00298634
0.400001
0.00298628
0.400001
0.00298621
0.400001
0.00298615
0.400001
0.0029861
0.400001
0.00298609
0.400001
0.00298618
0.4
0.00298643
0.399999
0.00298698
0.399997
0.00298804
0.399994
0.00298997
0.399988
0.00299333
0.399978
0.00299927
0.399965
0.00300973
0.39995
0.00302871
0.399939
0.399941
0.00163428
0.39308
0.00206121
0.395131
0.00236565
0.396772
0.00255935
0.397934
0.00267945
0.398743
0.00275159
0.39928
0.00279236
0.399632
0.00281272
0.399855
0.00281997
0.399993
0.00281918
0.400073
0.0028137
0.400116
0.00280579
0.400135
0.00279688
0.400139
0.00278787
0.400134
0.00277927
0.400123
0.00277139
0.400111
0.00276435
0.400097
0.00275818
0.400084
0.00275286
0.400072
0.00274832
0.400061
0.0027445
0.400051
0.00274129
0.400042
0.00273863
0.400035
0.00273643
0.400029
0.00273462
0.400024
0.00273314
0.400019
0.00273194
0.400016
0.00273097
0.400013
0.00273018
0.40001
0.00272955
0.400008
0.00272904
0.400006
0.00272864
0.400005
0.00272832
0.400004
0.00272806
0.400003
0.00272786
0.400003
0.0027277
0.400002
0.00272758
0.400002
0.00272748
0.400001
0.0027274
0.400001
0.00272734
0.400001
0.0027273
0.400001
0.00272726
0.4
0.00272723
0.4
0.00272721
0.4
0.0027272
0.4
0.00272718
0.4
0.00272717
0.4
0.00272716
0.4
0.00272716
0.4
0.00272715
0.4
0.00272715
0.4
0.00272715
0.4
0.00272715
0.4
0.00272714
0.4
0.00272714
0.4
0.00272714
0.4
0.00272714
0.4
0.00272714
0.4
0.00272714
0.4
0.00272714
0.4
0.00272714
0.4
0.00272714
0.4
0.00272714
0.4
0.00272714
0.4
0.00272714
0.4
0.00272714
0.4
0.00272714
0.4
0.00272714
0.4
0.00272714
0.4
0.00272714
0.4
0.00272713
0.4
0.00272713
0.4
0.00272713
0.4
0.00272713
0.4
0.00272712
0.4
0.00272712
0.4
0.00272711
0.4
0.0027271
0.4
0.00272708
0.4
0.00272707
0.4
0.00272705
0.4
0.00272702
0.4
0.00272698
0.4
0.00272694
0.400001
0.00272689
0.400001
0.00272683
0.400001
0.00272677
0.400001
0.00272672
0.400001
0.00272668
0.400001
0.00272669
0.400001
0.00272679
0.4
0.00272706
0.399999
0.00272763
0.399997
0.00272871
0.399993
0.00273066
0.399986
0.00273408
0.399975
0.0027402
0.399959
0.00275111
0.399939
0.00277117
0.399919
0.39991
0.00145173
0.39266
0.00183983
0.394743
0.00212198
0.396489
0.00230278
0.397753
0.00241541
0.398631
0.00248346
0.399212
0.00252238
0.399593
0.00254224
0.399835
0.0025498
0.399985
0.00254976
0.400073
0.00254526
0.400121
0.0025384
0.400142
0.00253053
0.400147
0.00252248
0.400142
0.00251477
0.400131
0.00250767
0.400118
0.00250132
0.400104
0.00249573
0.40009
0.00249091
0.400077
0.00248679
0.400065
0.00248331
0.400054
0.0024804
0.400045
0.00247798
0.400037
0.00247597
0.400031
0.00247432
0.400025
0.00247298
0.400021
0.00247188
0.400017
0.00247099
0.400013
0.00247027
0.400011
0.0024697
0.400009
0.00246923
0.400007
0.00246886
0.400005
0.00246857
0.400004
0.00246834
0.400003
0.00246815
0.400003
0.00246801
0.400002
0.00246789
0.400002
0.0024678
0.400001
0.00246773
0.400001
0.00246768
0.400001
0.00246763
0.400001
0.0024676
0.4
0.00246757
0.4
0.00246755
0.4
0.00246754
0.4
0.00246753
0.4
0.00246752
0.4
0.00246751
0.4
0.0024675
0.4
0.0024675
0.4
0.0024675
0.4
0.0024675
0.4
0.00246749
0.4
0.00246749
0.4
0.00246749
0.4
0.00246749
0.4
0.00246749
0.4
0.00246749
0.4
0.00246749
0.4
0.00246749
0.4
0.00246749
0.4
0.00246749
0.4
0.00246749
0.4
0.00246749
0.4
0.00246749
0.4
0.00246749
0.4
0.00246749
0.4
0.00246749
0.4
0.00246748
0.4
0.00246748
0.4
0.00246748
0.4
0.00246748
0.4
0.00246748
0.4
0.00246748
0.4
0.00246747
0.4
0.00246747
0.4
0.00246746
0.4
0.00246745
0.4
0.00246744
0.4
0.00246742
0.4
0.0024674
0.4
0.00246738
0.4
0.00246734
0.4
0.00246731
0.400001
0.00246726
0.400001
0.00246721
0.400001
0.00246716
0.400001
0.00246711
0.400001
0.00246709
0.400001
0.00246711
0.400001
0.00246722
0.4
0.00246749
0.399999
0.00246807
0.399996
0.00246914
0.399991
0.00247108
0.399984
0.00247448
0.399972
0.00248061
0.399953
0.00249167
0.399928
0.00251211
0.399898
0.399878
0.0012787
0.392297
0.00162635
0.394395
0.00188378
0.396232
0.00204996
0.397587
0.00215393
0.398527
0.00221705
0.399149
0.00225352
0.399556
0.00227245
0.399816
0.00228004
0.399977
0.00228056
0.400072
0.00227691
0.400124
0.00227101
0.400148
0.00226412
0.400154
0.00225702
0.400149
0.00225018
0.400138
0.00224385
0.400124
0.00223817
0.400109
0.00223318
0.400095
0.00222886
0.400081
0.00222516
0.400069
0.00222204
0.400058
0.00221942
0.400048
0.00221724
0.40004
0.00221543
0.400033
0.00221395
0.400027
0.00221273
0.400022
0.00221175
0.400018
0.00221094
0.400014
0.0022103
0.400011
0.00220978
0.400009
0.00220936
0.400007
0.00220902
0.400006
0.00220876
0.400005
0.00220855
0.400004
0.00220838
0.400003
0.00220825
0.400002
0.00220814
0.400002
0.00220806
0.400001
0.002208
0.400001
0.00220795
0.400001
0.00220791
0.400001
0.00220788
0.400001
0.00220786
0.4
0.00220784
0.4
0.00220782
0.4
0.00220781
0.4
0.0022078
0.4
0.0022078
0.4
0.00220779
0.4
0.00220779
0.4
0.00220779
0.4
0.00220778
0.4
0.00220778
0.4
0.00220778
0.4
0.00220778
0.4
0.00220778
0.4
0.00220778
0.4
0.00220778
0.4
0.00220778
0.4
0.00220778
0.4
0.00220778
0.4
0.00220778
0.4
0.00220778
0.4
0.00220778
0.4
0.00220778
0.4
0.00220778
0.4
0.00220778
0.4
0.00220778
0.4
0.00220777
0.4
0.00220777
0.4
0.00220777
0.4
0.00220777
0.4
0.00220777
0.4
0.00220777
0.4
0.00220776
0.4
0.00220776
0.4
0.00220775
0.4
0.00220774
0.4
0.00220773
0.4
0.00220772
0.4
0.0022077
0.4
0.00220768
0.4
0.00220765
0.400001
0.00220761
0.400001
0.00220757
0.400001
0.00220753
0.400001
0.00220748
0.400001
0.00220745
0.400001
0.00220743
0.400001
0.00220746
0.400001
0.00220757
0.4
0.00220785
0.399998
0.00220841
0.399996
0.00220945
0.39999
0.00221133
0.399982
0.00221464
0.399968
0.00222063
0.399947
0.00223151
0.399917
0.00225168
0.399878
0.399846
0.00111339
0.391984
0.00141976
0.394089
0.00165051
0.396001
0.00180056
0.397437
0.0018948
0.398433
0.00195226
0.399091
0.00198572
0.399523
0.00200336
0.399798
0.0020107
0.39997
0.00201161
0.400072
0.00200868
0.400127
0.00200367
0.400153
0.00199771
0.40016
0.00199152
0.400155
0.00198553
0.400144
0.00197997
0.40013
0.00197497
0.400114
0.00197056
0.400099
0.00196674
0.400085
0.00196347
0.400072
0.00196071
0.40006
0.00195839
0.40005
0.00195645
0.400042
0.00195485
0.400034
0.00195354
0.400028
0.00195246
0.400023
0.00195158
0.400018
0.00195087
0.400015
0.00195029
0.400012
0.00194983
0.40001
0.00194945
0.400008
0.00194916
0.400006
0.00194892
0.400005
0.00194873
0.400004
0.00194858
0.400003
0.00194847
0.400002
0.00194837
0.400002
0.0019483
0.400001
0.00194824
0.400001
0.0019482
0.400001
0.00194816
0.400001
0.00194814
0.400001
0.00194812
0.4
0.0019481
0.4
0.00194809
0.4
0.00194808
0.4
0.00194807
0.4
0.00194807
0.4
0.00194806
0.4
0.00194806
0.4
0.00194805
0.4
0.00194805
0.4
0.00194805
0.4
0.00194805
0.4
0.00194805
0.4
0.00194805
0.4
0.00194805
0.4
0.00194805
0.4
0.00194805
0.4
0.00194805
0.4
0.00194805
0.4
0.00194805
0.4
0.00194805
0.4
0.00194805
0.4
0.00194805
0.4
0.00194805
0.4
0.00194805
0.4
0.00194804
0.4
0.00194804
0.4
0.00194804
0.4
0.00194804
0.4
0.00194804
0.4
0.00194804
0.4
0.00194804
0.4
0.00194803
0.4
0.00194803
0.4
0.00194802
0.4
0.00194802
0.4
0.00194801
0.4
0.00194799
0.4
0.00194798
0.4
0.00194796
0.4
0.00194793
0.400001
0.0019479
0.400001
0.00194787
0.400001
0.00194783
0.400001
0.00194779
0.400001
0.00194776
0.400001
0.00194775
0.400001
0.00194778
0.400001
0.0019479
0.4
0.00194816
0.399998
0.0019487
0.399995
0.00194969
0.399989
0.00195146
0.39998
0.00195459
0.399965
0.0019603
0.399941
0.0019707
0.399906
0.00198998
0.399859
0.399816
0.00095428
0.39172
0.0012191
0.393824
0.00142162
0.395799
0.00155422
0.397304
0.00163778
0.398349
0.00168891
0.39904
0.0017189
0.399493
0.00173489
0.399782
0.00174176
0.399963
0.00174288
0.40007
0.00174057
0.400129
0.00173638
0.400157
0.00173131
0.400165
0.00172601
0.40016
0.00172084
0.400149
0.00171604
0.400134
0.00171172
0.400119
0.0017079
0.400103
0.00170458
0.400088
0.00170175
0.400075
0.00169934
0.400063
0.00169732
0.400052
0.00169564
0.400043
0.00169425
0.400036
0.0016931
0.400029
0.00169216
0.400024
0.00169139
0.400019
0.00169077
0.400016
0.00169027
0.400013
0.00168987
0.40001
0.00168954
0.400008
0.00168928
0.400006
0.00168907
0.400005
0.00168891
0.400004
0.00168878
0.400003
0.00168868
0.400002
0.0016886
0.400002
0.00168853
0.400002
0.00168848
0.400001
0.00168844
0.400001
0.00168841
0.400001
0.00168839
0.400001
0.00168837
0.4
0.00168836
0.4
0.00168835
0.4
0.00168834
0.4
0.00168833
0.4
0.00168833
0.4
0.00168832
0.4
0.00168832
0.4
0.00168832
0.4
0.00168831
0.4
0.00168831
0.4
0.00168831
0.4
0.00168831
0.4
0.00168831
0.4
0.00168831
0.4
0.00168831
0.4
0.00168831
0.4
0.00168831
0.4
0.00168831
0.4
0.00168831
0.4
0.00168831
0.4
0.00168831
0.4
0.00168831
0.4
0.00168831
0.4
0.00168831
0.4
0.00168831
0.4
0.00168831
0.4
0.00168831
0.4
0.00168831
0.4
0.0016883
0.4
0.0016883
0.4
0.0016883
0.4
0.0016883
0.4
0.00168829
0.4
0.00168829
0.4
0.00168828
0.4
0.00168827
0.4
0.00168826
0.4
0.00168825
0.4
0.00168823
0.4
0.00168821
0.400001
0.00168818
0.400001
0.00168815
0.400001
0.00168812
0.400001
0.00168809
0.400001
0.00168806
0.400001
0.00168806
0.400001
0.00168809
0.400001
0.0016882
0.4
0.00168845
0.399998
0.00168895
0.399994
0.00168986
0.399989
0.00169149
0.399979
0.00169437
0.399962
0.00169964
0.399936
0.00170928
0.399897
0.00172714
0.399841
0.399788
0.000800117
0.391501
0.00102345
0.393601
0.00119651
0.395626
0.00131054
0.39719
0.00138262
0.398277
0.00142686
0.398996
0.00145295
0.399467
0.00146699
0.399768
0.00147317
0.399957
0.00147437
0.400069
0.00147258
0.400131
0.00146914
0.40016
0.00146493
0.400169
0.00146048
0.400165
0.00145614
0.400153
0.00145209
0.400139
0.00144843
0.400122
0.0014452
0.400106
0.00144239
0.400091
0.00143999
0.400077
0.00143795
0.400065
0.00143624
0.400054
0.00143481
0.400045
0.00143362
0.400037
0.00143265
0.40003
0.00143185
0.400025
0.0014312
0.40002
0.00143067
0.400016
0.00143024
0.400013
0.0014299
0.40001
0.00142962
0.400008
0.0014294
0.400007
0.00142922
0.400005
0.00142908
0.400004
0.00142897
0.400003
0.00142888
0.400003
0.00142881
0.400002
0.00142876
0.400002
0.00142872
0.400001
0.00142869
0.400001
0.00142866
0.400001
0.00142864
0.400001
0.00142862
0.4
0.00142861
0.4
0.0014286
0.4
0.00142859
0.4
0.00142859
0.4
0.00142858
0.4
0.00142858
0.4
0.00142858
0.4
0.00142858
0.4
0.00142857
0.4
0.00142857
0.4
0.00142857
0.4
0.00142857
0.4
0.00142857
0.4
0.00142857
0.4
0.00142857
0.4
0.00142857
0.4
0.00142857
0.4
0.00142857
0.4
0.00142857
0.4
0.00142857
0.4
0.00142857
0.4
0.00142857
0.4
0.00142857
0.4
0.00142857
0.4
0.00142857
0.4
0.00142857
0.4
0.00142857
0.4
0.00142857
0.4
0.00142857
0.4
0.00142856
0.4
0.00142856
0.4
0.00142856
0.4
0.00142856
0.4
0.00142855
0.4
0.00142855
0.4
0.00142854
0.4
0.00142853
0.4
0.00142852
0.4
0.0014285
0.4
0.00142848
0.400001
0.00142846
0.400001
0.00142844
0.400001
0.00142841
0.400001
0.00142838
0.400001
0.00142836
0.400001
0.00142836
0.400001
0.0014284
0.400001
0.0014285
0.4
0.00142872
0.399998
0.00142916
0.399994
0.00142997
0.399988
0.00143143
0.399977
0.00143399
0.39996
0.0014387
0.399931
0.00144732
0.399888
0.00146326
0.399825
0.399764
0.000649837
0.391325
0.000831925
0.393419
0.000974606
0.395483
0.00106914
0.397096
0.00112905
0.398217
0.0011659
0.398959
0.00118774
0.399445
0.00119958
0.399757
0.00120488
0.399952
0.00120604
0.400068
0.00120469
0.400133
0.00120196
0.400163
0.00119855
0.400172
0.00119494
0.400168
0.00119141
0.400157
0.0011881
0.400142
0.00118512
0.400125
0.00118247
0.400109
0.00118017
0.400093
0.0011782
0.400079
0.00117653
0.400066
0.00117513
0.400055
0.00117396
0.400046
0.00117298
0.400038
0.00117218
0.400031
0.00117153
0.400025
0.00117099
0.40002
0.00117056
0.400017
0.00117021
0.400013
0.00116992
0.400011
0.00116969
0.400009
0.00116951
0.400007
0.00116937
0.400005
0.00116925
0.400004
0.00116916
0.400003
0.00116909
0.400003
0.00116903
0.400002
0.00116899
0.400002
0.00116895
0.400001
0.00116893
0.400001
0.0011689
0.400001
0.00116889
0.400001
0.00116887
0.4
0.00116886
0.4
0.00116886
0.4
0.00116885
0.4
0.00116885
0.4
0.00116884
0.4
0.00116884
0.4
0.00116884
0.4
0.00116884
0.4
0.00116883
0.4
0.00116883
0.4
0.00116883
0.4
0.00116883
0.4
0.00116883
0.4
0.00116883
0.4
0.00116883
0.4
0.00116883
0.4
0.00116883
0.4
0.00116883
0.4
0.00116883
0.4
0.00116883
0.4
0.00116883
0.4
0.00116883
0.4
0.00116883
0.4
0.00116883
0.4
0.00116883
0.4
0.00116883
0.4
0.00116883
0.4
0.00116883
0.4
0.00116883
0.4
0.00116883
0.4
0.00116882
0.4
0.00116882
0.4
0.00116882
0.4
0.00116882
0.4
0.00116881
0.4
0.0011688
0.4
0.0011688
0.4
0.00116879
0.4
0.00116878
0.4
0.00116876
0.400001
0.00116874
0.400001
0.00116872
0.400001
0.0011687
0.400001
0.00116868
0.400001
0.00116866
0.400001
0.00116866
0.400001
0.00116869
0.400001
0.00116878
0.4
0.00116898
0.399998
0.00116936
0.399994
0.00117005
0.399987
0.00117128
0.399976
0.00117347
0.399957
0.00117749
0.399927
0.00118486
0.399881
0.00119849
0.399811
0.399742
0.000502541
0.391189
0.000643712
0.393278
0.00075532
0.395371
0.000829608
0.397022
0.00087678
0.39817
0.000905858
0.39893
0.000923147
0.399428
0.000932579
0.399747
0.000936859
0.399947
0.000937866
0.400067
0.000936891
0.400134
0.00093481
0.400165
0.000932194
0.400175
0.000929405
0.400171
0.000926666
0.40016
0.000924102
0.400144
0.000921779
0.400128
0.000919724
0.400111
0.000917936
0.400095
0.000916402
0.400081
0.000915099
0.400068
0.000914004
0.400056
0.00091309
0.400047
0.000912332
0.400039
0.000911708
0.400032
0.000911196
0.400026
0.000910778
0.400021
0.000910439
0.400017
0.000910164
0.400014
0.000909944
0.400011
0.000909766
0.400009
0.000909624
0.400007
0.000909511
0.400006
0.00090942
0.400004
0.000909349
0.400003
0.000909293
0.400003
0.000909248
0.400002
0.000909213
0.400002
0.000909185
0.400001
0.000909164
0.400001
0.000909147
0.400001
0.000909135
0.400001
0.000909124
0.4
0.000909116
0.4
0.00090911
0.4
0.000909106
0.4
0.000909102
0.4
0.000909099
0.4
0.000909097
0.4
0.000909096
0.4
0.000909094
0.4
0.000909093
0.4
0.000909092
0.4
0.000909092
0.4
0.000909091
0.4
0.000909091
0.4
0.00090909
0.4
0.000909091
0.4
0.00090909
0.4
0.00090909
0.4
0.00090909
0.4
0.00090909
0.4
0.00090909
0.4
0.00090909
0.4
0.00090909
0.4
0.00090909
0.4
0.000909089
0.4
0.000909089
0.4
0.000909089
0.4
0.000909089
0.4
0.000909088
0.4
0.000909088
0.4
0.000909087
0.4
0.000909086
0.4
0.000909084
0.4
0.000909082
0.4
0.000909079
0.4
0.000909075
0.4
0.00090907
0.4
0.000909064
0.4
0.000909056
0.4
0.000909047
0.4
0.000909035
0.400001
0.000909022
0.400001
0.000909006
0.400001
0.000908989
0.400001
0.000908973
0.400001
0.000908962
0.400001
0.000908963
0.400001
0.000908989
0.400001
0.000909062
0.4
0.000909219
0.399997
0.000909523
0.399993
0.000910078
0.399986
0.000911071
0.399975
0.000912832
0.399956
0.000916066
0.399924
0.000922003
0.399875
0.000932958
0.3998
0.399725
0.000357454
0.391093
0.000458024
0.393177
0.000538067
0.395291
0.000591533
0.396968
0.000625537
0.398136
0.000646528
0.398909
0.000659041
0.399415
0.000665897
0.39974
0.000669038
0.399944
0.000669816
0.400066
0.000669158
0.400134
0.000667697
0.400167
0.000665845
0.400177
0.000663862
0.400173
0.000661912
0.400162
0.000660084
0.400146
0.000658426
0.400129
0.000656958
0.400112
0.00065568
0.400096
0.000654584
0.400082
0.000653652
0.400069
0.000652868
0.400057
0.000652215
0.400047
0.000651672
0.400039
0.000651225
0.400032
0.000650859
0.400026
0.000650559
0.400021
0.000650317
0.400017
0.00065012
0.400014
0.000649962
0.400011
0.000649834
0.400009
0.000649733
0.400007
0.000649652
0.400006
0.000649587
0.400004
0.000649536
0.400003
0.000649495
0.400003
0.000649463
0.400002
0.000649438
0.400002
0.000649418
0.400001
0.000649403
0.400001
0.000649391
0.400001
0.000649382
0.400001
0.000649375
0.4
0.000649369
0.4
0.000649365
0.4
0.000649361
0.4
0.000649358
0.4
0.000649357
0.4
0.000649355
0.4
0.000649354
0.4
0.000649353
0.4
0.000649352
0.4
0.000649352
0.4
0.000649351
0.4
0.000649351
0.4
0.00064935
0.4
0.00064935
0.4
0.00064935
0.4
0.00064935
0.4
0.00064935
0.4
0.00064935
0.4
0.00064935
0.4
0.00064935
0.4
0.00064935
0.4
0.00064935
0.4
0.00064935
0.4
0.000649349
0.4
0.000649349
0.4
0.000649349
0.4
0.000649349
0.4
0.000649349
0.4
0.000649348
0.4
0.000649347
0.4
0.000649347
0.4
0.000649345
0.4
0.000649344
0.4
0.000649342
0.4
0.000649339
0.4
0.000649335
0.4
0.000649331
0.4
0.000649326
0.4
0.000649319
0.4
0.000649311
0.400001
0.000649301
0.400001
0.00064929
0.400001
0.000649278
0.400001
0.000649266
0.400001
0.000649259
0.400001
0.00064926
0.400001
0.00064928
0.400001
0.000649334
0.399999
0.00064945
0.399997
0.000649672
0.399993
0.000650078
0.399986
0.000650805
0.399974
0.000652094
0.399954
0.000654462
0.399922
0.000658813
0.399871
0.000666831
0.399792
0.399713
0.000213884
0.391036
0.000274113
0.393117
0.000322263
0.395243
0.000354503
0.396936
0.000375029
0.398115
0.000387712
0.398896
0.000395285
0.399408
0.000399445
0.399736
0.000401364
0.399942
0.000401855
0.400066
0.000401476
0.400135
0.000400609
0.400168
0.000399503
0.400178
0.000398318
0.400174
0.00039715
0.400163
0.000396054
0.400147
0.00039506
0.40013
0.00039418
0.400113
0.000393412
0.400097
0.000392754
0.400082
0.000392195
0.400069
0.000391724
0.400058
0.000391331
0.400048
0.000391005
0.400039
0.000390737
0.400032
0.000390517
0.400026
0.000390337
0.400021
0.000390191
0.400017
0.000390073
0.400014
0.000389978
0.400011
0.000389901
0.400009
0.00038984
0.400007
0.000389791
0.400006
0.000389752
0.400004
0.000389721
0.400004
0.000389697
0.400003
0.000389678
0.400002
0.000389663
0.400002
0.000389651
0.400001
0.000389642
0.400001
0.000389634
0.400001
0.000389629
0.400001
0.000389625
0.4
0.000389621
0.4
0.000389619
0.4
0.000389617
0.4
0.000389615
0.4
0.000389614
0.4
0.000389612
0.4
0.000389612
0.4
0.000389611
0.4
0.000389611
0.4
0.000389611
0.4
0.00038961
0.4
0.00038961
0.4
0.00038961
0.4
0.00038961
0.4
0.00038961
0.4
0.000389609
0.4
0.00038961
0.4
0.000389609
0.4
0.000389609
0.4
0.000389609
0.4
0.000389609
0.4
0.000389609
0.4
0.000389609
0.4
0.000389609
0.4
0.000389609
0.4
0.000389609
0.4
0.000389609
0.4
0.000389609
0.4
0.000389609
0.4
0.000389608
0.4
0.000389608
0.4
0.000389607
0.4
0.000389606
0.4
0.000389605
0.4
0.000389603
0.4
0.000389601
0.4
0.000389598
0.4
0.000389595
0.4
0.000389591
0.4
0.000389586
0.400001
0.00038958
0.400001
0.000389573
0.400001
0.000389566
0.400001
0.00038956
0.400001
0.000389555
0.400001
0.000389556
0.400001
0.000389569
0.400001
0.000389602
0.399999
0.000389673
0.399997
0.000389808
0.399993
0.000390056
0.399986
0.000390499
0.399974
0.000391285
0.399954
0.000392729
0.39992
0.000395384
0.399868
0.000400273
0.399787
0.399705
7.12015e-05
0.391017
9.12574e-05
0.393097
0.000107328
0.395227
0.000118101
0.396925
0.000124962
0.398109
0.000129205
0.398892
0.00013174
0.399405
0.000133133
0.399735
0.000133779
0.399942
0.000133948
0.400066
0.000133824
0.400135
0.000133535
0.400168
0.000133168
0.400178
0.000132772
0.400175
0.000132384
0.400163
0.000132019
0.400148
0.000131687
0.400131
0.000131394
0.400114
0.000131138
0.400097
0.000130919
0.400083
0.000130732
0.400069
0.000130575
0.400058
0.000130444
0.400048
0.000130335
0.400039
0.000130245
0.400032
0.000130172
0.400026
0.000130112
0.400021
0.000130063
0.400017
0.000130024
0.400014
0.000129992
0.400011
0.000129966
0.400009
0.000129946
0.400007
0.00012993
0.400006
0.000129917
0.400004
0.000129906
0.400004
0.000129898
0.400003
0.000129892
0.400002
0.000129887
0.400002
0.000129883
0.400001
0.00012988
0.400001
0.000129878
0.400001
0.000129876
0.400001
0.000129875
0.4
0.000129873
0.4
0.000129872
0.4
0.000129872
0.4
0.000129871
0.4
0.000129871
0.4
0.00012987
0.4
0.00012987
0.4
0.00012987
0.4
0.00012987
0.4
0.00012987
0.4
0.00012987
0.4
0.000129869
0.4
0.000129869
0.4
0.000129869
0.4
0.000129869
0.4
0.000129869
0.4
0.000129869
0.4
0.000129869
0.4
0.000129869
0.4
0.000129869
0.4
0.000129869
0.4
0.000129869
0.4
0.000129869
0.4
0.000129869
0.4
0.000129869
0.4
0.000129869
0.4
0.000129869
0.4
0.000129869
0.4
0.000129869
0.4
0.000129869
0.4
0.000129869
0.4
0.000129869
0.4
0.000129868
0.4
0.000129868
0.4
0.000129867
0.4
0.000129866
0.4
0.000129865
0.4
0.000129864
0.4
0.000129863
0.4
0.000129861
0.400001
0.000129859
0.400001
0.000129857
0.400001
0.000129855
0.400001
0.000129853
0.400001
0.000129851
0.400001
0.000129852
0.400001
0.000129856
0.400001
0.000129867
0.399999
0.000129891
0.399997
0.000129936
0.399993
0.00013002
0.399986
0.000130168
0.399974
0.000130433
0.399953
0.000130918
0.39992
0.00013181
0.399867
0.000133453
0.399786
0.399703
-7.11883e-05
0.391036
-9.12476e-05
0.393117
-0.000107318
0.395243
-0.000118093
0.396936
-0.000124957
0.398115
-0.000129199
0.398896
-0.000131734
0.399408
-0.000133132
0.399736
-0.000133777
0.399942
-0.000133941
0.400066
-0.000133818
0.400135
-0.000133533
0.400168
-0.000133167
0.400178
-0.000132774
0.400174
-0.000132384
0.400163
-0.000132019
0.400147
-0.000131688
0.40013
-0.000131394
0.400113
-0.000131139
0.400097
-0.000130919
0.400082
-0.000130733
0.400069
-0.000130576
0.400058
-0.000130445
0.400048
-0.000130337
0.400039
-0.000130247
0.400032
-0.000130174
0.400026
-0.000130114
0.400021
-0.000130065
0.400017
-0.000130026
0.400014
-0.000129994
0.400011
-0.000129968
0.400009
-0.000129948
0.400007
-0.000129932
0.400006
-0.000129919
0.400004
-0.000129908
0.400004
-0.0001299
0.400003
-0.000129894
0.400002
-0.000129889
0.400002
-0.000129885
0.400001
-0.000129881
0.400001
-0.000129879
0.400001
-0.000129877
0.400001
-0.000129876
0.4
-0.000129874
0.4
-0.000129874
0.4
-0.000129873
0.4
-0.000129873
0.4
-0.000129872
0.4
-0.000129872
0.4
-0.000129872
0.4
-0.000129871
0.4
-0.000129871
0.4
-0.000129871
0.4
-0.000129871
0.4
-0.000129871
0.4
-0.000129871
0.4
-0.000129871
0.4
-0.000129871
0.4
-0.000129871
0.4
-0.000129871
0.4
-0.000129871
0.4
-0.000129871
0.4
-0.000129871
0.4
-0.000129871
0.4
-0.000129871
0.4
-0.000129871
0.4
-0.000129871
0.4
-0.000129871
0.4
-0.000129871
0.4
-0.00012987
0.4
-0.000129871
0.4
-0.00012987
0.4
-0.00012987
0.4
-0.00012987
0.4
-0.00012987
0.4
-0.00012987
0.4
-0.000129869
0.4
-0.000129869
0.4
-0.000129868
0.4
-0.000129867
0.4
-0.000129866
0.4
-0.000129865
0.4
-0.000129863
0.400001
-0.000129861
0.400001
-0.000129859
0.400001
-0.000129857
0.400001
-0.000129855
0.400001
-0.000129853
0.400001
-0.000129853
0.400001
-0.000129857
0.400001
-0.000129869
0.399999
-0.000129892
0.399997
-0.000129938
0.399993
-0.000130021
0.399986
-0.00013017
0.399974
-0.000130434
0.399954
-0.00013092
0.39992
-0.000131813
0.399868
-0.000133455
0.399787
0.399705
-0.000213871
0.391093
-0.000274103
0.393177
-0.000322253
0.395291
-0.000354495
0.396968
-0.000375023
0.398136
-0.000387706
0.398909
-0.00039528
0.399415
-0.000399444
0.39974
-0.000401362
0.399944
-0.000401848
0.400066
-0.00040147
0.400134
-0.000400606
0.400167
-0.000399503
0.400177
-0.000398319
0.400173
-0.00039715
0.400162
-0.000396055
0.400146
-0.000395061
0.400129
-0.00039418
0.400112
-0.000393414
0.400096
-0.000392755
0.400082
-0.000392196
0.400069
-0.000391726
0.400057
-0.000391333
0.400047
-0.000391008
0.400039
-0.000390739
0.400032
-0.000390519
0.400026
-0.000390339
0.400021
-0.000390193
0.400017
-0.000390075
0.400014
-0.000389979
0.400011
-0.000389903
0.400009
-0.000389842
0.400007
-0.000389793
0.400006
-0.000389754
0.400004
-0.000389723
0.400003
-0.000389699
0.400003
-0.00038968
0.400002
-0.000389664
0.400002
-0.000389653
0.400001
-0.000389643
0.400001
-0.000389636
0.400001
-0.00038963
0.400001
-0.000389626
0.4
-0.000389622
0.4
-0.00038962
0.4
-0.000389618
0.4
-0.000389616
0.4
-0.000389615
0.4
-0.000389614
0.4
-0.000389613
0.4
-0.000389613
0.4
-0.000389612
0.4
-0.000389612
0.4
-0.000389612
0.4
-0.000389612
0.4
-0.000389612
0.4
-0.000389612
0.4
-0.000389612
0.4
-0.000389612
0.4
-0.000389612
0.4
-0.000389612
0.4
-0.000389611
0.4
-0.000389611
0.4
-0.000389611
0.4
-0.000389611
0.4
-0.000389611
0.4
-0.000389611
0.4
-0.000389611
0.4
-0.000389611
0.4
-0.00038961
0.4
-0.00038961
0.4
-0.00038961
0.4
-0.000389609
0.4
-0.000389609
0.4
-0.000389608
0.4
-0.000389607
0.4
-0.000389606
0.4
-0.000389605
0.4
-0.000389603
0.4
-0.0003896
0.4
-0.000389597
0.4
-0.000389593
0.4
-0.000389588
0.400001
-0.000389582
0.400001
-0.000389575
0.400001
-0.000389568
0.400001
-0.000389562
0.400001
-0.000389557
0.400001
-0.000389558
0.400001
-0.00038957
0.400001
-0.000389604
0.399999
-0.000389674
0.399997
-0.00038981
0.399993
-0.000390058
0.399986
-0.000390501
0.399974
-0.000391286
0.399954
-0.000392731
0.399922
-0.000395387
0.399871
-0.000400275
0.399792
0.399713
-0.000357441
0.391189
-0.000458014
0.393278
-0.000538058
0.395371
-0.000591525
0.397022
-0.000625532
0.39817
-0.000646522
0.39893
-0.000659035
0.399428
-0.000665895
0.399747
-0.000669036
0.399947
-0.000669809
0.400067
-0.000669153
0.400134
-0.000667694
0.400165
-0.000665844
0.400175
-0.000663863
0.400171
-0.000661912
0.40016
-0.000660084
0.400144
-0.000658427
0.400128
-0.000656958
0.400111
-0.000655681
0.400095
-0.000654584
0.400081
-0.000653654
0.400068
-0.00065287
0.400056
-0.000652216
0.400047
-0.000651674
0.400039
-0.000651227
0.400032
-0.000650861
0.400026
-0.000650562
0.400021
-0.000650318
0.400017
-0.000650122
0.400014
-0.000649963
0.400011
-0.000649836
0.400009
-0.000649734
0.400007
-0.000649653
0.400006
-0.000649589
0.400004
-0.000649538
0.400003
-0.000649497
0.400003
-0.000649465
0.400002
-0.00064944
0.400002
-0.00064942
0.400001
-0.000649405
0.400001
-0.000649392
0.400001
-0.000649383
0.400001
-0.000649376
0.4
-0.00064937
0.4
-0.000649366
0.4
-0.000649362
0.4
-0.00064936
0.4
-0.000649358
0.4
-0.000649357
0.4
-0.000649355
0.4
-0.000649354
0.4
-0.000649354
0.4
-0.000649353
0.4
-0.000649353
0.4
-0.000649353
0.4
-0.000649352
0.4
-0.000649352
0.4
-0.000649352
0.4
-0.000649352
0.4
-0.000649352
0.4
-0.000649352
0.4
-0.000649352
0.4
-0.000649352
0.4
-0.000649351
0.4
-0.000649351
0.4
-0.000649351
0.4
-0.000649351
0.4
-0.000649351
0.4
-0.000649351
0.4
-0.00064935
0.4
-0.00064935
0.4
-0.000649349
0.4
-0.000649349
0.4
-0.000649348
0.4
-0.000649347
0.4
-0.000649345
0.4
-0.000649343
0.4
-0.000649341
0.4
-0.000649337
0.4
-0.000649333
0.4
-0.000649328
0.4
-0.000649321
0.4
-0.000649313
0.400001
-0.000649303
0.400001
-0.000649291
0.400001
-0.00064928
0.400001
-0.000649268
0.400001
-0.000649261
0.400001
-0.000649262
0.400001
-0.000649282
0.400001
-0.000649336
0.4
-0.000649451
0.399997
-0.000649674
0.399993
-0.00065008
0.399986
-0.000650807
0.399975
-0.000652096
0.399956
-0.000654464
0.399924
-0.000658816
0.399875
-0.000666834
0.3998
0.399725
-0.000502529
0.391325
-0.000643703
0.393419
-0.000755311
0.395483
-0.0008296
0.397096
-0.000876774
0.398217
-0.000905852
0.398959
-0.000923141
0.399445
-0.000932578
0.399757
-0.000936857
0.399952
-0.000937859
0.400068
-0.000936886
0.400133
-0.000934807
0.400163
-0.000932193
0.400172
-0.000929406
0.400168
-0.000926666
0.400157
-0.000924102
0.400142
-0.00092178
0.400125
-0.000919724
0.400109
-0.000917937
0.400093
-0.000916402
0.400079
-0.000915101
0.400066
-0.000914006
0.400055
-0.000913092
0.400046
-0.000912334
0.400038
-0.00091171
0.400031
-0.000911198
0.400025
-0.00091078
0.40002
-0.000910441
0.400017
-0.000910167
0.400013
-0.000909945
0.400011
-0.000909768
0.400009
-0.000909626
0.400007
-0.000909512
0.400005
-0.000909422
0.400004
-0.000909351
0.400003
-0.000909294
0.400003
-0.00090925
0.400002
-0.000909215
0.400002
-0.000909187
0.400001
-0.000909166
0.400001
-0.000909149
0.400001
-0.000909136
0.400001
-0.000909125
0.4
-0.000909118
0.4
-0.000909112
0.4
-0.000909107
0.4
-0.000909104
0.4
-0.0009091
0.4
-0.000909099
0.4
-0.000909097
0.4
-0.000909096
0.4
-0.000909095
0.4
-0.000909094
0.4
-0.000909093
0.4
-0.000909093
0.4
-0.000909093
0.4
-0.000909093
0.4
-0.000909092
0.4
-0.000909092
0.4
-0.000909092
0.4
-0.000909092
0.4
-0.000909092
0.4
-0.000909092
0.4
-0.000909092
0.4
-0.000909092
0.4
-0.000909091
0.4
-0.000909091
0.4
-0.000909091
0.4
-0.000909091
0.4
-0.00090909
0.4
-0.00090909
0.4
-0.000909089
0.4
-0.000909088
0.4
-0.000909087
0.4
-0.000909085
0.4
-0.000909083
0.4
-0.00090908
0.4
-0.000909077
0.4
-0.000909072
0.4
-0.000909066
0.4
-0.000909058
0.4
-0.000909049
0.4
-0.000909037
0.400001
-0.000909023
0.400001
-0.000909008
0.400001
-0.000908991
0.400001
-0.000908975
0.400001
-0.000908964
0.400001
-0.000908965
0.400001
-0.000908991
0.400001
-0.000909064
0.4
-0.00090922
0.399998
-0.000909524
0.399994
-0.000910079
0.399987
-0.000911073
0.399976
-0.000912834
0.399957
-0.000916067
0.399927
-0.000922005
0.399881
-0.00093296
0.399811
0.399742
-0.000649825
0.391501
-0.000831916
0.393601
-0.000974597
0.395626
-0.00106913
0.39719
-0.00112904
0.398277
-0.0011659
0.398996
-0.00118773
0.399467
-0.00119958
0.399768
-0.00120488
0.399957
-0.00120603
0.400069
-0.00120469
0.400131
-0.00120195
0.40016
-0.00119855
0.400169
-0.00119495
0.400165
-0.00119141
0.400153
-0.00118811
0.400139
-0.00118512
0.400122
-0.00118247
0.400106
-0.00118018
0.400091
-0.00117821
0.400077
-0.00117653
0.400065
-0.00117513
0.400054
-0.00117396
0.400045
-0.00117299
0.400037
-0.00117218
0.40003
-0.00117153
0.400025
-0.00117099
0.40002
-0.00117056
0.400016
-0.00117021
0.400013
-0.00116992
0.40001
-0.0011697
0.400008
-0.00116951
0.400007
-0.00116937
0.400005
-0.00116925
0.400004
-0.00116916
0.400003
-0.00116909
0.400003
-0.00116903
0.400002
-0.00116899
0.400002
-0.00116895
0.400001
-0.00116893
0.400001
-0.0011689
0.400001
-0.00116889
0.400001
-0.00116888
0.4
-0.00116887
0.4
-0.00116886
0.4
-0.00116885
0.4
-0.00116885
0.4
-0.00116884
0.4
-0.00116884
0.4
-0.00116884
0.4
-0.00116884
0.4
-0.00116884
0.4
-0.00116883
0.4
-0.00116883
0.4
-0.00116883
0.4
-0.00116883
0.4
-0.00116883
0.4
-0.00116883
0.4
-0.00116883
0.4
-0.00116883
0.4
-0.00116883
0.4
-0.00116883
0.4
-0.00116883
0.4
-0.00116883
0.4
-0.00116883
0.4
-0.00116883
0.4
-0.00116883
0.4
-0.00116883
0.4
-0.00116883
0.4
-0.00116883
0.4
-0.00116883
0.4
-0.00116883
0.4
-0.00116883
0.4
-0.00116883
0.4
-0.00116882
0.4
-0.00116882
0.4
-0.00116882
0.4
-0.00116881
0.4
-0.00116881
0.4
-0.0011688
0.4
-0.00116879
0.4
-0.00116878
0.4
-0.00116876
0.400001
-0.00116874
0.400001
-0.00116872
0.400001
-0.0011687
0.400001
-0.00116868
0.400001
-0.00116867
0.400001
-0.00116867
0.400001
-0.0011687
0.400001
-0.00116879
0.4
-0.00116898
0.399998
-0.00116936
0.399994
-0.00117005
0.399988
-0.00117128
0.399977
-0.00117348
0.39996
-0.00117749
0.399931
-0.00118487
0.399888
-0.00119849
0.399825
0.399764
-0.000800105
0.39172
-0.00102344
0.393824
-0.0011965
0.395799
-0.00131053
0.397304
-0.00138261
0.398349
-0.00142685
0.39904
-0.00145294
0.399493
-0.00146699
0.399782
-0.00147316
0.399963
-0.00147436
0.40007
-0.00147258
0.400129
-0.00146914
0.400157
-0.00146493
0.400165
-0.00146048
0.40016
-0.00145614
0.400149
-0.00145209
0.400134
-0.00144843
0.400119
-0.0014452
0.400103
-0.00144239
0.400088
-0.00143999
0.400075
-0.00143795
0.400063
-0.00143624
0.400052
-0.00143481
0.400043
-0.00143362
0.400036
-0.00143265
0.400029
-0.00143185
0.400024
-0.0014312
0.400019
-0.00143067
0.400016
-0.00143024
0.400013
-0.0014299
0.40001
-0.00142962
0.400008
-0.0014294
0.400006
-0.00142922
0.400005
-0.00142908
0.400004
-0.00142897
0.400003
-0.00142889
0.400002
-0.00142882
0.400002
-0.00142876
0.400002
-0.00142872
0.400001
-0.00142869
0.400001
-0.00142866
0.400001
-0.00142864
0.400001
-0.00142862
0.4
-0.00142861
0.4
-0.0014286
0.4
-0.0014286
0.4
-0.00142859
0.4
-0.00142859
0.4
-0.00142858
0.4
-0.00142858
0.4
-0.00142858
0.4
-0.00142858
0.4
-0.00142858
0.4
-0.00142857
0.4
-0.00142857
0.4
-0.00142857
0.4
-0.00142857
0.4
-0.00142857
0.4
-0.00142857
0.4
-0.00142857
0.4
-0.00142857
0.4
-0.00142857
0.4
-0.00142857
0.4
-0.00142857
0.4
-0.00142857
0.4
-0.00142857
0.4
-0.00142857
0.4
-0.00142857
0.4
-0.00142857
0.4
-0.00142857
0.4
-0.00142857
0.4
-0.00142857
0.4
-0.00142857
0.4
-0.00142856
0.4
-0.00142856
0.4
-0.00142856
0.4
-0.00142855
0.4
-0.00142855
0.4
-0.00142854
0.4
-0.00142853
0.4
-0.00142852
0.4
-0.0014285
0.4
-0.00142849
0.400001
-0.00142846
0.400001
-0.00142844
0.400001
-0.00142841
0.400001
-0.00142839
0.400001
-0.00142837
0.400001
-0.00142836
0.400001
-0.0014284
0.400001
-0.0014285
0.4
-0.00142872
0.399998
-0.00142917
0.399994
-0.00142998
0.399989
-0.00143143
0.399979
-0.001434
0.399962
-0.0014387
0.399936
-0.00144732
0.399897
-0.00146327
0.399841
0.399788
-0.000954269
0.391985
-0.00121909
0.394089
-0.00142161
0.396001
-0.00155421
0.397437
-0.00163777
0.398433
-0.00168891
0.399091
-0.0017189
0.399523
-0.00173489
0.399798
-0.00174175
0.39997
-0.00174288
0.400072
-0.00174057
0.400127
-0.00173638
0.400153
-0.00173131
0.40016
-0.00172601
0.400155
-0.00172084
0.400144
-0.00171604
0.40013
-0.00171172
0.400114
-0.0017079
0.400099
-0.00170458
0.400085
-0.00170175
0.400072
-0.00169934
0.40006
-0.00169732
0.40005
-0.00169564
0.400042
-0.00169425
0.400034
-0.0016931
0.400028
-0.00169216
0.400023
-0.0016914
0.400018
-0.00169077
0.400015
-0.00169027
0.400012
-0.00168987
0.40001
-0.00168954
0.400008
-0.00168928
0.400006
-0.00168908
0.400005
-0.00168891
0.400004
-0.00168878
0.400003
-0.00168868
0.400002
-0.0016886
0.400002
-0.00168853
0.400001
-0.00168848
0.400001
-0.00168845
0.400001
-0.00168841
0.400001
-0.00168839
0.400001
-0.00168837
0.4
-0.00168836
0.4
-0.00168835
0.4
-0.00168834
0.4
-0.00168833
0.4
-0.00168833
0.4
-0.00168832
0.4
-0.00168832
0.4
-0.00168832
0.4
-0.00168832
0.4
-0.00168832
0.4
-0.00168831
0.4
-0.00168831
0.4
-0.00168831
0.4
-0.00168831
0.4
-0.00168831
0.4
-0.00168831
0.4
-0.00168831
0.4
-0.00168831
0.4
-0.00168831
0.4
-0.00168831
0.4
-0.00168831
0.4
-0.00168831
0.4
-0.00168831
0.4
-0.00168831
0.4
-0.00168831
0.4
-0.00168831
0.4
-0.00168831
0.4
-0.00168831
0.4
-0.00168831
0.4
-0.0016883
0.4
-0.0016883
0.4
-0.0016883
0.4
-0.0016883
0.4
-0.00168829
0.4
-0.00168828
0.4
-0.00168828
0.4
-0.00168826
0.4
-0.00168825
0.4
-0.00168823
0.4
-0.00168821
0.400001
-0.00168819
0.400001
-0.00168816
0.400001
-0.00168812
0.400001
-0.00168809
0.400001
-0.00168807
0.400001
-0.00168806
0.400001
-0.00168809
0.400001
-0.0016882
0.4
-0.00168845
0.399998
-0.00168895
0.399995
-0.00168986
0.399989
-0.00169149
0.39998
-0.00169438
0.399965
-0.00169965
0.399941
-0.00170928
0.399906
-0.00172714
0.399859
0.399816
-0.00111338
0.392297
-0.00141975
0.394395
-0.0016505
0.396232
-0.00180055
0.397587
-0.00189479
0.398527
-0.00195225
0.399149
-0.00198572
0.399556
-0.00200335
0.399816
-0.0020107
0.399977
-0.0020116
0.400072
-0.00200867
0.400124
-0.00200367
0.400148
-0.00199771
0.400154
-0.00199152
0.400149
-0.00198553
0.400138
-0.00197997
0.400124
-0.00197497
0.400109
-0.00197056
0.400095
-0.00196674
0.400081
-0.00196347
0.400069
-0.00196071
0.400058
-0.00195839
0.400048
-0.00195645
0.40004
-0.00195485
0.400033
-0.00195354
0.400027
-0.00195246
0.400022
-0.00195158
0.400018
-0.00195087
0.400014
-0.00195029
0.400011
-0.00194983
0.400009
-0.00194946
0.400007
-0.00194916
0.400006
-0.00194892
0.400005
-0.00194873
0.400004
-0.00194859
0.400003
-0.00194847
0.400002
-0.00194838
0.400002
-0.0019483
0.400001
-0.00194825
0.400001
-0.0019482
0.400001
-0.00194817
0.400001
-0.00194814
0.400001
-0.00194812
0.4
-0.0019481
0.4
-0.00194809
0.4
-0.00194808
0.4
-0.00194807
0.4
-0.00194807
0.4
-0.00194806
0.4
-0.00194806
0.4
-0.00194806
0.4
-0.00194805
0.4
-0.00194805
0.4
-0.00194805
0.4
-0.00194805
0.4
-0.00194805
0.4
-0.00194805
0.4
-0.00194805
0.4
-0.00194805
0.4
-0.00194805
0.4
-0.00194805
0.4
-0.00194805
0.4
-0.00194805
0.4
-0.00194805
0.4
-0.00194805
0.4
-0.00194805
0.4
-0.00194805
0.4
-0.00194805
0.4
-0.00194805
0.4
-0.00194804
0.4
-0.00194804
0.4
-0.00194804
0.4
-0.00194804
0.4
-0.00194804
0.4
-0.00194803
0.4
-0.00194803
0.4
-0.00194802
0.4
-0.00194802
0.4
-0.00194801
0.4
-0.00194799
0.4
-0.00194798
0.4
-0.00194796
0.4
-0.00194793
0.400001
-0.0019479
0.400001
-0.00194787
0.400001
-0.00194783
0.400001
-0.00194779
0.400001
-0.00194776
0.400001
-0.00194775
0.400001
-0.00194778
0.400001
-0.0019479
0.4
-0.00194816
0.399998
-0.0019487
0.399996
-0.00194969
0.39999
-0.00195146
0.399982
-0.00195459
0.399968
-0.0019603
0.399947
-0.0019707
0.399917
-0.00198999
0.399878
0.399846
-0.00127869
0.39266
-0.00162634
0.394743
-0.00188377
0.396489
-0.00204995
0.397753
-0.00215392
0.398631
-0.00221705
0.399212
-0.00225351
0.399593
-0.00227245
0.399835
-0.00228004
0.399985
-0.00228056
0.400073
-0.0022769
0.400121
-0.00227101
0.400142
-0.00226412
0.400147
-0.00225702
0.400142
-0.00225018
0.400131
-0.00224385
0.400118
-0.00223817
0.400104
-0.00223318
0.40009
-0.00222886
0.400077
-0.00222516
0.400065
-0.00222204
0.400054
-0.00221942
0.400045
-0.00221724
0.400037
-0.00221543
0.400031
-0.00221395
0.400025
-0.00221274
0.400021
-0.00221175
0.400017
-0.00221095
0.400013
-0.0022103
0.400011
-0.00220978
0.400009
-0.00220936
0.400007
-0.00220902
0.400005
-0.00220876
0.400004
-0.00220855
0.400003
-0.00220838
0.400003
-0.00220825
0.400002
-0.00220814
0.400002
-0.00220806
0.400001
-0.002208
0.400001
-0.00220795
0.400001
-0.00220791
0.400001
-0.00220788
0.4
-0.00220786
0.4
-0.00220784
0.4
-0.00220782
0.4
-0.00220781
0.4
-0.00220781
0.4
-0.0022078
0.4
-0.00220779
0.4
-0.00220779
0.4
-0.00220779
0.4
-0.00220779
0.4
-0.00220778
0.4
-0.00220778
0.4
-0.00220778
0.4
-0.00220778
0.4
-0.00220778
0.4
-0.00220778
0.4
-0.00220778
0.4
-0.00220778
0.4
-0.00220778
0.4
-0.00220778
0.4
-0.00220778
0.4
-0.00220778
0.4
-0.00220778
0.4
-0.00220778
0.4
-0.00220778
0.4
-0.00220778
0.4
-0.00220778
0.4
-0.00220778
0.4
-0.00220777
0.4
-0.00220777
0.4
-0.00220777
0.4
-0.00220777
0.4
-0.00220776
0.4
-0.00220776
0.4
-0.00220775
0.4
-0.00220774
0.4
-0.00220773
0.4
-0.00220772
0.4
-0.0022077
0.4
-0.00220768
0.4
-0.00220765
0.4
-0.00220762
0.400001
-0.00220758
0.400001
-0.00220753
0.400001
-0.00220749
0.400001
-0.00220745
0.400001
-0.00220743
0.400001
-0.00220746
0.400001
-0.00220757
0.4
-0.00220785
0.399999
-0.00220841
0.399996
-0.00220945
0.399991
-0.00221133
0.399984
-0.00221464
0.399972
-0.00222063
0.399953
-0.00223151
0.399928
-0.00225168
0.399898
0.399878
-0.00145172
0.39308
-0.00183983
0.395131
-0.00212197
0.396772
-0.00230277
0.397934
-0.00241541
0.398744
-0.00248345
0.39928
-0.00252237
0.399632
-0.00254223
0.399855
-0.0025498
0.399993
-0.00254975
0.400073
-0.00254526
0.400116
-0.0025384
0.400135
-0.00253053
0.400139
-0.00252248
0.400134
-0.00251477
0.400123
-0.00250767
0.400111
-0.00250132
0.400097
-0.00249573
0.400084
-0.00249091
0.400072
-0.00248679
0.400061
-0.00248332
0.400051
-0.0024804
0.400042
-0.00247798
0.400035
-0.00247597
0.400029
-0.00247432
0.400024
-0.00247298
0.400019
-0.00247188
0.400016
-0.00247099
0.400013
-0.00247027
0.40001
-0.0024697
0.400008
-0.00246923
0.400006
-0.00246887
0.400005
-0.00246857
0.400004
-0.00246834
0.400003
-0.00246815
0.400003
-0.00246801
0.400002
-0.00246789
0.400002
-0.0024678
0.400001
-0.00246773
0.400001
-0.00246768
0.400001
-0.00246763
0.400001
-0.0024676
0.4
-0.00246758
0.4
-0.00246756
0.4
-0.00246754
0.4
-0.00246753
0.4
-0.00246752
0.4
-0.00246751
0.4
-0.00246751
0.4
-0.0024675
0.4
-0.0024675
0.4
-0.0024675
0.4
-0.0024675
0.4
-0.00246749
0.4
-0.00246749
0.4
-0.00246749
0.4
-0.00246749
0.4
-0.00246749
0.4
-0.00246749
0.4
-0.00246749
0.4
-0.00246749
0.4
-0.00246749
0.4
-0.00246749
0.4
-0.00246749
0.4
-0.00246749
0.4
-0.00246749
0.4
-0.00246749
0.4
-0.00246749
0.4
-0.00246749
0.4
-0.00246749
0.4
-0.00246748
0.4
-0.00246748
0.4
-0.00246748
0.4
-0.00246748
0.4
-0.00246747
0.4
-0.00246747
0.4
-0.00246746
0.4
-0.00246745
0.4
-0.00246744
0.4
-0.00246742
0.4
-0.0024674
0.4
-0.00246738
0.4
-0.00246735
0.4
-0.00246731
0.400001
-0.00246726
0.400001
-0.00246721
0.400001
-0.00246716
0.400001
-0.00246711
0.400001
-0.00246709
0.400001
-0.00246711
0.400001
-0.00246722
0.4
-0.0024675
0.399999
-0.00246807
0.399997
-0.00246914
0.399993
-0.00247108
0.399986
-0.00247448
0.399975
-0.00248061
0.399959
-0.00249167
0.399939
-0.00251211
0.399919
0.39991
-0.00163427
0.393561
-0.00206121
0.395558
-0.00236564
0.397076
-0.00255934
0.398128
-0.00267944
0.398864
-0.00275158
0.399352
-0.00279236
0.399673
-0.00281272
0.399875
-0.00281997
0.4
-0.00281917
0.400072
-0.0028137
0.400111
-0.00280579
0.400127
-0.00279688
0.40013
-0.00278787
0.400125
-0.00277927
0.400115
-0.00277139
0.400103
-0.00276435
0.40009
-0.00275818
0.400078
-0.00275286
0.400067
-0.00274832
0.400056
-0.0027445
0.400047
-0.00274129
0.400039
-0.00273863
0.400032
-0.00273643
0.400027
-0.00273462
0.400022
-0.00273314
0.400018
-0.00273194
0.400014
-0.00273097
0.400012
-0.00273018
0.400009
-0.00272955
0.400007
-0.00272905
0.400006
-0.00272864
0.400005
-0.00272832
0.400004
-0.00272807
0.400003
-0.00272786
0.400002
-0.00272771
0.400002
-0.00272758
0.400001
-0.00272748
0.400001
-0.00272741
0.400001
-0.00272735
0.400001
-0.0027273
0.400001
-0.00272726
0.4
-0.00272724
0.4
-0.00272721
0.4
-0.0027272
0.4
-0.00272718
0.4
-0.00272717
0.4
-0.00272717
0.4
-0.00272716
0.4
-0.00272716
0.4
-0.00272715
0.4
-0.00272715
0.4
-0.00272715
0.4
-0.00272715
0.4
-0.00272715
0.4
-0.00272714
0.4
-0.00272714
0.4
-0.00272714
0.4
-0.00272714
0.4
-0.00272714
0.4
-0.00272714
0.4
-0.00272714
0.4
-0.00272714
0.4
-0.00272714
0.4
-0.00272714
0.4
-0.00272714
0.4
-0.00272714
0.4
-0.00272714
0.4
-0.00272714
0.4
-0.00272714
0.4
-0.00272714
0.4
-0.00272713
0.4
-0.00272713
0.4
-0.00272713
0.4
-0.00272712
0.4
-0.00272712
0.4
-0.00272711
0.4
-0.0027271
0.4
-0.00272709
0.4
-0.00272707
0.4
-0.00272705
0.4
-0.00272702
0.4
-0.00272698
0.4
-0.00272694
0.400001
-0.00272689
0.400001
-0.00272684
0.400001
-0.00272678
0.400001
-0.00272672
0.400001
-0.00272668
0.400001
-0.00272669
0.400001
-0.00272679
0.4
-0.00272706
0.399999
-0.00272763
0.399997
-0.00272871
0.399994
-0.00273066
0.399988
-0.00273408
0.399978
-0.0027402
0.399965
-0.00275112
0.39995
-0.00277118
0.399939
0.399941
-0.00182843
0.394108
-0.00229144
0.396021
-0.00261521
0.3974
-0.00281988
0.398332
-0.00294613
0.39899
-0.00302145
0.399427
-0.00306343
0.399715
-0.00308384
0.399896
-0.00309047
0.400006
-0.0030887
0.40007
-0.00308211
0.400104
-0.00307307
0.400118
-0.00306307
0.40012
-0.00305305
0.400115
-0.00304355
0.400105
-0.00303488
0.400094
-0.00302715
0.400083
-0.0030204
0.400071
-0.00301458
0.400061
-0.00300963
0.400051
-0.00300546
0.400043
-0.00300197
0.400036
-0.00299907
0.400029
-0.00299668
0.400024
-0.00299472
0.40002
-0.00299311
0.400016
-0.00299181
0.400013
-0.00299076
0.400011
-0.00298991
0.400008
-0.00298922
0.400007
-0.00298867
0.400005
-0.00298824
0.400004
-0.00298789
0.400003
-0.00298761
0.400003
-0.0029874
0.400002
-0.00298723
0.400002
-0.00298709
0.400001
-0.00298699
0.400001
-0.0029869
0.400001
-0.00298684
0.400001
-0.00298679
0.4
-0.00298675
0.4
-0.00298672
0.4
-0.0029867
0.4
-0.00298668
0.4
-0.00298666
0.4
-0.00298665
0.4
-0.00298664
0.4
-0.00298664
0.4
-0.00298663
0.4
-0.00298663
0.4
-0.00298663
0.4
-0.00298662
0.4
-0.00298662
0.4
-0.00298662
0.4
-0.00298662
0.4
-0.00298662
0.4
-0.00298662
0.4
-0.00298662
0.4
-0.00298662
0.4
-0.00298662
0.4
-0.00298662
0.4
-0.00298662
0.4
-0.00298662
0.4
-0.00298662
0.4
-0.00298662
0.4
-0.00298662
0.4
-0.00298662
0.4
-0.00298661
0.4
-0.00298661
0.4
-0.00298661
0.4
-0.00298661
0.4
-0.00298661
0.4
-0.0029866
0.4
-0.0029866
0.4
-0.00298659
0.4
-0.00298658
0.4
-0.00298657
0.4
-0.00298656
0.4
-0.00298654
0.4
-0.00298652
0.4
-0.00298649
0.4
-0.00298645
0.4
-0.0029864
0.4
-0.00298635
0.400001
-0.00298628
0.400001
-0.00298622
0.400001
-0.00298615
0.400001
-0.0029861
0.400001
-0.00298609
0.400001
-0.00298618
0.4
-0.00298643
0.4
-0.00298698
0.399998
-0.00298804
0.399995
-0.00298997
0.39999
-0.00299333
0.399982
-0.00299927
0.399971
-0.00300973
0.39996
-0.00302871
0.399958
0.39997
-0.00203646
0.394728
-0.00253129
0.396516
-0.00287089
0.397739
-0.00308436
0.398546
-0.0032153
0.399121
-0.00329282
0.399505
-0.00333531
0.399757
-0.00335528
0.399916
-0.00336096
0.400012
-0.003358
0.400067
-0.00335016
0.400096
-0.00333988
0.400108
-0.00332873
0.400109
-0.00331767
0.400103
-0.00330725
0.400095
-0.00329777
0.400085
-0.00328936
0.400074
-0.00328203
0.400064
-0.00327572
0.400054
-0.00327036
0.400046
-0.00326585
0.400038
-0.00326208
0.400032
-0.00325896
0.400026
-0.00325638
0.400022
-0.00325426
0.400018
-0.00325254
0.400014
-0.00325114
0.400012
-0.00325
0.400009
-0.00324909
0.400008
-0.00324835
0.400006
-0.00324777
0.400005
-0.0032473
0.400004
-0.00324693
0.400003
-0.00324663
0.400002
-0.0032464
0.400002
-0.00324621
0.400001
-0.00324607
0.400001
-0.00324596
0.400001
-0.00324587
0.400001
-0.0032458
0.400001
-0.00324575
0.4
-0.00324571
0.4
-0.00324567
0.4
-0.00324565
0.4
-0.00324563
0.4
-0.00324561
0.4
-0.0032456
0.4
-0.00324559
0.4
-0.00324559
0.4
-0.00324558
0.4
-0.00324558
0.4
-0.00324558
0.4
-0.00324557
0.4
-0.00324557
0.4
-0.00324557
0.4
-0.00324557
0.4
-0.00324557
0.4
-0.00324557
0.4
-0.00324557
0.4
-0.00324557
0.4
-0.00324557
0.4
-0.00324557
0.4
-0.00324557
0.4
-0.00324557
0.4
-0.00324557
0.4
-0.00324557
0.4
-0.00324556
0.4
-0.00324556
0.4
-0.00324556
0.4
-0.00324556
0.4
-0.00324556
0.4
-0.00324556
0.4
-0.00324556
0.4
-0.00324555
0.4
-0.00324555
0.4
-0.00324554
0.4
-0.00324553
0.4
-0.00324552
0.4
-0.0032455
0.4
-0.00324548
0.4
-0.00324546
0.4
-0.00324542
0.4
-0.00324538
0.4
-0.00324533
0.4
-0.00324527
0.400001
-0.0032452
0.400001
-0.00324513
0.400001
-0.00324505
0.400001
-0.00324499
0.400001
-0.00324496
0.400001
-0.00324503
0.4
-0.00324525
0.4
-0.00324577
0.399998
-0.00324679
0.399996
-0.00324865
0.399991
-0.00325188
0.399985
-0.0032575
0.399977
-0.00326718
0.39997
-0.00328434
0.399975
0.399996
-0.00226029
0.395424
-0.00278088
0.397036
-0.00313213
0.398091
-0.00335201
0.398766
-0.00348608
0.399255
-0.00356473
0.399583
-0.003607
0.399799
-0.00362602
0.399935
-0.0036304
0.400016
-0.00362602
0.400063
-0.00361677
0.400087
-0.00360516
0.400096
-0.0035928
0.400096
-0.00358066
0.400091
-0.0035693
0.400083
-0.00355902
0.400074
-0.00354992
0.400065
-0.003542
0.400056
-0.00353522
0.400048
-0.00352945
0.40004
-0.00352461
0.400034
-0.00352057
0.400028
-0.00351722
0.400023
-0.00351446
0.400019
-0.0035122
0.400015
-0.00351035
0.400013
-0.00350886
0.40001
-0.00350765
0.400008
-0.00350667
0.400007
-0.00350589
0.400005
-0.00350527
0.400004
-0.00350477
0.400003
-0.00350437
0.400003
-0.00350406
0.400002
-0.00350381
0.400002
-0.00350362
0.400001
-0.00350346
0.400001
-0.00350335
0.400001
-0.00350325
0.400001
-0.00350318
0.4
-0.00350312
0.4
-0.00350308
0.4
-0.00350304
0.4
-0.00350302
0.4
-0.003503
0.4
-0.00350298
0.4
-0.00350297
0.4
-0.00350296
0.4
-0.00350295
0.4
-0.00350295
0.4
-0.00350294
0.4
-0.00350294
0.4
-0.00350294
0.4
-0.00350294
0.4
-0.00350294
0.4
-0.00350293
0.4
-0.00350293
0.4
-0.00350293
0.4
-0.00350293
0.4
-0.00350293
0.4
-0.00350293
0.4
-0.00350293
0.4
-0.00350293
0.4
-0.00350293
0.4
-0.00350293
0.4
-0.00350293
0.4
-0.00350293
0.4
-0.00350293
0.4
-0.00350293
0.4
-0.00350293
0.4
-0.00350293
0.4
-0.00350292
0.4
-0.00350292
0.4
-0.00350292
0.4
-0.00350291
0.4
-0.0035029
0.4
-0.00350289
0.4
-0.00350288
0.4
-0.00350286
0.4
-0.00350284
0.4
-0.00350282
0.4
-0.00350278
0.4
-0.00350274
0.4
-0.00350268
0.4
-0.00350262
0.4
-0.00350254
0.400001
-0.00350245
0.400001
-0.00350236
0.400001
-0.00350229
0.400001
-0.00350224
0.400001
-0.00350228
0.400001
-0.00350247
0.4
-0.00350294
0.399999
-0.00350389
0.399997
-0.00350565
0.399993
-0.00350869
0.399988
-0.00351385
0.399982
-0.00352246
0.399978
-0.00353705
0.399989
0.400017
-0.00250012
0.396198
-0.00303833
0.397575
-0.00339623
0.398449
-0.00361986
0.398989
-0.0037554
0.39939
-0.00383407
0.399662
-0.00387534
0.399841
-0.00389289
0.399952
-0.00389561
0.400019
-0.00388959
0.400057
-0.00387877
0.400076
-0.00386573
0.400083
-0.0038521
0.400083
-0.00383885
0.400078
-0.00382654
0.400071
-0.00381544
0.400063
-0.00380565
0.400055
-0.00379716
0.400047
-0.00378989
0.40004
-0.00378373
0.400034
-0.00377856
0.400028
-0.00377426
0.400024
-0.00377069
0.400019
-0.00376776
0.400016
-0.00376535
0.400013
-0.0037634
0.400011
-0.00376181
0.400009
-0.00376053
0.400007
-0.0037595
0.400006
-0.00375867
0.400004
-0.00375801
0.400004
-0.00375748
0.400003
-0.00375706
0.400002
-0.00375673
0.400002
-0.00375647
0.400001
-0.00375627
0.400001
-0.00375611
0.400001
-0.00375598
0.400001
-0.00375588
0.400001
-0.00375581
0.4
-0.00375575
0.4
-0.0037557
0.4
-0.00375566
0.4
-0.00375564
0.4
-0.00375562
0.4
-0.0037556
0.4
-0.00375559
0.4
-0.00375558
0.4
-0.00375557
0.4
-0.00375556
0.4
-0.00375556
0.4
-0.00375556
0.4
-0.00375555
0.4
-0.00375555
0.4
-0.00375555
0.4
-0.00375555
0.4
-0.00375555
0.4
-0.00375555
0.4
-0.00375555
0.4
-0.00375555
0.4
-0.00375555
0.4
-0.00375555
0.4
-0.00375555
0.4
-0.00375555
0.4
-0.00375554
0.4
-0.00375554
0.4
-0.00375554
0.4
-0.00375554
0.4
-0.00375554
0.4
-0.00375554
0.4
-0.00375554
0.4
-0.00375554
0.4
-0.00375553
0.4
-0.00375553
0.4
-0.00375552
0.4
-0.00375552
0.4
-0.00375551
0.4
-0.00375549
0.4
-0.00375548
0.4
-0.00375545
0.4
-0.00375542
0.4
-0.00375539
0.4
-0.00375534
0.4
-0.00375528
0.4
-0.00375521
0.4
-0.00375513
0.4
-0.00375503
0.400001
-0.00375493
0.400001
-0.00375483
0.400001
-0.00375476
0.400001
-0.00375477
0.400001
-0.00375492
0.4
-0.00375533
0.399999
-0.00375619
0.399998
-0.00375781
0.399995
-0.00376061
0.399991
-0.00376521
0.399987
-0.00377248
0.399986
-0.00378375
0.400001
0.400033
-0.00274995
0.397041
-0.00329553
0.39812
-0.00365409
0.398807
-0.0038785
0.399214
-0.00401378
0.399526
-0.00409133
0.39974
-0.00413084
0.39988
-0.00414638
0.399968
-0.00414709
0.40002
-0.00413917
0.400049
-0.00412663
0.400064
-0.00411208
0.400069
-0.00409711
0.400068
-0.00408272
0.400064
-0.00406944
0.400058
-0.00405752
0.400051
-0.00404704
0.400045
-0.00403798
0.400038
-0.00403024
0.400033
-0.00402369
0.400027
-0.00401821
0.400023
-0.00401364
0.400019
-0.00400987
0.400016
-0.00400676
0.400013
-0.00400423
0.40001
-0.00400216
0.400008
-0.00400049
0.400007
-0.00399914
0.400006
-0.00399805
0.400004
-0.00399718
0.400004
-0.00399649
0.400003
-0.00399593
0.400002
-0.0039955
0.400002
-0.00399515
0.400001
-0.00399488
0.400001
-0.00399466
0.400001
-0.00399449
0.400001
-0.00399436
0.400001
-0.00399426
0.4
-0.00399418
0.4
-0.00399412
0.4
-0.00399407
0.4
-0.00399403
0.4
-0.003994
0.4
-0.00399398
0.4
-0.00399396
0.4
-0.00399395
0.4
-0.00399394
0.4
-0.00399393
0.4
-0.00399393
0.4
-0.00399392
0.4
-0.00399392
0.4
-0.00399392
0.4
-0.00399391
0.4
-0.00399391
0.4
-0.00399391
0.4
-0.00399391
0.4
-0.00399391
0.4
-0.00399391
0.4
-0.00399391
0.4
-0.00399391
0.4
-0.00399391
0.4
-0.00399391
0.4
-0.00399391
0.4
-0.00399391
0.4
-0.00399391
0.4
-0.00399391
0.4
-0.00399391
0.4
-0.0039939
0.4
-0.0039939
0.4
-0.0039939
0.4
-0.0039939
0.4
-0.0039939
0.4
-0.00399389
0.4
-0.00399389
0.4
-0.00399388
0.4
-0.00399387
0.4
-0.00399385
0.4
-0.00399383
0.4
-0.00399381
0.4
-0.00399378
0.4
-0.00399374
0.4
-0.00399369
0.4
-0.00399363
0.4
-0.00399355
0.4
-0.00399346
0.4
-0.00399335
0.4
-0.00399324
0.400001
-0.00399312
0.400001
-0.00399303
0.400001
-0.003993
0.4
-0.00399309
0.4
-0.00399343
0.4
-0.00399419
0.399998
-0.00399565
0.399996
-0.00399816
0.399993
-0.00400212
0.399991
-0.00400785
0.399991
-0.00401511
0.400008
0.400041
-0.00298459
0.397931
-0.00352562
0.398661
-0.00387738
0.399159
-0.00409932
0.399436
-0.00423261
0.399659
-0.00430788
0.399815
-0.00434487
0.399917
-0.00435787
0.399981
-0.00435623
0.400018
-0.00434619
0.400039
-0.0043318
0.400049
-0.00431563
0.400052
-0.00429929
0.400051
-0.00428373
0.400048
-0.00426946
0.400044
-0.00425672
0.400039
-0.00424556
0.400034
-0.00423594
0.400029
-0.00422774
0.400024
-0.00422082
0.400021
-0.00421502
0.400017
-0.00421021
0.400014
-0.00420624
0.400012
-0.00420298
0.40001
-0.00420031
0.400008
-0.00419814
0.400006
-0.00419639
0.400005
-0.00419497
0.400004
-0.00419384
0.400003
-0.00419293
0.400003
-0.0041922
0.400002
-0.00419162
0.400002
-0.00419117
0.400001
-0.00419081
0.400001
-0.00419052
0.400001
-0.0041903
0.400001
-0.00419012
0.400001
-0.00418998
0.4
-0.00418988
0.4
-0.0041898
0.4
-0.00418973
0.4
-0.00418968
0.4
-0.00418964
0.4
-0.00418961
0.4
-0.00418959
0.4
-0.00418957
0.4
-0.00418956
0.4
-0.00418955
0.4
-0.00418954
0.4
-0.00418953
0.4
-0.00418953
0.4
-0.00418953
0.4
-0.00418952
0.4
-0.00418952
0.4
-0.00418952
0.4
-0.00418952
0.4
-0.00418952
0.4
-0.00418952
0.4
-0.00418952
0.4
-0.00418952
0.4
-0.00418952
0.4
-0.00418952
0.4
-0.00418951
0.4
-0.00418951
0.4
-0.00418951
0.4
-0.00418951
0.4
-0.00418951
0.4
-0.00418951
0.4
-0.00418951
0.4
-0.00418951
0.4
-0.00418951
0.4
-0.00418951
0.4
-0.0041895
0.4
-0.0041895
0.4
-0.00418949
0.4
-0.00418948
0.4
-0.00418947
0.4
-0.00418946
0.4
-0.00418944
0.4
-0.00418941
0.4
-0.00418938
0.4
-0.00418934
0.4
-0.00418929
0.4
-0.00418922
0.4
-0.00418914
0.4
-0.00418904
0.4
-0.00418893
0.4
-0.0041888
0.4
-0.00418866
0.4
-0.00418854
0.4
-0.00418846
0.4
-0.0041885
0.4
-0.00418876
0.4
-0.0041894
0.399999
-0.00419066
0.399998
-0.00419287
0.399996
-0.00419617
0.399994
-0.00420026
0.399996
-0.004203
0.400011
0.40004
-0.00312115
0.398811
-0.00364505
0.399185
-0.00398039
0.399494
-0.00419626
0.399652
-0.00432592
0.399789
-0.0043978
0.399887
-0.00443155
0.399951
-0.00444154
0.399991
-0.00443725
0.400014
-0.00442492
0.400027
-0.00440856
0.400033
-0.00439073
0.400035
-0.00437299
0.400034
-0.00435625
0.400031
-0.00434101
0.400028
-0.00432746
0.400025
-0.00431564
0.400022
-0.00430548
0.400019
-0.00429684
0.400016
-0.00428956
0.400013
-0.00428348
0.400011
-0.00427843
0.400009
-0.00427427
0.400008
-0.00427086
0.400006
-0.00426808
0.400005
-0.00426582
0.400004
-0.00426399
0.400003
-0.00426251
0.400003
-0.00426133
0.400002
-0.00426039
0.400002
-0.00425963
0.400001
-0.00425904
0.400001
-0.00425856
0.400001
-0.00425819
0.400001
-0.00425789
0.400001
-0.00425766
0.4
-0.00425748
0.4
-0.00425734
0.4
-0.00425723
0.4
-0.00425714
0.4
-0.00425708
0.4
-0.00425703
0.4
-0.00425699
0.4
-0.00425696
0.4
-0.00425693
0.4
-0.00425691
0.4
-0.0042569
0.4
-0.00425689
0.4
-0.00425688
0.4
-0.00425687
0.4
-0.00425687
0.4
-0.00425687
0.4
-0.00425686
0.4
-0.00425686
0.4
-0.00425686
0.4
-0.00425686
0.4
-0.00425686
0.4
-0.00425686
0.4
-0.00425686
0.4
-0.00425686
0.4
-0.00425686
0.4
-0.00425686
0.4
-0.00425686
0.4
-0.00425685
0.4
-0.00425685
0.4
-0.00425685
0.4
-0.00425685
0.4
-0.00425685
0.4
-0.00425685
0.4
-0.00425685
0.4
-0.00425685
0.4
-0.00425685
0.4
-0.00425684
0.4
-0.00425684
0.4
-0.00425683
0.4
-0.00425682
0.4
-0.00425681
0.4
-0.0042568
0.4
-0.00425678
0.4
-0.00425675
0.4
-0.00425672
0.4
-0.00425668
0.4
-0.00425662
0.4
-0.00425655
0.4
-0.00425646
0.4
-0.00425636
0.4
-0.00425623
0.4
-0.00425609
0.4
-0.00425593
0.4
-0.00425578
0.4
-0.00425566
0.4
-0.00425563
0.4
-0.0042558
0.4
-0.0042563
0.399999
-0.00425737
0.399999
-0.00425926
0.399997
-0.00426192
0.399997
-0.00426446
0.399998
-0.00426272
0.400009
0.400031
-0.00290596
0.399584
-0.00339782
0.399677
-0.00370534
0.399802
-0.00391127
0.399858
-0.00403588
0.399913
-0.00410331
0.399954
-0.0041333
0.399981
-0.00413995
0.399997
-0.00413287
0.400007
-0.00411817
0.400012
-0.00409985
0.400014
-0.00408038
0.400015
-0.00406128
0.400015
-0.00404343
0.400014
-0.00402728
0.400012
-0.00401299
0.400011
-0.00400056
0.400009
-0.00398991
0.400008
-0.00398087
0.400007
-0.00397328
0.400006
-0.00396694
0.400005
-0.0039617
0.400004
-0.00395738
0.400003
-0.00395384
0.400003
-0.00395096
0.400002
-0.00394862
0.400002
-0.00394673
0.400001
-0.00394521
0.400001
-0.00394399
0.400001
-0.00394302
0.400001
-0.00394224
0.400001
-0.00394163
0.4
-0.00394114
0.4
-0.00394076
0.4
-0.00394046
0.4
-0.00394022
0.4
-0.00394003
0.4
-0.00393989
0.4
-0.00393978
0.4
-0.00393969
0.4
-0.00393962
0.4
-0.00393957
0.4
-0.00393953
0.4
-0.0039395
0.4
-0.00393947
0.4
-0.00393945
0.4
-0.00393944
0.4
-0.00393943
0.4
-0.00393942
0.4
-0.00393942
0.4
-0.00393941
0.4
-0.00393941
0.4
-0.0039394
0.4
-0.0039394
0.4
-0.0039394
0.4
-0.0039394
0.4
-0.0039394
0.4
-0.0039394
0.4
-0.0039394
0.4
-0.0039394
0.4
-0.0039394
0.4
-0.0039394
0.4
-0.0039394
0.4
-0.0039394
0.4
-0.00393939
0.4
-0.00393939
0.4
-0.00393939
0.4
-0.00393939
0.4
-0.00393939
0.4
-0.00393939
0.4
-0.00393939
0.4
-0.00393939
0.4
-0.00393938
0.4
-0.00393938
0.4
-0.00393937
0.4
-0.00393936
0.4
-0.00393935
0.4
-0.00393934
0.4
-0.00393932
0.4
-0.00393929
0.4
-0.00393926
0.4
-0.00393921
0.4
-0.00393915
0.4
-0.00393908
0.4
-0.00393899
0.4
-0.00393888
0.4
-0.00393874
0.4
-0.00393858
0.4
-0.00393841
0.4
-0.00393822
0.4
-0.00393806
0.4
-0.00393797
0.4
-0.00393804
0.4
-0.00393841
0.4
-0.00393927
0.399999
-0.00394085
0.399999
-0.00394295
0.399999
-0.00394431
0.399999
-0.00393944
0.400004
0.400015
-0.00180393
-0.0021269
-0.00232513
-0.00246758
-0.00255434
-0.00260009
-0.0026193
-0.00262198
-0.00261511
-0.00260304
-0.0025886
-0.00257354
-0.00255894
-0.00254537
-0.00253316
-0.0025224
-0.00251307
-0.00250509
-0.00249833
-0.00249266
-0.00248794
-0.00248404
-0.00248083
-0.00247821
-0.00247607
-0.00247434
-0.00247294
-0.00247182
-0.00247092
-0.0024702
-0.00246963
-0.00246917
-0.00246882
-0.00246853
-0.00246831
-0.00246814
-0.002468
-0.0024679
-0.00246781
-0.00246775
-0.0024677
-0.00246766
-0.00246763
-0.00246761
-0.00246759
-0.00246758
-0.00246757
-0.00246756
-0.00246755
-0.00246755
-0.00246754
-0.00246754
-0.00246754
-0.00246754
-0.00246754
-0.00246754
-0.00246754
-0.00246754
-0.00246754
-0.00246753
-0.00246753
-0.00246753
-0.00246753
-0.00246753
-0.00246753
-0.00246753
-0.00246753
-0.00246753
-0.00246753
-0.00246753
-0.00246753
-0.00246753
-0.00246753
-0.00246752
-0.00246752
-0.00246751
-0.0024675
-0.00246749
-0.00246748
-0.00246746
-0.00246743
-0.0024674
-0.00246736
-0.0024673
-0.00246723
-0.00246715
-0.00246704
-0.00246692
-0.00246678
-0.00246663
-0.00246649
-0.00246638
-0.00246638
-0.00246656
-0.00246707
-0.00246805
-0.00246932
-0.0024699
-0.0024658
)
;

boundaryField
{
    inlet
    {
        type            calculated;
        value           nonuniform List<scalar> 
40
(
-0.0013877
-0.0021335
-0.00224126
-0.00209459
-0.00190612
-0.00172646
-0.00156401
-0.00141678
-0.00128104
-0.00115358
-0.0010321
-0.000915034
-0.000801298
-0.000690133
-0.000580974
-0.000473384
-0.000367004
-0.000261526
-0.000156674
-5.21895e-05
5.21729e-05
0.000156657
0.00026151
0.000366989
0.00047337
0.000580961
0.000690121
0.000801288
0.000915024
0.00103209
0.00115358
0.00128104
0.00141678
0.00156401
0.00172646
0.00190612
0.00209459
0.00224127
0.0021335
0.00138771
)
;
    }
    outlet
    {
        type            calculated;
        value           nonuniform List<scalar> 
40
(
0.00245122
0.0039229
0.0042536
0.00420264
0.00402307
0.003799
0.00355832
0.00331026
0.0030579
0.00280232
0.00254399
0.00228318
0.00202011
0.00175501
0.00148812
0.00121969
0.000949982
0.000679278
0.000407855
0.000135999
-0.000136002
-0.000407858
-0.000679281
-0.000949985
-0.00121969
-0.00148812
-0.00175501
-0.00202011
-0.00228318
-0.002544
-0.00280232
-0.0030579
-0.00331026
-0.00355832
-0.003799
-0.00402308
-0.00420264
-0.0042536
-0.0039229
-0.00245122
)
;
    }
    lowerWall
    {
        type            calculated;
        value           nonuniform List<scalar> 
100
(
-0.4
-0.4
-0.4
-0.4
-0.4
-0.4
-0.4
-0.4
-0.4
-0.4
-0.4
-0.4
-0.4
-0.4
-0.4
-0.4
-0.4
-0.4
-0.4
-0.4
-0.4
-0.4
-0.4
-0.4
-0.4
-0.4
-0.4
-0.4
-0.4
-0.4
-0.4
-0.4
-0.4
-0.4
-0.4
-0.4
-0.4
-0.4
-0.4
-0.4
-0.4
-0.4
-0.4
-0.4
-0.4
-0.4
-0.4
-0.4
-0.4
-0.4
-0.4
-0.4
-0.4
-0.4
-0.4
-0.4
-0.4
-0.4
-0.4
-0.4
-0.4
-0.4
-0.4
-0.4
-0.4
-0.4
-0.4
-0.4
-0.4
-0.4
-0.4
-0.4
-0.4
-0.4
-0.4
-0.4
-0.4
-0.4
-0.4
-0.4
-0.4
-0.4
-0.4
-0.4
-0.4
-0.4
-0.4
-0.4
-0.4
-0.4
-0.4
-0.4
-0.4
-0.4
-0.4
-0.4
-0.4
-0.4
-0.4
-0.4
)
;
    }
    upperWall
    {
        type            calculated;
        value           nonuniform List<scalar> 
100
(
0.4
0.4
0.4
0.4
0.4
0.4
0.4
0.4
0.4
0.4
0.4
0.4
0.4
0.4
0.4
0.4
0.4
0.4
0.4
0.4
0.4
0.4
0.4
0.4
0.4
0.4
0.4
0.4
0.4
0.4
0.4
0.4
0.4
0.4
0.4
0.4
0.4
0.4
0.4
0.4
0.4
0.4
0.4
0.4
0.4
0.4
0.4
0.4
0.4
0.4
0.4
0.4
0.4
0.4
0.4
0.4
0.4
0.4
0.4
0.4
0.4
0.4
0.4
0.4
0.4
0.4
0.4
0.4
0.4
0.4
0.4
0.4
0.4
0.4
0.4
0.4
0.4
0.4
0.4
0.4
0.4
0.4
0.4
0.4
0.4
0.4
0.4
0.4
0.4
0.4
0.4
0.4
0.4
0.4
0.4
0.4
0.4
0.4
0.4
0.4
)
;
    }
    frontAndBack
    {
        type            empty;
        value           nonuniform 0();
    }
}


// ************************************************************************* //
