/*--------------------------------*- C++ -*----------------------------------*\
| =========                 |                                                 |
| \\      /  F ield         | OpenFOAM: The Open Source CFD Toolbox           |
|  \\    /   O peration     | Version:  v1906                                 |
|   \\  /    A nd           | Web:      www.OpenFOAM.com                      |
|    \\/     M anipulation  |                                                 |
\*---------------------------------------------------------------------------*/
FoamFile
{
    version     2.0;
    format      ascii;
    class       volVectorField;
    location    "1.5";
    object      U;
}
// * * * * * * * * * * * * * * * * * * * * * * * * * * * * * * * * * * * * * //

dimensions      [0 1 -1 0 0 0 0];


internalField   nonuniform List<vector> 
4000
(
(0.427058 0.0732088 0)
(0.418083 0.00685352 0)
(0.375377 -0.000524482 0)
(0.378994 -0.00107163 0)
(0.37776 -0.00130998 0)
(0.378954 -0.00121027 0)
(0.378716 -0.00120154 0)
(0.378663 -0.00117691 0)
(0.378374 -0.0011797 0)
(0.378162 -0.00118028 0)
(0.377949 -0.00118461 0)
(0.377779 -0.00118752 0)
(0.377632 -0.00119055 0)
(0.37751 -0.00119288 0)
(0.377406 -0.00119487 0)
(0.377319 -0.00119647 0)
(0.377245 -0.00119782 0)
(0.377183 -0.00119894 0)
(0.37713 -0.0011999 0)
(0.377085 -0.00120069 0)
(0.377047 -0.00120134 0)
(0.377016 -0.00120188 0)
(0.376989 -0.00120236 0)
(0.376967 -0.00120277 0)
(0.376948 -0.00120312 0)
(0.376933 -0.00120343 0)
(0.376921 -0.00120366 0)
(0.376911 -0.00120388 0)
(0.376902 -0.00120402 0)
(0.376896 -0.00120416 0)
(0.37689 -0.00120427 0)
(0.376886 -0.00120438 0)
(0.376883 -0.00120446 0)
(0.37688 -0.00120452 0)
(0.376878 -0.00120457 0)
(0.376876 -0.0012046 0)
(0.376875 -0.00120462 0)
(0.376874 -0.00120466 0)
(0.376873 -0.00120468 0)
(0.376873 -0.00120471 0)
(0.376872 -0.00120471 0)
(0.376872 -0.00120472 0)
(0.376872 -0.00120472 0)
(0.376871 -0.00120472 0)
(0.376871 -0.00120473 0)
(0.376871 -0.00120474 0)
(0.376871 -0.00120473 0)
(0.376871 -0.00120474 0)
(0.376871 -0.00120473 0)
(0.376871 -0.00120474 0)
(0.376871 -0.00120473 0)
(0.376871 -0.00120474 0)
(0.376871 -0.00120473 0)
(0.376871 -0.00120474 0)
(0.376871 -0.00120473 0)
(0.376871 -0.00120473 0)
(0.376871 -0.00120473 0)
(0.376871 -0.00120474 0)
(0.376871 -0.00120474 0)
(0.376871 -0.00120475 0)
(0.376871 -0.00120474 0)
(0.376871 -0.00120474 0)
(0.376871 -0.00120473 0)
(0.376871 -0.00120474 0)
(0.376871 -0.00120474 0)
(0.376871 -0.00120474 0)
(0.376871 -0.00120474 0)
(0.376871 -0.00120475 0)
(0.376871 -0.00120474 0)
(0.376871 -0.00120474 0)
(0.376871 -0.00120474 0)
(0.376871 -0.00120474 0)
(0.376871 -0.00120474 0)
(0.376871 -0.00120474 0)
(0.376871 -0.00120473 0)
(0.376871 -0.00120474 0)
(0.376871 -0.00120473 0)
(0.376871 -0.00120473 0)
(0.376871 -0.00120473 0)
(0.376871 -0.00120473 0)
(0.376871 -0.00120472 0)
(0.376871 -0.00120472 0)
(0.37687 -0.00120471 0)
(0.37687 -0.00120471 0)
(0.37687 -0.00120469 0)
(0.37687 -0.00120467 0)
(0.376869 -0.00120463 0)
(0.376868 -0.00120459 0)
(0.376866 -0.00120453 0)
(0.376864 -0.00120445 0)
(0.376861 -0.00120435 0)
(0.376858 -0.00120426 0)
(0.376853 -0.0012042 0)
(0.376847 -0.00120432 0)
(0.376845 -0.00120471 0)
(0.376839 -0.00120465 0)
(0.376839 -0.00120166 0)
(0.37671 -0.00118546 0)
(0.376552 -0.00116682 0)
(0.376217 -0.00130297 0)
(0.789025 0.171997 0)
(0.802456 0.0240843 0)
(0.735251 0.00283798 0)
(0.741176 8.23631e-05 0)
(0.738271 -0.000770352 0)
(0.740424 -0.000457966 0)
(0.739988 -0.000394593 0)
(0.739953 -0.000302305 0)
(0.739465 -0.000304272 0)
(0.739113 -0.000305856 0)
(0.738746 -0.000320763 0)
(0.738455 -0.000332455 0)
(0.738199 -0.000344292 0)
(0.737987 -0.000353531 0)
(0.737806 -0.000361403 0)
(0.737654 -0.00036788 0)
(0.737524 -0.000373454 0)
(0.737415 -0.000378116 0)
(0.737321 -0.000382115 0)
(0.737242 -0.00038548 0)
(0.737174 -0.000388351 0)
(0.737117 -0.000390769 0)
(0.73707 -0.000392885 0)
(0.73703 -0.000394749 0)
(0.736996 -0.000396297 0)
(0.736969 -0.000397679 0)
(0.736946 -0.000398759 0)
(0.736927 -0.00039972 0)
(0.736912 -0.00040045 0)
(0.736899 -0.000401096 0)
(0.736889 -0.000401644 0)
(0.736881 -0.000402102 0)
(0.736875 -0.000402478 0)
(0.73687 -0.000402768 0)
(0.736866 -0.000402989 0)
(0.736862 -0.000403179 0)
(0.73686 -0.000403301 0)
(0.736858 -0.000403448 0)
(0.736857 -0.000403531 0)
(0.736856 -0.000403636 0)
(0.736855 -0.000403663 0)
(0.736854 -0.000403701 0)
(0.736854 -0.000403707 0)
(0.736853 -0.000403741 0)
(0.736853 -0.000403753 0)
(0.736853 -0.000403782 0)
(0.736852 -0.000403775 0)
(0.736852 -0.000403796 0)
(0.736852 -0.000403787 0)
(0.736852 -0.000403819 0)
(0.736852 -0.000403806 0)
(0.736852 -0.000403827 0)
(0.736852 -0.000403809 0)
(0.736852 -0.000403821 0)
(0.736852 -0.000403798 0)
(0.736852 -0.00040381 0)
(0.736852 -0.000403804 0)
(0.736852 -0.000403828 0)
(0.736852 -0.000403821 0)
(0.736852 -0.000403839 0)
(0.736852 -0.00040382 0)
(0.736852 -0.000403831 0)
(0.736852 -0.000403809 0)
(0.736852 -0.000403827 0)
(0.736852 -0.000403816 0)
(0.736852 -0.000403834 0)
(0.736852 -0.000403822 0)
(0.736852 -0.000403834 0)
(0.736852 -0.000403817 0)
(0.736852 -0.000403823 0)
(0.736852 -0.000403806 0)
(0.736852 -0.000403819 0)
(0.736852 -0.000403804 0)
(0.736852 -0.000403814 0)
(0.736852 -0.0004038 0)
(0.736852 -0.00040381 0)
(0.736852 -0.000403794 0)
(0.736852 -0.000403799 0)
(0.736852 -0.000403784 0)
(0.736852 -0.000403791 0)
(0.736852 -0.000403773 0)
(0.736852 -0.000403767 0)
(0.736851 -0.000403733 0)
(0.736851 -0.000403704 0)
(0.73685 -0.00040364 0)
(0.73685 -0.000403563 0)
(0.736848 -0.00040343 0)
(0.736847 -0.000403265 0)
(0.736844 -0.000403023 0)
(0.73684 -0.000402723 0)
(0.736835 -0.000402317 0)
(0.736828 -0.000401899 0)
(0.73682 -0.000401559 0)
(0.736809 -0.000401745 0)
(0.736802 -0.000402248 0)
(0.736783 -0.000400164 0)
(0.736763 -0.000382633 0)
(0.736485 -0.000315995 0)
(0.736102 -0.00021298 0)
(0.734293 -0.000457858 0)
(0.938119 0.195346 0)
(0.975044 0.0389516 0)
(0.907005 0.00767956 0)
(0.914222 0.00116759 0)
(0.910137 -0.000439878 0)
(0.91266 9.11729e-06 0)
(0.912101 0.000173 0)
(0.912131 0.000349329 0)
(0.911601 0.000358515 0)
(0.911238 0.000354424 0)
(0.910842 0.000324902 0)
(0.910531 0.000299842 0)
(0.910255 0.000275547 0)
(0.910027 0.000256576 0)
(0.909831 0.00024046 0)
(0.909666 0.000227094 0)
(0.909525 0.000215777 0)
(0.909405 0.000206314 0)
(0.909302 0.000198197 0)
(0.909215 0.000191334 0)
(0.909141 0.000185421 0)
(0.909078 0.00018041 0)
(0.909024 0.000176022 0)
(0.90898 0.000172169 0)
(0.908942 0.000168964 0)
(0.908911 0.000166109 0)
(0.908885 0.000163839 0)
(0.908864 0.000161818 0)
(0.908846 0.000160226 0)
(0.908832 0.00015884 0)
(0.90882 0.000157677 0)
(0.908811 0.000156726 0)
(0.908803 0.000155936 0)
(0.908797 0.000155316 0)
(0.908792 0.000154818 0)
(0.908789 0.000154388 0)
(0.908786 0.000154092 0)
(0.908784 0.000153785 0)
(0.908782 0.000153611 0)
(0.908781 0.000153417 0)
(0.90878 0.00015335 0)
(0.908779 0.000153265 0)
(0.908778 0.000153235 0)
(0.908778 0.000153173 0)
(0.908777 0.000153147 0)
(0.908777 0.000153096 0)
(0.908777 0.000153094 0)
(0.908776 0.000153043 0)
(0.908776 0.000153045 0)
(0.908776 0.000152986 0)
(0.908776 0.000153001 0)
(0.908776 0.000152963 0)
(0.908776 0.000152987 0)
(0.908776 0.000152967 0)
(0.908776 0.000153 0)
(0.908776 0.000152983 0)
(0.908776 0.000152998 0)
(0.908776 0.000152967 0)
(0.908776 0.000152984 0)
(0.908776 0.000152956 0)
(0.908776 0.000152982 0)
(0.908776 0.000152957 0)
(0.908776 0.000152987 0)
(0.908776 0.000152957 0)
(0.908776 0.000152976 0)
(0.908776 0.000152952 0)
(0.908777 0.000152977 0)
(0.908777 0.000152964 0)
(0.908777 0.000152995 0)
(0.908776 0.000152985 0)
(0.908776 0.000153013 0)
(0.908776 0.000152995 0)
(0.908776 0.000153019 0)
(0.908776 0.000153002 0)
(0.908776 0.000153022 0)
(0.908776 0.000153004 0)
(0.908776 0.000153026 0)
(0.908776 0.000153016 0)
(0.908776 0.000153038 0)
(0.908776 0.00015303 0)
(0.908776 0.000153063 0)
(0.908776 0.000153081 0)
(0.908775 0.000153147 0)
(0.908775 0.000153212 0)
(0.908774 0.000153341 0)
(0.908773 0.000153502 0)
(0.908772 0.000153766 0)
(0.90877 0.000154106 0)
(0.908767 0.000154601 0)
(0.908763 0.000155229 0)
(0.908758 0.000156077 0)
(0.90875 0.000156977 0)
(0.90874 0.000157811 0)
(0.908727 0.000157827 0)
(0.908716 0.000158245 0)
(0.908686 0.000165067 0)
(0.908646 0.000210324 0)
(0.908279 0.000360041 0)
(0.907752 0.000653235 0)
(0.904637 0.000606956 0)
(0.996185 0.187104 0)
(1.04998 0.0487172 0)
(0.988515 0.0120555 0)
(0.996762 0.00171761 0)
(0.99191 -0.000560359 0)
(0.994558 -6.94305e-05 0)
(0.993906 0.000207615 0)
(0.994013 0.000462683 0)
(0.993508 0.000489121 0)
(0.993189 0.000482561 0)
(0.992821 0.000439763 0)
(0.992536 0.000402119 0)
(0.99228 0.000365941 0)
(0.992069 0.000336796 0)
(0.991887 0.000311877 0)
(0.991734 0.000291056 0)
(0.991602 0.000274116 0)
(0.99149 0.000259949 0)
(0.991394 0.000247787 0)
(0.991311 0.000237447 0)
(0.991241 0.000228487 0)
(0.991181 0.000220837 0)
(0.99113 0.000214173 0)
(0.991087 0.000208359 0)
(0.99105 0.000203505 0)
(0.99102 0.000199187 0)
(0.990995 0.000195708 0)
(0.990974 0.000192621 0)
(0.990956 0.000190143 0)
(0.990942 0.000187998 0)
(0.990931 0.000186209 0)
(0.990921 0.000184751 0)
(0.990914 0.00018353 0)
(0.990908 0.000182553 0)
(0.990903 0.000181756 0)
(0.990899 0.000181065 0)
(0.990896 0.000180578 0)
(0.990894 0.000180103 0)
(0.990892 0.000179832 0)
(0.990891 0.000179547 0)
(0.99089 0.00017943 0)
(0.990889 0.000179295 0)
(0.990888 0.000179238 0)
(0.990888 0.00017915 0)
(0.990887 0.000179109 0)
(0.990887 0.000179032 0)
(0.990886 0.000179015 0)
(0.990886 0.00017893 0)
(0.990886 0.000178921 0)
(0.990886 0.000178834 0)
(0.990886 0.000178848 0)
(0.990886 0.000178795 0)
(0.990886 0.000178826 0)
(0.990886 0.000178799 0)
(0.990886 0.000178845 0)
(0.990886 0.000178825 0)
(0.990886 0.000178852 0)
(0.990886 0.000178816 0)
(0.990886 0.00017884 0)
(0.990886 0.0001788 0)
(0.990886 0.000178827 0)
(0.990886 0.000178788 0)
(0.990886 0.000178823 0)
(0.990886 0.000178785 0)
(0.990886 0.000178814 0)
(0.990886 0.000178788 0)
(0.990886 0.000178826 0)
(0.990886 0.000178814 0)
(0.990886 0.000178856 0)
(0.990886 0.000178841 0)
(0.990886 0.000178879 0)
(0.990886 0.000178857 0)
(0.990886 0.000178889 0)
(0.990886 0.000178865 0)
(0.990886 0.000178891 0)
(0.990886 0.000178866 0)
(0.990886 0.000178894 0)
(0.990886 0.000178879 0)
(0.990886 0.00017891 0)
(0.990886 0.000178902 0)
(0.990886 0.00017895 0)
(0.990885 0.000178983 0)
(0.990885 0.000179082 0)
(0.990885 0.000179185 0)
(0.990884 0.000179382 0)
(0.990883 0.000179632 0)
(0.990882 0.000180032 0)
(0.99088 0.000180556 0)
(0.990877 0.000181317 0)
(0.990873 0.000182294 0)
(0.990868 0.000183612 0)
(0.990861 0.000185048 0)
(0.990851 0.000186533 0)
(0.990838 0.000187111 0)
(0.990824 0.000189577 0)
(0.990785 0.00020312 0)
(0.99073 0.000283727 0)
(0.990321 0.000530305 0)
(0.989739 0.00109574 0)
(0.985951 0.00141741 0)
(1.01561 0.170944 0)
(1.07996 0.0545047 0)
(1.02684 0.0154867 0)
(1.03597 0.00206003 0)
(1.03067 -0.000747162 0)
(1.03333 -0.000265427 0)
(1.0326 0.000117966 0)
(1.03279 0.000433252 0)
(1.03233 0.000476901 0)
(1.03208 0.000468569 0)
(1.03177 0.000417016 0)
(1.03153 0.000370139 0)
(1.03131 0.000325009 0)
(1.03113 0.000287677 0)
(1.03098 0.00025582 0)
(1.03085 0.000229142 0)
(1.03073 0.00020724 0)
(1.03064 0.000188824 0)
(1.03055 0.000172945 0)
(1.03048 0.000159327 0)
(1.03042 0.000147414 0)
(1.03037 0.000137107 0)
(1.03032 0.000128267 0)
(1.03028 0.000120715 0)
(1.03025 0.000114379 0)
(1.03022 0.000108737 0)
(1.0302 0.000104142 0)
(1.03018 0.000100063 0)
(1.03017 9.67679e-05 0)
(1.03015 9.39354e-05 0)
(1.03014 9.15809e-05 0)
(1.03013 8.96564e-05 0)
(1.03013 8.80376e-05 0)
(1.03012 8.67211e-05 0)
(1.03012 8.56436e-05 0)
(1.03011 8.47113e-05 0)
(1.03011 8.4042e-05 0)
(1.03011 8.34079e-05 0)
(1.03011 8.30393e-05 0)
(1.03011 8.26678e-05 0)
(1.0301 8.25021e-05 0)
(1.0301 8.23184e-05 0)
(1.0301 8.22372e-05 0)
(1.0301 8.21246e-05 0)
(1.0301 8.20681e-05 0)
(1.0301 8.19628e-05 0)
(1.0301 8.19279e-05 0)
(1.0301 8.18099e-05 0)
(1.0301 8.17884e-05 0)
(1.0301 8.16771e-05 0)
(1.0301 8.16895e-05 0)
(1.0301 8.16247e-05 0)
(1.0301 8.16633e-05 0)
(1.0301 8.16332e-05 0)
(1.0301 8.16897e-05 0)
(1.0301 8.16687e-05 0)
(1.0301 8.17054e-05 0)
(1.0301 8.16655e-05 0)
(1.0301 8.16933e-05 0)
(1.0301 8.16401e-05 0)
(1.0301 8.16672e-05 0)
(1.0301 8.16141e-05 0)
(1.0301 8.16548e-05 0)
(1.0301 8.16108e-05 0)
(1.0301 8.16499e-05 0)
(1.0301 8.16227e-05 0)
(1.0301 8.16732e-05 0)
(1.0301 8.16621e-05 0)
(1.0301 8.17132e-05 0)
(1.0301 8.16952e-05 0)
(1.0301 8.17413e-05 0)
(1.0301 8.17155e-05 0)
(1.0301 8.17542e-05 0)
(1.0301 8.17246e-05 0)
(1.0301 8.17545e-05 0)
(1.0301 8.17248e-05 0)
(1.0301 8.17579e-05 0)
(1.0301 8.17401e-05 0)
(1.0301 8.17782e-05 0)
(1.0301 8.17723e-05 0)
(1.0301 8.18346e-05 0)
(1.0301 8.18806e-05 0)
(1.0301 8.20099e-05 0)
(1.0301 8.2149e-05 0)
(1.0301 8.24067e-05 0)
(1.0301 8.27369e-05 0)
(1.0301 8.32593e-05 0)
(1.0301 8.39486e-05 0)
(1.03009 8.49479e-05 0)
(1.03009 8.62388e-05 0)
(1.03009 8.79854e-05 0)
(1.03008 8.99403e-05 0)
(1.03007 9.21601e-05 0)
(1.03006 9.36295e-05 0)
(1.03004 9.90703e-05 0)
(1.03 0.000120592 0)
(1.02994 0.00023993 0)
(1.02952 0.000575282 0)
(1.02896 0.00144288 0)
(1.02509 0.00215099 0)
(1.01909 0.153475 0)
(1.08945 0.0575327 0)
(1.04455 0.0180261 0)
(1.05443 0.00236459 0)
(1.04889 -0.000844179 0)
(1.05153 -0.000404623 0)
(1.05074 7.25486e-05 0)
(1.05099 0.000430627 0)
(1.0506 0.000490058 0)
(1.05043 0.000480507 0)
(1.05017 0.000422468 0)
(1.04999 0.000368166 0)
(1.04981 0.000316285 0)
(1.04967 0.000273252 0)
(1.04955 0.000236841 0)
(1.04944 0.00020642 0)
(1.04935 0.000180709 0)
(1.04928 0.000159029 0)
(1.04921 0.000140331 0)
(1.04915 0.000124255 0)
(1.0491 0.00011018 0)
(1.04906 9.79682e-05 0)
(1.04902 8.74401e-05 0)
(1.04899 7.8382e-05 0)
(1.04896 7.07147e-05 0)
(1.04894 6.38495e-05 0)
(1.04892 5.81657e-05 0)
(1.0489 5.30806e-05 0)
(1.04889 4.90003e-05 0)
(1.04888 4.55628e-05 0)
(1.04887 4.2709e-05 0)
(1.04886 4.03585e-05 0)
(1.04885 3.83789e-05 0)
(1.04885 3.67577e-05 0)
(1.04884 3.54348e-05 0)
(1.04884 3.42927e-05 0)
(1.04884 3.34627e-05 0)
(1.04884 3.2688e-05 0)
(1.04884 3.2229e-05 0)
(1.04883 3.17778e-05 0)
(1.04883 3.15653e-05 0)
(1.04883 3.13371e-05 0)
(1.04883 3.12337e-05 0)
(1.04883 3.10976e-05 0)
(1.04883 3.10274e-05 0)
(1.04883 3.0894e-05 0)
(1.04883 3.08412e-05 0)
(1.04883 3.06936e-05 0)
(1.04883 3.06612e-05 0)
(1.04883 3.05292e-05 0)
(1.04883 3.05398e-05 0)
(1.04883 3.04652e-05 0)
(1.04883 3.05118e-05 0)
(1.04883 3.04787e-05 0)
(1.04883 3.05451e-05 0)
(1.04883 3.05222e-05 0)
(1.04883 3.05681e-05 0)
(1.04883 3.0523e-05 0)
(1.04883 3.05534e-05 0)
(1.04883 3.04879e-05 0)
(1.04883 3.05141e-05 0)
(1.04883 3.04487e-05 0)
(1.04883 3.04944e-05 0)
(1.04883 3.04465e-05 0)
(1.04883 3.04954e-05 0)
(1.04883 3.04671e-05 0)
(1.04883 3.05282e-05 0)
(1.04883 3.05174e-05 0)
(1.04883 3.05773e-05 0)
(1.04883 3.05557e-05 0)
(1.04883 3.0609e-05 0)
(1.04883 3.05802e-05 0)
(1.04883 3.06244e-05 0)
(1.04883 3.05894e-05 0)
(1.04883 3.06233e-05 0)
(1.04883 3.05892e-05 0)
(1.04883 3.06272e-05 0)
(1.04883 3.06069e-05 0)
(1.04883 3.06521e-05 0)
(1.04883 3.06478e-05 0)
(1.04883 3.07232e-05 0)
(1.04883 3.07808e-05 0)
(1.04883 3.09363e-05 0)
(1.04883 3.11058e-05 0)
(1.04883 3.14153e-05 0)
(1.04883 3.1813e-05 0)
(1.04883 3.24372e-05 0)
(1.04883 3.32638e-05 0)
(1.04882 3.44623e-05 0)
(1.04882 3.60134e-05 0)
(1.04882 3.813e-05 0)
(1.04881 4.05793e-05 0)
(1.0488 4.36001e-05 0)
(1.04879 4.62221e-05 0)
(1.04877 5.53967e-05 0)
(1.04873 8.55742e-05 0)
(1.04867 0.00024062 0)
(1.04828 0.000654168 0)
(1.04778 0.0018186 0)
(1.04425 0.00286292 0)
(1.0165 0.136371 0)
(1.08993 0.0584945 0)
(1.05244 0.0197492 0)
(1.06295 0.00262363 0)
(1.05733 -0.000874043 0)
(1.05991 -0.000494034 0)
(1.05907 5.81997e-05 0)
(1.05939 0.000447258 0)
(1.05906 0.000520772 0)
(1.05896 0.000510555 0)
(1.05877 0.000447794 0)
(1.05864 0.000387649 0)
(1.05851 0.00033045 0)
(1.05841 0.000282871 0)
(1.05832 0.000242723 0)
(1.05825 0.000209203 0)
(1.05818 0.000180868 0)
(1.05812 0.000157012 0)
(1.05807 0.000136498 0)
(1.05803 0.000118908 0)
(1.05799 0.000103586 0)
(1.05795 9.03628e-05 0)
(1.05793 7.87824e-05 0)
(1.0579 6.86218e-05 0)
(1.05788 5.99782e-05 0)
(1.05786 5.22284e-05 0)
(1.05785 4.57688e-05 0)
(1.05783 3.99867e-05 0)
(1.05782 3.53004e-05 0)
(1.05781 3.13188e-05 0)
(1.05781 2.79893e-05 0)
(1.0578 2.52002e-05 0)
(1.05779 2.28558e-05 0)
(1.05779 2.09684e-05 0)
(1.05779 1.94325e-05 0)
(1.05778 1.8104e-05 0)
(1.05778 1.71392e-05 0)
(1.05778 1.62468e-05 0)
(1.05778 1.57095e-05 0)
(1.05778 1.51891e-05 0)
(1.05778 1.49345e-05 0)
(1.05778 1.46677e-05 0)
(1.05778 1.45439e-05 0)
(1.05778 1.4386e-05 0)
(1.05778 1.43039e-05 0)
(1.05778 1.41452e-05 0)
(1.05777 1.40767e-05 0)
(1.05777 1.39038e-05 0)
(1.05777 1.3862e-05 0)
(1.05777 1.37136e-05 0)
(1.05777 1.37226e-05 0)
(1.05777 1.36401e-05 0)
(1.05777 1.36937e-05 0)
(1.05777 1.36576e-05 0)
(1.05777 1.37312e-05 0)
(1.05777 1.37051e-05 0)
(1.05777 1.37578e-05 0)
(1.05777 1.37078e-05 0)
(1.05777 1.37404e-05 0)
(1.05777 1.36649e-05 0)
(1.05777 1.36909e-05 0)
(1.05777 1.36152e-05 0)
(1.05777 1.36646e-05 0)
(1.05777 1.36137e-05 0)
(1.05777 1.36711e-05 0)
(1.05777 1.36421e-05 0)
(1.05777 1.37121e-05 0)
(1.05777 1.37018e-05 0)
(1.05777 1.37702e-05 0)
(1.05777 1.37461e-05 0)
(1.05777 1.38054e-05 0)
(1.05777 1.37738e-05 0)
(1.05777 1.38225e-05 0)
(1.05777 1.37826e-05 0)
(1.05777 1.38195e-05 0)
(1.05777 1.37811e-05 0)
(1.05777 1.38231e-05 0)
(1.05777 1.38004e-05 0)
(1.05777 1.38517e-05 0)
(1.05777 1.38485e-05 0)
(1.05777 1.39344e-05 0)
(1.05777 1.40015e-05 0)
(1.05777 1.41787e-05 0)
(1.05777 1.4373e-05 0)
(1.05777 1.47239e-05 0)
(1.05777 1.51747e-05 0)
(1.05777 1.58785e-05 0)
(1.05777 1.68105e-05 0)
(1.05777 1.81652e-05 0)
(1.05777 1.99363e-05 0)
(1.05776 2.23749e-05 0)
(1.05776 2.53412e-05 0)
(1.05775 2.92695e-05 0)
(1.05774 3.32352e-05 0)
(1.05773 4.61969e-05 0)
(1.05768 8.41847e-05 0)
(1.05762 0.000269217 0)
(1.05728 0.000751765 0)
(1.05688 0.00217966 0)
(1.05392 0.00349282 0)
(1.01204 0.120364 0)
(1.08674 0.0578624 0)
(1.05569 0.020729 0)
(1.06673 0.0028108 0)
(1.06113 -0.0008719 0)
(1.06363 -0.000556724 0)
(1.06274 4.99606e-05 0)
(1.06313 0.000460404 0)
(1.06286 0.00054573 0)
(1.06283 0.000535435 0)
(1.0627 0.000469986 0)
(1.06262 0.000406 0)
(1.06254 0.000345266 0)
(1.06248 0.000294525 0)
(1.06242 0.000251721 0)
(1.06237 0.000215951 0)
(1.06233 0.000185811 0)
(1.06229 0.000160438 0)
(1.06226 0.00013863 0)
(1.06223 0.000119919 0)
(1.0622 0.000103633 0)
(1.06218 8.95717e-05 0)
(1.06216 7.72392e-05 0)
(1.06214 6.64017e-05 0)
(1.06212 5.71868e-05 0)
(1.06211 4.89517e-05 0)
(1.0621 4.21012e-05 0)
(1.06209 3.60112e-05 0)
(1.06208 3.09898e-05 0)
(1.06208 2.66366e-05 0)
(1.06207 2.29826e-05 0)
(1.06207 1.99014e-05 0)
(1.06206 1.73032e-05 0)
(1.06206 1.51764e-05 0)
(1.06206 1.34361e-05 0)
(1.06205 1.19067e-05 0)
(1.06205 1.0831e-05 0)
(1.06205 9.84072e-06 0)
(1.06205 9.23474e-06 0)
(1.06205 8.65692e-06 0)
(1.06205 8.3672e-06 0)
(1.06205 8.06954e-06 0)
(1.06205 7.92807e-06 0)
(1.06205 7.7506e-06 0)
(1.06205 7.65857e-06 0)
(1.06205 7.47883e-06 0)
(1.06205 7.39813e-06 0)
(1.06205 7.20476e-06 0)
(1.06205 7.15566e-06 0)
(1.06205 6.99491e-06 0)
(1.06205 7.00322e-06 0)
(1.06205 6.91482e-06 0)
(1.06205 6.97443e-06 0)
(1.06205 6.93558e-06 0)
(1.06205 7.01362e-06 0)
(1.06205 6.98302e-06 0)
(1.06205 7.03956e-06 0)
(1.06205 6.98463e-06 0)
(1.06205 7.01935e-06 0)
(1.06205 6.93627e-06 0)
(1.06205 6.9634e-06 0)
(1.06205 6.8798e-06 0)
(1.06205 6.9318e-06 0)
(1.06205 6.87835e-06 0)
(1.06205 6.94285e-06 0)
(1.06205 6.9134e-06 0)
(1.06205 6.9904e-06 0)
(1.06205 6.9809e-06 0)
(1.06205 7.05786e-06 0)
(1.06205 7.03269e-06 0)
(1.06205 7.09692e-06 0)
(1.06205 7.06266e-06 0)
(1.06205 7.11452e-06 0)
(1.06205 7.07029e-06 0)
(1.06205 7.10904e-06 0)
(1.06205 7.06658e-06 0)
(1.06205 7.11113e-06 0)
(1.06205 7.08627e-06 0)
(1.06205 7.14204e-06 0)
(1.06205 7.13933e-06 0)
(1.06205 7.23272e-06 0)
(1.06205 7.30647e-06 0)
(1.06205 7.50026e-06 0)
(1.06205 7.71348e-06 0)
(1.06205 8.09519e-06 0)
(1.06205 8.58402e-06 0)
(1.06204 9.34663e-06 0)
(1.06204 1.03597e-05 0)
(1.06204 1.18344e-05 0)
(1.06204 1.38304e-05 0)
(1.06204 1.65749e-05 0)
(1.06204 1.99588e-05 0)
(1.06203 2.46613e-05 0)
(1.06202 2.99146e-05 0)
(1.06201 4.62048e-05 0)
(1.06197 9.0585e-05 0)
(1.06192 0.000301551 0)
(1.06164 0.000838732 0)
(1.06135 0.00247831 0)
(1.05909 0.00399109 0)
(1.00741 0.105744 0)
(1.08233 0.0560071 0)
(1.05676 0.021053 0)
(1.06826 0.00291919 0)
(1.06274 -0.000852071 0)
(1.06514 -0.00060018 0)
(1.06422 4.17581e-05 0)
(1.06465 0.000463389 0)
(1.06444 0.000557771 0)
(1.06448 0.000547918 0)
(1.0644 0.00048176 0)
(1.06438 0.000415974 0)
(1.06434 0.000353589 0)
(1.06432 0.000301254 0)
(1.06429 0.000257106 0)
(1.06427 0.000220165 0)
(1.06424 0.000189067 0)
(1.06423 0.00016287 0)
(1.06421 0.000140341 0)
(1.06419 0.000120977 0)
(1.06418 0.000104105 0)
(1.06417 8.95062e-05 0)
(1.06416 7.67031e-05 0)
(1.06415 6.54506e-05 0)
(1.06414 5.58775e-05 0)
(1.06413 4.73272e-05 0)
(1.06412 4.02037e-05 0)
(1.06412 3.38828e-05 0)
(1.06411 2.86572e-05 0)
(1.06411 2.41303e-05 0)
(1.0641 2.03397e-05 0)
(1.0641 1.7159e-05 0)
(1.0641 1.44685e-05 0)
(1.0641 1.21957e-05 0)
(1.06409 1.03359e-05 0)
(1.06409 8.69024e-06 0)
(1.06409 7.52345e-06 0)
(1.06409 6.44073e-06 0)
(1.06409 5.76154e-06 0)
(1.06409 5.13399e-06 0)
(1.06409 4.81645e-06 0)
(1.06409 4.49444e-06 0)
(1.06409 4.33733e-06 0)
(1.06409 4.1422e-06 0)
(1.06409 4.0426e-06 0)
(1.06409 3.84745e-06 0)
(1.06409 3.75861e-06 0)
(1.06409 3.54981e-06 0)
(1.06409 3.49556e-06 0)
(1.06409 3.32651e-06 0)
(1.06409 3.33514e-06 0)
(1.06409 3.24315e-06 0)
(1.06409 3.30779e-06 0)
(1.06409 3.26675e-06 0)
(1.06409 3.3468e-06 0)
(1.06409 3.31074e-06 0)
(1.06409 3.36824e-06 0)
(1.06409 3.30835e-06 0)
(1.06409 3.34474e-06 0)
(1.06409 3.25658e-06 0)
(1.06409 3.28611e-06 0)
(1.06409 3.19727e-06 0)
(1.06409 3.25091e-06 0)
(1.06409 3.19544e-06 0)
(1.06409 3.26553e-06 0)
(1.06409 3.23629e-06 0)
(1.06409 3.31867e-06 0)
(1.06409 3.31007e-06 0)
(1.06409 3.395e-06 0)
(1.06409 3.37031e-06 0)
(1.06409 3.43843e-06 0)
(1.06409 3.40177e-06 0)
(1.06409 3.45554e-06 0)
(1.06409 3.40772e-06 0)
(1.06409 3.44742e-06 0)
(1.06409 3.40111e-06 0)
(1.06409 3.44663e-06 0)
(1.06409 3.41927e-06 0)
(1.06409 3.47789e-06 0)
(1.06409 3.47478e-06 0)
(1.06409 3.57237e-06 0)
(1.06409 3.64947e-06 0)
(1.06409 3.85444e-06 0)
(1.06409 4.08043e-06 0)
(1.06409 4.48409e-06 0)
(1.06409 4.99965e-06 0)
(1.06409 5.80918e-06 0)
(1.06409 6.90248e-06 0)
(1.06408 8.47457e-06 0)
(1.06408 1.05917e-05 0)
(1.06408 1.35225e-05 0)
(1.06408 1.71412e-05 0)
(1.06408 2.23829e-05 0)
(1.06407 2.87413e-05 0)
(1.06406 4.80328e-05 0)
(1.06403 9.78354e-05 0)
(1.06399 0.000328866 0)
(1.06379 0.000903533 0)
(1.06361 0.00269434 0)
(1.06211 0.00433963 0)
(1.00323 0.0925016 0)
(1.07777 0.0532114 0)
(1.05685 0.0208111 0)
(1.06874 0.00295114 0)
(1.06332 -0.000819293 0)
(1.06562 -0.000625574 0)
(1.06467 3.33159e-05 0)
(1.06514 0.000456048 0)
(1.06498 0.000556491 0)
(1.06508 0.000547472 0)
(1.06506 0.00048233 0)
(1.06509 0.000416592 0)
(1.06509 0.00035429 0)
(1.06509 0.000301836 0)
(1.0651 0.000257592 0)
(1.0651 0.000220521 0)
(1.0651 0.000189309 0)
(1.0651 0.000162999 0)
(1.0651 0.000140357 0)
(1.06509 0.000120867 0)
(1.06509 0.00010387 0)
(1.06509 8.91306e-05 0)
(1.06509 7.61911e-05 0)
(1.06508 6.47942e-05 0)
(1.06508 5.50886e-05 0)
(1.06508 4.64131e-05 0)
(1.06508 3.91651e-05 0)
(1.06507 3.27277e-05 0)
(1.06507 2.73988e-05 0)
(1.06507 2.27905e-05 0)
(1.06507 1.89264e-05 0)
(1.06507 1.56822e-05 0)
(1.06507 1.29464e-05 0)
(1.06507 1.06323e-05 0)
(1.06506 8.75705e-06 0)
(1.06506 7.10523e-06 0)
(1.06506 5.89574e-06 0)
(1.06506 4.76773e-06 0)
(1.06506 4.05397e-06 0)
(1.06506 3.39401e-06 0)
(1.06506 3.0535e-06 0)
(1.06506 2.7078e-06 0)
(1.06506 2.53488e-06 0)
(1.06506 2.31964e-06 0)
(1.06506 2.215e-06 0)
(1.06506 2.00887e-06 0)
(1.06506 1.91602e-06 0)
(1.06506 1.69682e-06 0)
(1.06506 1.63965e-06 0)
(1.06506 1.46624e-06 0)
(1.06506 1.47635e-06 0)
(1.06506 1.38286e-06 0)
(1.06506 1.45148e-06 0)
(1.06506 1.40893e-06 0)
(1.06506 1.48903e-06 0)
(1.06506 1.44726e-06 0)
(1.06506 1.5034e-06 0)
(1.06506 1.43857e-06 0)
(1.06506 1.47597e-06 0)
(1.06506 1.38461e-06 0)
(1.06506 1.41744e-06 0)
(1.06506 1.32598e-06 0)
(1.06506 1.38079e-06 0)
(1.06506 1.32398e-06 0)
(1.06506 1.39844e-06 0)
(1.06506 1.37019e-06 0)
(1.06506 1.45647e-06 0)
(1.06506 1.44857e-06 0)
(1.06506 1.54036e-06 0)
(1.06506 1.51739e-06 0)
(1.06506 1.58884e-06 0)
(1.06506 1.55009e-06 0)
(1.06506 1.60484e-06 0)
(1.06506 1.55414e-06 0)
(1.06506 1.59408e-06 0)
(1.06506 1.54415e-06 0)
(1.06506 1.58904e-06 0)
(1.06506 1.55864e-06 0)
(1.06506 1.61842e-06 0)
(1.06506 1.61393e-06 0)
(1.06506 1.71257e-06 0)
(1.06506 1.78946e-06 0)
(1.06506 2.00073e-06 0)
(1.06506 2.23464e-06 0)
(1.06506 2.65856e-06 0)
(1.06506 3.19846e-06 0)
(1.06506 4.03471e-06 0)
(1.06506 5.15347e-06 0)
(1.06506 6.75747e-06 0)
(1.06506 8.86089e-06 0)
(1.06506 1.18358e-05 0)
(1.06506 1.5614e-05 0)
(1.06506 2.13228e-05 0)
(1.06505 2.86539e-05 0)
(1.06504 5.04654e-05 0)
(1.06502 0.000104271 0)
(1.06499 0.000348182 0)
(1.06489 0.000942767 0)
(1.06481 0.00282183 0)
(1.06408 0.00453645 0)
(0.99967 0.0804955 0)
(1.07353 0.0496859 0)
(1.05651 0.0200851 0)
(1.06874 0.00291069 0)
(1.06345 -0.000775844 0)
(1.06563 -0.000633301 0)
(1.06465 2.47582e-05 0)
(1.06516 0.000439133 0)
(1.06505 0.000542532 0)
(1.0652 0.000534605 0)
(1.06523 0.000471945 0)
(1.0653 0.000407888 0)
(1.06534 0.000347208 0)
(1.06537 0.000295954 0)
(1.0654 0.000252727 0)
(1.06543 0.000216459 0)
(1.06545 0.000185911 0)
(1.06546 0.000160145 0)
(1.06548 0.000137958 0)
(1.06549 0.000118836 0)
(1.0655 0.000102149 0)
(1.0655 8.76516e-05 0)
(1.06551 7.49088e-05 0)
(1.06551 6.3651e-05 0)
(1.06552 5.40589e-05 0)
(1.06552 4.54764e-05 0)
(1.06552 3.82914e-05 0)
(1.06552 3.18993e-05 0)
(1.06553 2.65946e-05 0)
(1.06553 2.20055e-05 0)
(1.06553 1.81429e-05 0)
(1.06553 1.48876e-05 0)
(1.06553 1.21487e-05 0)
(1.06553 9.83397e-06 0)
(1.06553 7.97018e-06 0)
(1.06553 6.32129e-06 0)
(1.06553 5.11925e-06 0)
(1.06553 4.00265e-06 0)
(1.06553 3.304e-06 0)
(1.06553 2.6422e-06 0)
(1.06553 2.29385e-06 0)
(1.06553 1.94015e-06 0)
(1.06553 1.75921e-06 0)
(1.06553 1.53211e-06 0)
(1.06553 1.42483e-06 0)
(1.06553 1.20842e-06 0)
(1.06553 1.1137e-06 0)
(1.06553 8.86887e-07 0)
(1.06553 8.29409e-07 0)
(1.06553 6.551e-07 0)
(1.06553 6.67864e-07 0)
(1.06553 5.74397e-07 0)
(1.06553 6.45813e-07 0)
(1.06553 6.02066e-07 0)
(1.06553 6.81022e-07 0)
(1.06553 6.33841e-07 0)
(1.06553 6.87298e-07 0)
(1.06553 6.1751e-07 0)
(1.06553 6.55246e-07 0)
(1.06553 5.6186e-07 0)
(1.06553 5.98295e-07 0)
(1.06553 5.06322e-07 0)
(1.06553 5.62444e-07 0)
(1.06553 5.05085e-07 0)
(1.06553 5.83176e-07 0)
(1.06553 5.56648e-07 0)
(1.06553 6.45657e-07 0)
(1.06553 6.37867e-07 0)
(1.06553 7.35026e-07 0)
(1.06553 7.14633e-07 0)
(1.06553 7.89088e-07 0)
(1.06553 7.48833e-07 0)
(1.06553 8.03981e-07 0)
(1.06553 7.51094e-07 0)
(1.06553 7.9074e-07 0)
(1.06553 7.37479e-07 0)
(1.06553 7.80281e-07 0)
(1.06553 7.4627e-07 0)
(1.06553 8.05512e-07 0)
(1.06553 7.98643e-07 0)
(1.06553 8.95907e-07 0)
(1.06553 9.69527e-07 0)
(1.06553 1.18621e-06 0)
(1.06553 1.42553e-06 0)
(1.06553 1.85581e-06 0)
(1.06553 2.39621e-06 0)
(1.06553 3.22183e-06 0)
(1.06553 4.30037e-06 0)
(1.06553 5.86764e-06 0)
(1.06553 7.93777e-06 0)
(1.06553 1.09151e-05 0)
(1.06553 1.47917e-05 0)
(1.06553 2.08457e-05 0)
(1.06553 2.89311e-05 0)
(1.06552 5.25329e-05 0)
(1.06551 0.000108588 0)
(1.06549 0.0003578 0)
(1.06548 0.000955138 0)
(1.06551 0.00286042 0)
(1.06553 0.00458627 0)
(0.996715 0.0695546 0)
(1.06976 0.0455902 0)
(1.05601 0.018947 0)
(1.06853 0.00280237 0)
(1.06338 -0.000723041 0)
(1.06545 -0.000623771 0)
(1.06444 1.63767e-05 0)
(1.06497 0.000413574 0)
(1.0649 0.000516792 0)
(1.06511 0.000510089 0)
(1.06518 0.000451153 0)
(1.06529 0.000390211 0)
(1.06536 0.000332508 0)
(1.06542 0.000283623 0)
(1.06548 0.000242405 0)
(1.06552 0.000207771 0)
(1.06556 0.000178585 0)
(1.06559 0.000153953 0)
(1.06562 0.000132729 0)
(1.06564 0.00011442 0)
(1.06566 9.84295e-05 0)
(1.06568 8.45191e-05 0)
(1.06569 7.22802e-05 0)
(1.0657 6.1433e-05 0)
(1.06571 5.21906e-05 0)
(1.06572 4.39118e-05 0)
(1.06573 3.69742e-05 0)
(1.06573 3.07898e-05 0)
(1.06573 2.56445e-05 0)
(1.06574 2.11897e-05 0)
(1.06574 1.74263e-05 0)
(1.06574 1.42409e-05 0)
(1.06574 1.15637e-05 0)
(1.06575 9.29529e-06 0)
(1.06575 7.47696e-06 0)
(1.06575 5.85233e-06 0)
(1.06575 4.68011e-06 0)
(1.06575 3.58956e-06 0)
(1.06575 2.91357e-06 0)
(1.06575 2.26978e-06 0)
(1.06575 1.93065e-06 0)
(1.06575 1.58775e-06 0)
(1.06575 1.40946e-06 0)
(1.06575 1.18383e-06 0)
(1.06575 1.07871e-06 0)
(1.06575 8.61319e-07 0)
(1.06575 7.71299e-07 0)
(1.06575 5.41796e-07 0)
(1.06575 4.85979e-07 0)
(1.06575 3.13686e-07 0)
(1.06575 3.30174e-07 0)
(1.06575 2.37591e-07 0)
(1.06575 3.10439e-07 0)
(1.06575 2.65262e-07 0)
(1.06575 3.42477e-07 0)
(1.06575 2.90667e-07 0)
(1.06575 3.41245e-07 0)
(1.06575 2.66305e-07 0)
(1.06575 3.03825e-07 0)
(1.06575 2.08846e-07 0)
(1.06575 2.4873e-07 0)
(1.06575 1.57937e-07 0)
(1.06575 2.15679e-07 0)
(1.06575 1.58883e-07 0)
(1.06575 2.40068e-07 0)
(1.06575 2.15696e-07 0)
(1.06575 3.06816e-07 0)
(1.06575 2.98373e-07 0)
(1.06575 3.99411e-07 0)
(1.06575 3.81808e-07 0)
(1.06575 4.60387e-07 0)
(1.06575 4.18228e-07 0)
(1.06575 4.74442e-07 0)
(1.06575 4.19143e-07 0)
(1.06575 4.58627e-07 0)
(1.06575 4.01746e-07 0)
(1.06575 4.41503e-07 0)
(1.06575 4.03034e-07 0)
(1.06575 4.61112e-07 0)
(1.06575 4.50143e-07 0)
(1.06575 5.46495e-07 0)
(1.06575 6.14284e-07 0)
(1.06575 8.27536e-07 0)
(1.06575 1.06141e-06 0)
(1.06575 1.47639e-06 0)
(1.06575 1.98967e-06 0)
(1.06575 2.78137e-06 0)
(1.06575 3.81351e-06 0)
(1.06575 5.32303e-06 0)
(1.06575 7.33288e-06 0)
(1.06575 1.02571e-05 0)
(1.06576 1.41349e-05 0)
(1.06576 2.0348e-05 0)
(1.06576 2.88872e-05 0)
(1.06576 5.34049e-05 0)
(1.06576 0.000109853 0)
(1.06575 0.000356816 0)
(1.06583 0.000940464 0)
(1.06596 0.00281302 0)
(1.06668 0.00449748 0)
(0.994302 0.0595132 0)
(1.0665 0.0410472 0)
(1.05548 0.0174597 0)
(1.06826 0.00263123 0)
(1.06323 -0.000661626 0)
(1.0652 -0.000597463 0)
(1.06416 8.69387e-06 0)
(1.06471 0.000380506 0)
(1.06468 0.000480438 0)
(1.06493 0.000474987 0)
(1.06503 0.000420815 0)
(1.06518 0.000364231 0)
(1.06528 0.000310689 0)
(1.06537 0.000265204 0)
(1.06544 0.00022687 0)
(1.06551 0.000194609 0)
(1.06556 0.000167406 0)
(1.06561 0.000144432 0)
(1.06565 0.000124625 0)
(1.06569 0.000107524 0)
(1.06571 9.25765e-05 0)
(1.06574 7.95625e-05 0)
(1.06576 6.81065e-05 0)
(1.06578 5.79195e-05 0)
(1.06579 4.92432e-05 0)
(1.0658 4.14596e-05 0)
(1.06581 3.49377e-05 0)
(1.06582 2.9109e-05 0)
(1.06583 2.42504e-05 0)
(1.06583 2.00411e-05 0)
(1.06584 1.64753e-05 0)
(1.06584 1.34445e-05 0)
(1.06585 1.0899e-05 0)
(1.06585 8.73291e-06 0)
(1.06585 7.00626e-06 0)
(1.06585 5.44443e-06 0)
(1.06585 4.32878e-06 0)
(1.06585 3.28397e-06 0)
(1.06585 2.64322e-06 0)
(1.06585 2.02779e-06 0)
(1.06585 1.7045e-06 0)
(1.06585 1.37512e-06 0)
(1.06585 1.20338e-06 0)
(1.06585 9.82071e-07 0)
(1.06585 8.84258e-07 0)
(1.06585 6.77206e-07 0)
(1.06585 5.99951e-07 0)
(1.06585 3.78927e-07 0)
(1.06585 3.29979e-07 0)
(1.06585 1.61247e-07 0)
(1.06585 1.82518e-07 0)
(1.06585 9.11845e-08 0)
(1.06585 1.64585e-07 0)
(1.06585 1.16482e-07 0)
(1.06585 1.93069e-07 0)
(1.06585 1.36375e-07 0)
(1.06585 1.85527e-07 0)
(1.06585 1.04071e-07 0)
(1.06585 1.42007e-07 0)
(1.06585 4.46179e-08 0)
(1.06585 8.75261e-08 0)
(1.06585 -6.4616e-10 0)
(1.06585 5.90824e-08 0)
(1.06585 4.03433e-09 0)
(1.06585 8.77462e-08 0)
(1.06585 6.56203e-08 0)
(1.06585 1.594e-07 0)
(1.06585 1.48835e-07 0)
(1.06586 2.54068e-07 0)
(1.06586 2.38428e-07 0)
(1.06586 3.20654e-07 0)
(1.06586 2.7807e-07 0)
(1.06586 3.35178e-07 0)
(1.06586 2.78167e-07 0)
(1.06586 3.17463e-07 0)
(1.06586 2.568e-07 0)
(1.06586 2.93377e-07 0)
(1.06586 2.49081e-07 0)
(1.06586 3.04349e-07 0)
(1.06586 2.88899e-07 0)
(1.06586 3.79967e-07 0)
(1.06586 4.37873e-07 0)
(1.06586 6.35447e-07 0)
(1.06586 8.51653e-07 0)
(1.06586 1.24388e-06 0)
(1.06586 1.72608e-06 0)
(1.06586 2.47549e-06 0)
(1.06586 3.4496e-06 0)
(1.06586 4.87625e-06 0)
(1.06586 6.78019e-06 0)
(1.06586 9.57722e-06 0)
(1.06587 1.33421e-05 0)
(1.06587 1.9502e-05 0)
(1.06587 2.81533e-05 0)
(1.06587 5.26543e-05 0)
(1.06589 0.000107648 0)
(1.0659 0.000345061 0)
(1.06606 0.000899578 0)
(1.06628 0.00268492 0)
(1.06766 0.004281 0)
(0.992354 0.0502202 0)
(1.06375 0.0361536 0)
(1.05497 0.015679 0)
(1.06799 0.00240292 0)
(1.06308 -0.000592132 0)
(1.06494 -0.000555098 0)
(1.06388 2.26097e-06 0)
(1.06444 0.000341126 0)
(1.06444 0.000434782 0)
(1.06472 0.000430527 0)
(1.06486 0.000381978 0)
(1.06504 0.00033082 0)
(1.06516 0.000282457 0)
(1.06528 0.000241266 0)
(1.06537 0.000206579 0)
(1.06545 0.000177336 0)
(1.06552 0.00015266 0)
(1.06558 0.000131807 0)
(1.06563 0.000113816 0)
(1.06568 9.82736e-05 0)
(1.06572 8.46769e-05 0)
(1.06575 7.2836e-05 0)
(1.06578 6.24127e-05 0)
(1.0658 5.31117e-05 0)
(1.06582 4.51969e-05 0)
(1.06583 3.80807e-05 0)
(1.06585 3.21258e-05 0)
(1.06586 2.67863e-05 0)
(1.06587 2.233e-05 0)
(1.06588 1.84667e-05 0)
(1.06588 1.51887e-05 0)
(1.06589 1.23905e-05 0)
(1.06589 1.00424e-05 0)
(1.06589 8.03277e-06 0)
(1.0659 6.44322e-06 0)
(1.0659 4.98499e-06 0)
(1.0659 3.95673e-06 0)
(1.0659 2.98336e-06 0)
(1.0659 2.39678e-06 0)
(1.0659 1.82191e-06 0)
(1.0659 1.52231e-06 0)
(1.0659 1.21107e-06 0)
(1.0659 1.05072e-06 0)
(1.0659 8.36644e-07 0)
(1.0659 7.49061e-07 0)
(1.06591 5.53879e-07 0)
(1.06591 4.92469e-07 0)
(1.06591 2.87643e-07 0)
(1.06591 2.51249e-07 0)
(1.06591 9.03611e-08 0)
(1.06591 1.18366e-07 0)
(1.06591 2.75409e-08 0)
(1.06591 1.00121e-07 0)
(1.06591 4.81579e-08 0)
(1.06591 1.22274e-07 0)
(1.06591 6.22312e-08 0)
(1.06591 1.09126e-07 0)
(1.06591 2.34921e-08 0)
(1.06591 6.1154e-08 0)
(1.06591 -3.80636e-08 0)
(1.06591 7.53782e-09 0)
(1.06591 -7.63858e-08 0)
(1.06591 -1.49114e-08 0)
(1.06591 -6.67059e-08 0)
(1.06591 1.8629e-08 0)
(1.06591 -1.78284e-09 0)
(1.06591 9.41329e-08 0)
(1.06591 8.20594e-08 0)
(1.06591 1.88395e-07 0)
(1.06591 1.74347e-07 0)
(1.06591 2.58051e-07 0)
(1.06591 2.17501e-07 0)
(1.06591 2.74417e-07 0)
(1.06591 2.17588e-07 0)
(1.06591 2.55603e-07 0)
(1.06591 1.92469e-07 0)
(1.06591 2.24913e-07 0)
(1.06591 1.74728e-07 0)
(1.06591 2.24196e-07 0)
(1.06591 2.04157e-07 0)
(1.06591 2.84633e-07 0)
(1.06591 3.29233e-07 0)
(1.06591 5.08242e-07 0)
(1.06591 7.03216e-07 0)
(1.06591 1.06842e-06 0)
(1.06591 1.5133e-06 0)
(1.06591 2.20874e-06 0)
(1.06591 3.10483e-06 0)
(1.06591 4.4183e-06 0)
(1.06591 6.16954e-06 0)
(1.06592 8.76479e-06 0)
(1.06592 1.23018e-05 0)
(1.06592 1.81907e-05 0)
(1.06593 2.65983e-05 0)
(1.06594 5.01436e-05 0)
(1.06596 0.000101906 0)
(1.06598 0.000322904 0)
(1.06623 0.000834104 0)
(1.06653 0.00248311 0)
(1.06849 0.00394947 0)
(0.990802 0.0415411 0)
(1.06147 0.0309864 0)
(1.05451 0.0136544 0)
(1.06773 0.00212362 0)
(1.06293 -0.00051515 0)
(1.0647 -0.000497771 0)
(1.06361 -2.52044e-06 0)
(1.06418 0.000296575 0)
(1.06421 0.000381159 0)
(1.06452 0.000377987 0)
(1.06469 0.000335761 0)
(1.06489 0.000290928 0)
(1.06504 0.000248608 0)
(1.06518 0.000212472 0)
(1.06529 0.000182084 0)
(1.06538 0.000156409 0)
(1.06547 0.000134731 0)
(1.06554 0.0001164 0)
(1.0656 0.000100572 0)
(1.06565 8.68933e-05 0)
(1.0657 7.49156e-05 0)
(1.06574 6.44904e-05 0)
(1.06577 5.53185e-05 0)
(1.0658 4.71036e-05 0)
(1.06582 4.01233e-05 0)
(1.06584 3.3827e-05 0)
(1.06586 2.85739e-05 0)
(1.06587 2.38425e-05 0)
(1.06588 1.98921e-05 0)
(1.06589 1.64632e-05 0)
(1.0659 1.35533e-05 0)
(1.06591 1.10577e-05 0)
(1.06591 8.96631e-06 0)
(1.06592 7.16213e-06 0)
(1.06592 5.75046e-06 0)
(1.06592 4.43295e-06 0)
(1.06592 3.52125e-06 0)
(1.06592 2.64351e-06 0)
(1.06593 2.12909e-06 0)
(1.06593 1.6082e-06 0)
(1.06593 1.34174e-06 0)
(1.06593 1.05577e-06 0)
(1.06593 9.13413e-07 0)
(1.06593 7.11216e-07 0)
(1.06593 6.37314e-07 0)
(1.06593 4.55956e-07 0)
(1.06593 4.12771e-07 0)
(1.06593 2.26345e-07 0)
(1.06593 2.04825e-07 0)
(1.06593 5.7572e-08 0)
(1.06593 9.27328e-08 0)
(1.06593 2.86054e-09 0)
(1.06593 7.19852e-08 0)
(1.06593 1.60529e-08 0)
(1.06593 8.42659e-08 0)
(1.06593 2.25453e-08 0)
(1.06593 6.5956e-08 0)
(1.06593 -2.06147e-08 0)
(1.06593 1.59053e-08 0)
(1.06593 -8.23674e-08 0)
(1.06593 -3.39616e-08 0)
(1.06593 -1.13933e-07 0)
(1.06593 -4.99224e-08 0)
(1.06593 -9.81251e-08 0)
(1.06593 -1.13319e-08 0)
(1.06593 -3.0804e-08 0)
(1.06593 6.52574e-08 0)
(1.06593 5.28252e-08 0)
(1.06593 1.56564e-07 0)
(1.06593 1.43977e-07 0)
(1.06593 2.2861e-07 0)
(1.06593 1.9024e-07 0)
(1.06593 2.47149e-07 0)
(1.06593 1.91024e-07 0)
(1.06593 2.27144e-07 0)
(1.06593 1.62462e-07 0)
(1.06593 1.89816e-07 0)
(1.06593 1.34296e-07 0)
(1.06593 1.76522e-07 0)
(1.06593 1.50388e-07 0)
(1.06593 2.20815e-07 0)
(1.06593 2.51238e-07 0)
(1.06593 4.10059e-07 0)
(1.06593 5.79852e-07 0)
(1.06593 9.11477e-07 0)
(1.06593 1.30922e-06 0)
(1.06593 1.93687e-06 0)
(1.06593 2.73547e-06 0)
(1.06594 3.90775e-06 0)
(1.06594 5.46497e-06 0)
(1.06594 7.79005e-06 0)
(1.06595 1.09894e-05 0)
(1.06595 1.63942e-05 0)
(1.06596 2.42067e-05 0)
(1.06597 4.58914e-05 0)
(1.06601 9.27678e-05 0)
(1.06604 0.000291097 0)
(1.06636 0.000746258 0)
(1.06674 0.00221574 0)
(1.06921 0.00351665 0)
(0.989587 0.0333566 0)
(1.05963 0.0256079 0)
(1.05412 0.0114309 0)
(1.06752 0.00180004 0)
(1.06281 -0.000431432 0)
(1.06449 -0.000426986 0)
(1.06338 -5.43859e-06 0)
(1.06396 0.000247891 0)
(1.06401 0.000320883 0)
(1.06435 0.000318646 0)
(1.06454 0.000283303 0)
(1.06476 0.000245537 0)
(1.06493 0.000209976 0)
(1.06508 0.000179529 0)
(1.06521 0.000153984 0)
(1.06532 0.000132337 0)
(1.06541 0.000114051 0)
(1.06549 9.85796e-05 0)
(1.06556 8.52118e-05 0)
(1.06562 7.36563e-05 0)
(1.06567 6.35261e-05 0)
(1.06571 5.47239e-05 0)
(1.06575 4.69896e-05 0)
(1.06578 4.0032e-05 0)
(1.06581 3.41356e-05 0)
(1.06584 2.87911e-05 0)
(1.06586 2.43567e-05 0)
(1.06587 2.03366e-05 0)
(1.06588 1.69822e-05 0)
(1.0659 1.40637e-05 0)
(1.06591 1.15912e-05 0)
(1.06591 9.45917e-06 0)
(1.06592 7.6771e-06 0)
(1.06592 6.12207e-06 0)
(1.06593 4.92433e-06 0)
(1.06593 3.78059e-06 0)
(1.06593 3.0111e-06 0)
(1.06593 2.24949e-06 0)
(1.06594 1.82219e-06 0)
(1.06594 1.36723e-06 0)
(1.06594 1.14294e-06 0)
(1.06594 8.89131e-07 0)
(1.06594 7.71019e-07 0)
(1.06594 5.86426e-07 0)
(1.06594 5.30175e-07 0)
(1.06594 3.66184e-07 0)
(1.06594 3.43411e-07 0)
(1.06594 1.77501e-07 0)
(1.06594 1.73439e-07 0)
(1.06594 4.16519e-08 0)
(1.06594 8.37178e-08 0)
(1.06594 -3.32228e-09 0)
(1.06594 6.07063e-08 0)
(1.06594 -2.96883e-10 0)
(1.06594 6.15046e-08 0)
(1.06594 -2.93876e-09 0)
(1.06594 3.80026e-08 0)
(1.06594 -4.97003e-08 0)
(1.06594 -1.30526e-08 0)
(1.06594 -1.0851e-07 0)
(1.06594 -5.74641e-08 0)
(1.06594 -1.34236e-07 0)
(1.06594 -6.61554e-08 0)
(1.06594 -1.11679e-07 0)
(1.06594 -2.35511e-08 0)
(1.06594 -4.22121e-08 0)
(1.06594 5.31667e-08 0)
(1.06594 3.99266e-08 0)
(1.06594 1.41531e-07 0)
(1.06594 1.29365e-07 0)
(1.06594 2.14859e-07 0)
(1.06594 1.78316e-07 0)
(1.06594 2.35722e-07 0)
(1.06594 1.80064e-07 0)
(1.06594 2.146e-07 0)
(1.06594 1.48109e-07 0)
(1.06594 1.70773e-07 0)
(1.06594 1.09392e-07 0)
(1.06594 1.43865e-07 0)
(1.06594 1.10379e-07 0)
(1.06594 1.70613e-07 0)
(1.06594 1.86123e-07 0)
(1.06594 3.22523e-07 0)
(1.06594 4.62321e-07 0)
(1.06594 7.53119e-07 0)
(1.06594 1.09434e-06 0)
(1.06595 1.64158e-06 0)
(1.06595 2.32606e-06 0)
(1.06595 3.33329e-06 0)
(1.06595 4.66097e-06 0)
(1.06595 6.65513e-06 0)
(1.06596 9.41589e-06 0)
(1.06597 1.41371e-05 0)
(1.06598 2.10245e-05 0)
(1.06599 4.00153e-05 0)
(1.06604 8.05241e-05 0)
(1.06608 0.000250674 0)
(1.06647 0.000638725 0)
(1.06691 0.00189179 0)
(1.0698 0.00299712 0)
(0.988664 0.0255599 0)
(1.0582 0.0200693 0)
(1.05381 0.00904926 0)
(1.06734 0.00143942 0)
(1.06271 -0.000341913 0)
(1.06432 -0.000344624 0)
(1.06319 -6.48006e-06 0)
(1.06378 0.000196003 0)
(1.06384 0.000255229 0)
(1.0642 0.000253769 0)
(1.06442 0.000225744 0)
(1.06465 0.000195643 0)
(1.06484 0.000167415 0)
(1.065 0.000143168 0)
(1.06514 0.000122904 0)
(1.06526 0.000105657 0)
(1.06536 9.10836e-05 0)
(1.06545 7.87503e-05 0)
(1.06552 6.80851e-05 0)
(1.06559 5.88679e-05 0)
(1.06564 5.07738e-05 0)
(1.06569 4.37654e-05 0)
(1.06574 3.76205e-05 0)
(1.06577 3.20612e-05 0)
(1.0658 2.73726e-05 0)
(1.06583 2.30899e-05 0)
(1.06585 1.95717e-05 0)
(1.06587 1.63491e-05 0)
(1.06588 1.36667e-05 0)
(1.0659 1.13217e-05 0)
(1.06591 9.34345e-06 0)
(1.06591 7.62581e-06 0)
(1.06592 6.19777e-06 0)
(1.06593 4.92991e-06 0)
(1.06593 3.9772e-06 0)
(1.06593 3.03574e-06 0)
(1.06594 2.4302e-06 0)
(1.06594 1.80162e-06 0)
(1.06594 1.47349e-06 0)
(1.06594 1.0944e-06 0)
(1.06594 9.20155e-07 0)
(1.06594 7.04431e-07 0)
(1.06594 6.15787e-07 0)
(1.06595 4.5396e-07 0)
(1.06595 4.19048e-07 0)
(1.06595 2.75745e-07 0)
(1.06595 2.75424e-07 0)
(1.06595 1.32497e-07 0)
(1.06595 1.4789e-07 0)
(1.06595 3.21593e-08 0)
(1.06595 8.22425e-08 0)
(1.06595 -1.20662e-09 0)
(1.06595 5.81469e-08 0)
(1.06595 -8.68363e-09 0)
(1.06595 4.61396e-08 0)
(1.06595 -2.21337e-08 0)
(1.06595 1.64106e-08 0)
(1.06595 -7.2255e-08 0)
(1.06595 -3.44087e-08 0)
(1.06595 -1.26272e-07 0)
(1.06595 -7.26931e-08 0)
(1.06595 -1.45225e-07 0)
(1.06595 -7.32401e-08 0)
(1.06595 -1.16029e-07 0)
(1.06595 -2.76785e-08 0)
(1.06595 -4.57108e-08 0)
(1.06595 4.89666e-08 0)
(1.06595 3.52519e-08 0)
(1.06595 1.34799e-07 0)
(1.06595 1.22114e-07 0)
(1.06595 2.07976e-07 0)
(1.06595 1.72929e-07 0)
(1.06595 2.31113e-07 0)
(1.06595 1.7597e-07 0)
(1.06595 2.09221e-07 0)
(1.06595 1.40982e-07 0)
(1.06595 1.5935e-07 0)
(1.06595 9.17382e-08 0)
(1.06595 1.17716e-07 0)
(1.06595 7.54475e-08 0)
(1.06595 1.24568e-07 0)
(1.06595 1.24232e-07 0)
(1.06595 2.35874e-07 0)
(1.06595 3.41799e-07 0)
(1.06595 5.85756e-07 0)
(1.06595 8.62633e-07 0)
(1.06595 1.31867e-06 0)
(1.06595 1.87501e-06 0)
(1.06595 2.69726e-06 0)
(1.06596 3.76561e-06 0)
(1.06596 5.37694e-06 0)
(1.06597 7.61114e-06 0)
(1.06598 1.14721e-05 0)
(1.06599 1.71414e-05 0)
(1.06601 3.27097e-05 0)
(1.06606 6.55828e-05 0)
(1.06611 0.000202901 0)
(1.06656 0.000514574 0)
(1.06704 0.00152085 0)
(1.07029 0.00240599 0)
(0.988 0.0180549 0)
(1.05715 0.0144139 0)
(1.05357 0.0065476 0)
(1.06721 0.00104944 0)
(1.06264 -0.000247699 0)
(1.06419 -0.000252901 0)
(1.06305 -5.83717e-06 0)
(1.06364 0.00014174 0)
(1.06371 0.000185438 0)
(1.06409 0.000184608 0)
(1.06432 0.000164224 0)
(1.06457 0.000142244 0)
(1.06476 0.000121791 0)
(1.06494 0.000104136 0)
(1.06508 8.94905e-05 0)
(1.06521 7.69307e-05 0)
(1.06532 6.63172e-05 0)
(1.06541 5.73379e-05 0)
(1.06549 4.95653e-05 0)
(1.06556 4.28553e-05 0)
(1.06562 3.69454e-05 0)
(1.06568 3.18642e-05 0)
(1.06572 2.74263e-05 0)
(1.06576 2.33742e-05 0)
(1.06579 1.99906e-05 0)
(1.06582 1.68564e-05 0)
(1.06584 1.43314e-05 0)
(1.06586 1.19745e-05 0)
(1.06588 1.00246e-05 0)
(1.06589 8.30309e-06 0)
(1.0659 6.86312e-06 0)
(1.06591 5.59962e-06 0)
(1.06592 4.5613e-06 0)
(1.06593 3.61211e-06 0)
(1.06593 2.92991e-06 0)
(1.06594 2.21395e-06 0)
(1.06594 1.78982e-06 0)
(1.06594 1.30764e-06 0)
(1.06594 1.08802e-06 0)
(1.06594 7.92756e-07 0)
(1.06595 6.75054e-07 0)
(1.06595 5.02236e-07 0)
(1.06595 4.47031e-07 0)
(1.06595 3.12339e-07 0)
(1.06595 3.01963e-07 0)
(1.06595 1.82141e-07 0)
(1.06595 2.05423e-07 0)
(1.06595 8.73979e-08 0)
(1.06595 1.2352e-07 0)
(1.06595 2.46882e-08 0)
(1.06595 8.35138e-08 0)
(1.06595 4.11849e-09 0)
(1.06595 6.0056e-08 0)
(1.06595 -1.22759e-08 0)
(1.06595 3.49084e-08 0)
(1.06595 -3.84397e-08 0)
(1.06595 -2.83909e-09 0)
(1.06595 -9.21443e-08 0)
(1.06595 -5.2365e-08 0)
(1.06595 -1.39888e-07 0)
(1.06595 -8.32813e-08 0)
(1.06595 -1.50737e-07 0)
(1.06595 -7.54759e-08 0)
(1.06595 -1.15116e-07 0)
(1.06595 -2.73673e-08 0)
(1.06595 -4.55804e-08 0)
(1.06595 4.83316e-08 0)
(1.06595 3.44385e-08 0)
(1.06595 1.31731e-07 0)
(1.06595 1.17888e-07 0)
(1.06595 2.03012e-07 0)
(1.06595 1.6942e-07 0)
(1.06595 2.28288e-07 0)
(1.06595 1.74206e-07 0)
(1.06595 2.06323e-07 0)
(1.06595 1.36892e-07 0)
(1.06595 1.51206e-07 0)
(1.06595 7.74903e-08 0)
(1.06595 9.38513e-08 0)
(1.06595 4.14989e-08 0)
(1.06595 7.79536e-08 0)
(1.06595 6.1021e-08 0)
(1.06595 1.46387e-07 0)
(1.06595 2.15855e-07 0)
(1.06595 4.08476e-07 0)
(1.06595 6.14841e-07 0)
(1.06595 9.70802e-07 0)
(1.06596 1.38746e-06 0)
(1.06596 2.00856e-06 0)
(1.06596 2.79373e-06 0)
(1.06597 3.98063e-06 0)
(1.06597 5.61665e-06 0)
(1.06598 8.47194e-06 0)
(1.066 1.26806e-05 0)
(1.06601 2.42306e-05 0)
(1.06608 4.84468e-05 0)
(1.06614 0.000149228 0)
(1.06662 0.000377181 0)
(1.06714 0.00111295 0)
(1.07065 0.00175881 0)
(0.987569 0.0107529 0)
(1.05646 0.00867881 0)
(1.05341 0.00396169 0)
(1.06713 0.000638206 0)
(1.06259 -0.000150031 0)
(1.06411 -0.000154295 0)
(1.06296 -3.86451e-06 0)
(1.06355 8.58459e-05 0)
(1.06363 0.000112718 0)
(1.06402 0.000112398 0)
(1.06425 9.98783e-05 0)
(1.06451 8.63411e-05 0)
(1.06471 7.39735e-05 0)
(1.0649 6.31921e-05 0)
(1.06505 5.44021e-05 0)
(1.06518 4.67318e-05 0)
(1.06529 4.02548e-05 0)
(1.06539 3.47845e-05 0)
(1.06547 3.00408e-05 0)
(1.06555 2.59598e-05 0)
(1.06561 2.23418e-05 0)
(1.06566 1.92838e-05 0)
(1.06571 1.66358e-05 0)
(1.06575 1.41675e-05 0)
(1.06579 1.21582e-05 0)
(1.06581 1.02347e-05 0)
(1.06584 8.75839e-06 0)
(1.06586 7.31653e-06 0)
(1.06588 6.1436e-06 0)
(1.06589 5.082e-06 0)
(1.0659 4.21119e-06 0)
(1.06591 3.42987e-06 0)
(1.06592 2.80704e-06 0)
(1.06593 2.2005e-06 0)
(1.06593 1.8079e-06 0)
(1.06594 1.3347e-06 0)
(1.06594 1.10476e-06 0)
(1.06594 7.78824e-07 0)
(1.06594 6.74392e-07 0)
(1.06595 4.68894e-07 0)
(1.06595 4.1258e-07 0)
(1.06595 2.86335e-07 0)
(1.06595 2.67264e-07 0)
(1.06595 1.63135e-07 0)
(1.06595 1.79868e-07 0)
(1.06595 8.58354e-08 0)
(1.06595 1.33156e-07 0)
(1.06595 4.08863e-08 0)
(1.06595 9.81674e-08 0)
(1.06595 1.70057e-08 0)
(1.06595 8.48157e-08 0)
(1.06595 1.01981e-08 0)
(1.06595 6.37709e-08 0)
(1.06595 -1.29061e-08 0)
(1.06595 2.61335e-08 0)
(1.06595 -5.30898e-08 0)
(1.06595 -2.14326e-08 0)
(1.06595 -1.10954e-07 0)
(1.06595 -6.90741e-08 0)
(1.06595 -1.51231e-07 0)
(1.06595 -9.10945e-08 0)
(1.06595 -1.52777e-07 0)
(1.06595 -7.46253e-08 0)
(1.06595 -1.10869e-07 0)
(1.06595 -2.4368e-08 0)
(1.06595 -4.35759e-08 0)
(1.06595 4.89826e-08 0)
(1.06595 3.49664e-08 0)
(1.06595 1.2943e-07 0)
(1.06595 1.14035e-07 0)
(1.06595 1.97455e-07 0)
(1.06595 1.65247e-07 0)
(1.06595 2.24698e-07 0)
(1.06595 1.72355e-07 0)
(1.06595 2.03622e-07 0)
(1.06595 1.33653e-07 0)
(1.06595 1.44178e-07 0)
(1.06595 6.46957e-08 0)
(1.06595 7.06114e-08 0)
(1.06595 7.00945e-09 0)
(1.06595 2.92613e-08 0)
(1.06595 -4.89271e-09 0)
(1.06595 5.33475e-08 0)
(1.06595 8.493e-08 0)
(1.06595 2.23203e-07 0)
(1.06595 3.54653e-07 0)
(1.06596 6.0376e-07 0)
(1.06596 8.71869e-07 0)
(1.06596 1.2795e-06 0)
(1.06596 1.76393e-06 0)
(1.06597 2.49608e-06 0)
(1.06598 3.48152e-06 0)
(1.06598 5.22314e-06 0)
(1.066 7.79044e-06 0)
(1.06602 1.48804e-05 0)
(1.06609 2.96917e-05 0)
(1.06615 9.12419e-05 0)
(1.06666 0.00023016 0)
(1.06721 0.000678435 0)
(1.0709 0.0010714 0)
(0.987358 0.00357066 0)
(1.05612 0.00289751 0)
(1.05333 0.00132582 0)
(1.06708 0.000214085 0)
(1.06256 -5.02511e-05 0)
(1.06406 -5.14812e-05 0)
(1.06291 -1.04123e-06 0)
(1.0635 2.89998e-05 0)
(1.06359 3.82511e-05 0)
(1.06398 3.83617e-05 0)
(1.06422 3.38373e-05 0)
(1.06449 2.89343e-05 0)
(1.06469 2.48373e-05 0)
(1.06487 2.10968e-05 0)
(1.06503 1.83042e-05 0)
(1.06516 1.56448e-05 0)
(1.06528 1.34104e-05 0)
(1.06538 1.15426e-05 0)
(1.06546 9.90971e-06 0)
(1.06554 8.53233e-06 0)
(1.0656 7.27263e-06 0)
(1.06566 6.29591e-06 0)
(1.06571 5.48639e-06 0)
(1.06575 4.64611e-06 0)
(1.06578 4.05207e-06 0)
(1.06581 3.37663e-06 0)
(1.06584 2.98175e-06 0)
(1.06586 2.4847e-06 0)
(1.06588 2.11631e-06 0)
(1.06589 1.73739e-06 0)
(1.0659 1.45362e-06 0)
(1.06591 1.17063e-06 0)
(1.06592 9.78497e-07 0)
(1.06593 7.30166e-07 0)
(1.06593 6.39272e-07 0)
(1.06594 4.19607e-07 0)
(1.06594 3.9166e-07 0)
(1.06594 2.28154e-07 0)
(1.06594 2.42958e-07 0)
(1.06595 1.31054e-07 0)
(1.06595 1.39169e-07 0)
(1.06595 6.19722e-08 0)
(1.06595 8.04329e-08 0)
(1.06595 9.22713e-09 0)
(1.06595 5.48375e-08 0)
(1.06595 -1.15544e-08 0)
(1.06595 5.97972e-08 0)
(1.06595 -6.63987e-09 0)
(1.06595 7.13677e-08 0)
(1.06595 8.16259e-09 0)
(1.06595 8.45557e-08 0)
(1.06595 1.53499e-08 0)
(1.06595 6.73164e-08 0)
(1.06595 -1.20965e-08 0)
(1.06595 1.89685e-08 0)
(1.06595 -6.64178e-08 0)
(1.06595 -3.9659e-08 0)
(1.06595 -1.29171e-07 0)
(1.06595 -8.54647e-08 0)
(1.06595 -1.61414e-07 0)
(1.06595 -9.73706e-08 0)
(1.06595 -1.52575e-07 0)
(1.06595 -7.16906e-08 0)
(1.06595 -1.04363e-07 0)
(1.06595 -1.96654e-08 0)
(1.06595 -4.03932e-08 0)
(1.06595 4.97044e-08 0)
(1.06595 3.52441e-08 0)
(1.06595 1.26269e-07 0)
(1.06595 1.09134e-07 0)
(1.06595 1.90093e-07 0)
(1.06595 1.5924e-07 0)
(1.06595 2.19166e-07 0)
(1.06595 1.69291e-07 0)
(1.06595 2.00072e-07 0)
(1.06595 1.30243e-07 0)
(1.06595 1.37263e-07 0)
(1.06595 5.25563e-08 0)
(1.06595 4.76318e-08 0)
(1.06595 -2.7993e-08 0)
(1.06595 -2.13349e-08 0)
(1.06595 -7.32716e-08 0)
(1.06595 -4.2559e-08 0)
(1.06595 -4.93416e-08 0)
(1.06595 3.29685e-08 0)
(1.06595 8.69549e-08 0)
(1.06596 2.24797e-07 0)
(1.06596 3.38454e-07 0)
(1.06596 5.2442e-07 0)
(1.06596 6.9698e-07 0)
(1.06597 9.56024e-07 0)
(1.06598 1.25948e-06 0)
(1.06599 1.82167e-06 0)
(1.066 2.63651e-06 0)
(1.06602 4.99501e-06 0)
(1.06609 9.94486e-06 0)
(1.06616 3.06294e-05 0)
(1.06668 7.72951e-05 0)
(1.06724 0.000227875 0)
(1.07102 0.000359793 0)
(0.987358 -0.00357199 0)
(1.05612 -0.00289897 0)
(1.05333 -0.0013266 0)
(1.06708 -0.000214349 0)
(1.06256 5.02394e-05 0)
(1.06406 5.27467e-05 0)
(1.06291 2.07549e-06 0)
(1.0635 -2.81593e-05 0)
(1.06359 -3.67963e-05 0)
(1.06398 -3.62851e-05 0)
(1.06422 -3.27719e-05 0)
(1.06449 -2.89769e-05 0)
(1.06469 -2.47428e-05 0)
(1.06487 -2.13849e-05 0)
(1.06503 -1.81333e-05 0)
(1.06516 -1.57407e-05 0)
(1.06528 -1.36961e-05 0)
(1.06538 -1.19293e-05 0)
(1.06546 -1.04242e-05 0)
(1.06554 -9.07137e-06 0)
(1.0656 -7.94773e-06 0)
(1.06566 -6.82303e-06 0)
(1.06571 -5.7798e-06 0)
(1.06575 -4.97953e-06 0)
(1.06578 -4.14557e-06 0)
(1.06581 -3.56135e-06 0)
(1.06584 -2.86488e-06 0)
(1.06586 -2.40757e-06 0)
(1.06588 -1.96131e-06 0)
(1.06589 -1.64895e-06 0)
(1.0659 -1.34067e-06 0)
(1.06591 -1.12102e-06 0)
(1.06592 -8.78119e-07 0)
(1.06593 -7.61763e-07 0)
(1.06593 -5.46362e-07 0)
(1.06594 -5.08425e-07 0)
(1.06594 -3.31768e-07 0)
(1.06594 -3.30476e-07 0)
(1.06594 -1.95033e-07 0)
(1.06595 -2.11705e-07 0)
(1.06595 -1.3796e-07 0)
(1.06595 -1.65077e-07 0)
(1.06595 -1.08693e-07 0)
(1.06595 -1.45791e-07 0)
(1.06595 -7.05318e-08 0)
(1.06595 -1.08048e-07 0)
(1.06595 -1.28922e-08 0)
(1.06595 -5.39115e-08 0)
(1.06595 4.36452e-08 0)
(1.06595 -1.957e-09 0)
(1.06595 8.22167e-08 0)
(1.06595 1.86443e-08 0)
(1.06595 6.93205e-08 0)
(1.06595 -1.11821e-08 0)
(1.06595 1.27646e-08 0)
(1.06595 -7.84283e-08 0)
(1.06595 -5.72572e-08 0)
(1.06595 -1.46638e-07 0)
(1.06595 -1.01663e-07 0)
(1.06595 -1.70956e-07 0)
(1.06595 -1.02886e-07 0)
(1.06595 -1.50923e-07 0)
(1.06595 -6.74118e-08 0)
(1.06595 -9.63862e-08 0)
(1.06595 -1.38084e-08 0)
(1.06595 -3.63477e-08 0)
(1.06595 4.99755e-08 0)
(1.06595 3.4431e-08 0)
(1.06595 1.21349e-07 0)
(1.06595 1.02447e-07 0)
(1.06595 1.80438e-07 0)
(1.06595 1.50986e-07 0)
(1.06595 2.11274e-07 0)
(1.06595 1.64544e-07 0)
(1.06595 1.95177e-07 0)
(1.06595 1.26086e-07 0)
(1.06595 1.29859e-07 0)
(1.06595 4.06402e-08 0)
(1.06595 2.5033e-08 0)
(1.06595 -6.28279e-08 0)
(1.06595 -7.27781e-08 0)
(1.06595 -1.42926e-07 0)
(1.06595 -1.39836e-07 0)
(1.06595 -1.84728e-07 0)
(1.06595 -1.5873e-07 0)
(1.06595 -1.82909e-07 0)
(1.06596 -1.58175e-07 0)
(1.06596 -2.01581e-07 0)
(1.06596 -2.41087e-07 0)
(1.06596 -3.84876e-07 0)
(1.06597 -6.05008e-07 0)
(1.06598 -9.93074e-07 0)
(1.06599 -1.63126e-06 0)
(1.066 -2.60566e-06 0)
(1.06602 -5.07037e-06 0)
(1.06609 -1.01355e-05 0)
(1.06616 -3.08646e-05 0)
(1.06668 -7.75291e-05 0)
(1.06724 -0.000228047 0)
(1.07102 -0.000359899 0)
(0.987569 -0.0107542 0)
(1.05646 -0.00868026 0)
(1.05341 -0.00396247 0)
(1.06713 -0.000638467 0)
(1.06259 0.000150021 0)
(1.0641 0.000155556 0)
(1.06296 4.9008e-06 0)
(1.06355 -8.50079e-05 0)
(1.06363 -0.000111266 0)
(1.06402 -0.000110332 0)
(1.06425 -9.88233e-05 0)
(1.06451 -8.63931e-05 0)
(1.06471 -7.38909e-05 0)
(1.0649 -6.3487e-05 0)
(1.06505 -5.42393e-05 0)
(1.06518 -4.68336e-05 0)
(1.06529 -4.0543e-05 0)
(1.06539 -3.51705e-05 0)
(1.06547 -3.05548e-05 0)
(1.06555 -2.64936e-05 0)
(1.06561 -2.30037e-05 0)
(1.06566 -1.97956e-05 0)
(1.06571 -1.69192e-05 0)
(1.06575 -1.4497e-05 0)
(1.06579 -1.22504e-05 0)
(1.06581 -1.04203e-05 0)
(1.06584 -8.64569e-06 0)
(1.06586 -7.245e-06 0)
(1.06588 -5.99187e-06 0)
(1.06589 -4.99429e-06 0)
(1.0659 -4.1016e-06 0)
(1.06591 -3.38656e-06 0)
(1.06592 -2.71514e-06 0)
(1.06593 -2.2371e-06 0)
(1.06593 -1.7186e-06 0)
(1.06594 -1.42576e-06 0)
(1.06594 -1.04713e-06 0)
(1.06594 -8.82613e-07 0)
(1.06594 -6.27907e-07 0)
(1.06595 -5.49928e-07 0)
(1.06595 -4.11171e-07 0)
(1.06595 -3.88491e-07 0)
(1.06595 -2.9486e-07 0)
(1.06595 -2.97901e-07 0)
(1.06595 -1.93353e-07 0)
(1.06595 -2.01544e-07 0)
(1.06595 -8.30256e-08 0)
(1.06595 -9.93667e-08 0)
(1.06595 1.60424e-08 0)
(1.06595 -1.28444e-08 0)
(1.06595 7.80581e-08 0)
(1.06595 1.98724e-08 0)
(1.06595 6.90403e-08 0)
(1.06595 -1.12642e-08 0)
(1.06595 6.78984e-09 0)
(1.06595 -8.9145e-08 0)
(1.06595 -7.38108e-08 0)
(1.06595 -1.62891e-07 0)
(1.06595 -1.17274e-07 0)
(1.06595 -1.79858e-07 0)
(1.06595 -1.07905e-07 0)
(1.06595 -1.48333e-07 0)
(1.06595 -6.23941e-08 0)
(1.06595 -8.7603e-08 0)
(1.06595 -7.26044e-09 0)
(1.06595 -3.16807e-08 0)
(1.06595 4.96159e-08 0)
(1.06595 3.21655e-08 0)
(1.06595 1.14291e-07 0)
(1.06595 9.37286e-08 0)
(1.06595 1.68515e-07 0)
(1.06595 1.40594e-07 0)
(1.06595 2.01111e-07 0)
(1.06595 1.58033e-07 0)
(1.06595 1.88708e-07 0)
(1.06595 1.20768e-07 0)
(1.06595 1.21464e-07 0)
(1.06595 2.85625e-08 0)
(1.06595 2.99548e-09 0)
(1.06595 -9.65793e-08 0)
(1.06595 -1.23562e-07 0)
(1.06595 -2.12102e-07 0)
(1.06595 -2.36476e-07 0)
(1.06595 -3.18675e-07 0)
(1.06595 -3.4825e-07 0)
(1.06595 -4.49547e-07 0)
(1.06596 -5.37115e-07 0)
(1.06596 -7.36661e-07 0)
(1.06596 -1.00069e-06 0)
(1.06596 -1.45841e-06 0)
(1.06597 -2.15144e-06 0)
(1.06598 -3.21865e-06 0)
(1.06598 -5.0328e-06 0)
(1.066 -7.75741e-06 0)
(1.06602 -1.4954e-05 0)
(1.06609 -2.98808e-05 0)
(1.06615 -9.14757e-05 0)
(1.06666 -0.000230394 0)
(1.06721 -0.000678608 0)
(1.0709 -0.00107151 0)
(0.988 -0.0180562 0)
(1.05715 -0.0144153 0)
(1.05357 -0.00654836 0)
(1.06721 -0.0010497 0)
(1.06264 0.000247693 0)
(1.06419 0.000254154 0)
(1.06305 6.87494e-06 0)
(1.06364 -0.00014091 0)
(1.06371 -0.000183994 0)
(1.06409 -0.000182567 0)
(1.06432 -0.00016319 0)
(1.06457 -0.000142314 0)
(1.06476 -0.000121731 0)
(1.06494 -0.000104444 0)
(1.06508 -8.93434e-05 0)
(1.06521 -7.70443e-05 0)
(1.06532 -6.66104e-05 0)
(1.06541 -5.7722e-05 0)
(1.06549 -5.00775e-05 0)
(1.06556 -4.33778e-05 0)
(1.06562 -3.75817e-05 0)
(1.06568 -3.23467e-05 0)
(1.06572 -2.76906e-05 0)
(1.06576 -2.36955e-05 0)
(1.06579 -2.00788e-05 0)
(1.06582 -1.7042e-05 0)
(1.06584 -1.42252e-05 0)
(1.06586 -1.19127e-05 0)
(1.06588 -9.87854e-06 0)
(1.06589 -8.21681e-06 0)
(1.0659 -6.75986e-06 0)
(1.06591 -5.56783e-06 0)
(1.06592 -4.48486e-06 0)
(1.06593 -3.65768e-06 0)
(1.06593 -2.84707e-06 0)
(1.06594 -2.30859e-06 0)
(1.06594 -1.73581e-06 0)
(1.06594 -1.41364e-06 0)
(1.06594 -1.04401e-06 0)
(1.06594 -8.74222e-07 0)
(1.06595 -6.72827e-07 0)
(1.06595 -6.01827e-07 0)
(1.06595 -4.72785e-07 0)
(1.06595 -4.43018e-07 0)
(1.06595 -3.107e-07 0)
(1.06595 -2.90068e-07 0)
(1.06595 -1.48967e-07 0)
(1.06595 -1.41569e-07 0)
(1.06595 -1.02464e-08 0)
(1.06595 -2.37368e-08 0)
(1.06595 7.2704e-08 0)
(1.06595 1.93034e-08 0)
(1.06595 6.61662e-08 0)
(1.06595 -1.3244e-08 0)
(1.06595 1.32939e-10 0)
(1.06595 -9.90949e-08 0)
(1.06595 -8.90233e-08 0)
(1.06595 -1.77448e-07 0)
(1.06595 -1.31603e-07 0)
(1.06595 -1.87819e-07 0)
(1.06595 -1.12432e-07 0)
(1.06595 -1.45156e-07 0)
(1.06595 -5.72947e-08 0)
(1.06595 -7.87326e-08 0)
(1.06595 -6.95594e-10 0)
(1.06595 -2.68559e-08 0)
(1.06595 4.84418e-08 0)
(1.06595 2.8222e-08 0)
(1.06595 1.0496e-07 0)
(1.06595 8.29315e-08 0)
(1.06595 1.54579e-07 0)
(1.06595 1.28409e-07 0)
(1.06595 1.8899e-07 0)
(1.06595 1.49805e-07 0)
(1.06595 1.80488e-07 0)
(1.06595 1.13842e-07 0)
(1.06595 1.11495e-07 0)
(1.06595 1.5834e-08 0)
(1.06595 -1.84687e-08 0)
(1.06595 -1.28515e-07 0)
(1.06595 -1.72195e-07 0)
(1.06595 -2.78923e-07 0)
(1.06595 -3.30325e-07 0)
(1.06595 -4.486e-07 0)
(1.06595 -5.32082e-07 0)
(1.06595 -7.07863e-07 0)
(1.06595 -9.04338e-07 0)
(1.06596 -1.25543e-06 0)
(1.06596 -1.73798e-06 0)
(1.06596 -2.50004e-06 0)
(1.06597 -3.64751e-06 0)
(1.06597 -5.36027e-06 0)
(1.06598 -8.28198e-06 0)
(1.066 -1.26438e-05 0)
(1.06601 -2.43009e-05 0)
(1.06608 -4.8633e-05 0)
(1.06614 -0.000149459 0)
(1.06662 -0.000377414 0)
(1.06714 -0.00111312 0)
(1.07065 -0.00175891 0)
(0.988664 -0.0255611 0)
(1.0582 -0.0200707 0)
(1.05381 -0.00905 0)
(1.06734 -0.00143966 0)
(1.06271 0.000341918 0)
(1.06432 0.000345866 0)
(1.06319 7.51501e-06 0)
(1.06378 -0.000195193 0)
(1.06384 -0.000253805 0)
(1.0642 -0.000251772 0)
(1.06442 -0.000224743 0)
(1.06466 -0.000195737 0)
(1.06484 -0.000167385 0)
(1.065 -0.000143493 0)
(1.06514 -0.000122779 0)
(1.06526 -0.000105788 0)
(1.06536 -9.13841e-05 0)
(1.06545 -7.91301e-05 0)
(1.06552 -6.85923e-05 0)
(1.06559 -5.93725e-05 0)
(1.06565 -5.13735e-05 0)
(1.06569 -4.4207e-05 0)
(1.06574 -3.78582e-05 0)
(1.06577 -3.23692e-05 0)
(1.0658 -2.7452e-05 0)
(1.06583 -2.32723e-05 0)
(1.06585 -1.94716e-05 0)
(1.06587 -1.62989e-05 0)
(1.06588 -1.35274e-05 0)
(1.0659 -1.12377e-05 0)
(1.06591 -9.24893e-06 0)
(1.06591 -7.60898e-06 0)
(1.06592 -6.14135e-06 0)
(1.06593 -4.9867e-06 0)
(1.06593 -3.90256e-06 0)
(1.06593 -3.13391e-06 0)
(1.06594 -2.37971e-06 0)
(1.06594 -1.90954e-06 0)
(1.06594 -1.43238e-06 0)
(1.06594 -1.17596e-06 0)
(1.06594 -9.15971e-07 0)
(1.06594 -7.99535e-07 0)
(1.06594 -6.37828e-07 0)
(1.06595 -5.77584e-07 0)
(1.06595 -4.20071e-07 0)
(1.06595 -3.72223e-07 0)
(1.06595 -2.09807e-07 0)
(1.06595 -1.79851e-07 0)
(1.06595 -3.44627e-08 0)
(1.06595 -3.41115e-08 0)
(1.06595 6.64018e-08 0)
(1.06595 1.70214e-08 0)
(1.06595 6.03335e-08 0)
(1.06595 -1.78888e-08 0)
(1.06595 -8.42148e-09 0)
(1.06595 -1.09232e-07 0)
(1.06595 -1.02948e-07 0)
(1.06595 -1.90359e-07 0)
(1.06595 -1.44443e-07 0)
(1.06595 -1.94764e-07 0)
(1.06595 -1.1661e-07 0)
(1.06595 -1.41977e-07 0)
(1.06595 -5.3141e-08 0)
(1.06595 -7.10037e-08 0)
(1.06595 4.53428e-09 0)
(1.06595 -2.29334e-08 0)
(1.06595 4.56975e-08 0)
(1.06595 2.21085e-08 0)
(1.06595 9.28816e-08 0)
(1.06595 6.96978e-08 0)
(1.06595 1.38541e-07 0)
(1.06595 1.14392e-07 0)
(1.06595 1.7485e-07 0)
(1.06595 1.39493e-07 0)
(1.06595 1.69923e-07 0)
(1.06595 1.04437e-07 0)
(1.06595 9.89218e-08 0)
(1.06595 1.68428e-09 0)
(1.06595 -3.99748e-08 0)
(1.06595 -1.58629e-07 0)
(1.06595 -2.17869e-07 0)
(1.06595 -3.4204e-07 0)
(1.06595 -4.19637e-07 0)
(1.06595 -5.72323e-07 0)
(1.06595 -7.0721e-07 0)
(1.06595 -9.53443e-07 0)
(1.06595 -1.25303e-06 0)
(1.06595 -1.74745e-06 0)
(1.06595 -2.43731e-06 0)
(1.06596 -3.48683e-06 0)
(1.06596 -5.05839e-06 0)
(1.06597 -7.36329e-06 0)
(1.06598 -1.12833e-05 0)
(1.06599 -1.71004e-05 0)
(1.06601 -3.27761e-05 0)
(1.06606 -6.5765e-05 0)
(1.06611 -0.000203128 0)
(1.06656 -0.000514805 0)
(1.06704 -0.00152102 0)
(1.07029 -0.0024061 0)
(0.989587 -0.0333578 0)
(1.05963 -0.0256092 0)
(1.05412 -0.0114316 0)
(1.06752 -0.00180025 0)
(1.06281 0.000431454 0)
(1.06449 0.00042821 0)
(1.06338 6.46258e-06 0)
(1.06396 -0.000247115 0)
(1.06401 -0.000319495 0)
(1.06435 -0.000316713 0)
(1.06454 -0.000282345 0)
(1.06476 -0.000245659 0)
(1.06493 -0.000209981 0)
(1.06508 -0.000179874 0)
(1.06521 -0.000153886 0)
(1.06532 -0.000132488 0)
(1.06541 -0.000114359 0)
(1.06549 -9.89512e-05 0)
(1.06556 -8.57089e-05 0)
(1.06562 -7.41353e-05 0)
(1.06567 -6.40806e-05 0)
(1.06572 -5.51166e-05 0)
(1.06575 -4.71958e-05 0)
(1.06579 -4.03213e-05 0)
(1.06581 -3.41996e-05 0)
(1.06584 -2.89648e-05 0)
(1.06586 -2.42599e-05 0)
(1.06587 -2.02981e-05 0)
(1.06588 -1.68503e-05 0)
(1.0659 -1.39837e-05 0)
(1.06591 -1.15075e-05 0)
(1.06591 -9.45881e-06 0)
(1.06592 -7.64256e-06 0)
(1.06592 -6.19066e-06 0)
(1.06593 -4.8586e-06 0)
(1.06593 -3.88096e-06 0)
(1.06593 -2.96265e-06 0)
(1.06593 -2.358e-06 0)
(1.06594 -1.78382e-06 0)
(1.06594 -1.44831e-06 0)
(1.06594 -1.13544e-06 0)
(1.06594 -9.77782e-07 0)
(1.06594 -7.87065e-07 0)
(1.06594 -6.99549e-07 0)
(1.06594 -5.2028e-07 0)
(1.06594 -4.47917e-07 0)
(1.06594 -2.66222e-07 0)
(1.06594 -2.15218e-07 0)
(1.06594 -5.69551e-08 0)
(1.06594 -4.46782e-08 0)
(1.06594 5.80617e-08 0)
(1.06594 1.19632e-08 0)
(1.06594 5.04274e-08 0)
(1.06594 -2.6976e-08 0)
(1.06594 -2.07857e-08 0)
(1.06594 -1.21419e-07 0)
(1.06594 -1.17286e-07 0)
(1.06594 -2.03011e-07 0)
(1.06594 -1.56821e-07 0)
(1.06594 -2.01784e-07 0)
(1.06594 -1.21454e-07 0)
(1.06594 -1.40209e-07 0)
(1.06594 -5.19408e-08 0)
(1.06594 -6.65652e-08 0)
(1.06594 5.93052e-09 0)
(1.06594 -2.20895e-08 0)
(1.06594 3.94823e-08 0)
(1.06594 1.24647e-08 0)
(1.06594 7.67583e-08 0)
(1.06594 5.28425e-08 0)
(1.06594 1.18937e-07 0)
(1.06594 9.71218e-08 0)
(1.06594 1.57143e-07 0)
(1.06594 1.2529e-07 0)
(1.06594 1.55055e-07 0)
(1.06594 9.05641e-08 0)
(1.06594 8.19322e-08 0)
(1.06594 -1.55788e-08 0)
(1.06594 -6.33175e-08 0)
(1.06594 -1.88481e-07 0)
(1.06594 -2.61417e-07 0)
(1.06594 -4.01635e-07 0)
(1.06594 -5.04006e-07 0)
(1.06594 -6.88843e-07 0)
(1.06594 -8.71793e-07 0)
(1.06594 -1.18321e-06 0)
(1.06595 -1.57801e-06 0)
(1.06595 -2.20421e-06 0)
(1.06595 -3.08505e-06 0)
(1.06595 -4.39788e-06 0)
(1.06596 -6.35194e-06 0)
(1.06596 -9.17763e-06 0)
(1.06597 -1.39506e-05 0)
(1.06598 -2.09801e-05 0)
(1.06599 -4.00777e-05 0)
(1.06604 -8.07014e-05 0)
(1.06608 -0.000250895 0)
(1.06647 -0.000638953 0)
(1.06691 -0.00189196 0)
(1.0698 -0.00299722 0)
(0.990802 -0.0415423 0)
(1.06147 -0.0309877 0)
(1.05451 -0.0136551 0)
(1.06773 -0.00212379 0)
(1.06293 0.000515198 0)
(1.06469 0.000498971 0)
(1.06361 3.52435e-06 0)
(1.06418 -0.000295852 0)
(1.06421 -0.000379827 0)
(1.06452 -0.000376143 0)
(1.0647 -0.000334857 0)
(1.06489 -0.000291077 0)
(1.06504 -0.000248648 0)
(1.06518 -0.000212837 0)
(1.06529 -0.000182017 0)
(1.06539 -0.000156584 0)
(1.06547 -0.000135048 0)
(1.06554 -0.000116757 0)
(1.0656 -0.000101052 0)
(1.06565 -8.73389e-05 0)
(1.0657 -7.54189e-05 0)
(1.06574 -6.48301e-05 0)
(1.06577 -5.54911e-05 0)
(1.0658 -4.73688e-05 0)
(1.06582 -4.01644e-05 0)
(1.06584 -3.39857e-05 0)
(1.06586 -2.84766e-05 0)
(1.06587 -2.38149e-05 0)
(1.06588 -1.9768e-05 0)
(1.06589 -1.63899e-05 0)
(1.0659 -1.34825e-05 0)
(1.06591 -1.10737e-05 0)
(1.06591 -8.95322e-06 0)
(1.06592 -7.24195e-06 0)
(1.06592 -5.69399e-06 0)
(1.06592 -4.53361e-06 0)
(1.06592 -3.47267e-06 0)
(1.06592 -2.75064e-06 0)
(1.06593 -2.09298e-06 0)
(1.06593 -1.68833e-06 0)
(1.06593 -1.32995e-06 0)
(1.06593 -1.13655e-06 0)
(1.06593 -9.21347e-07 0)
(1.06593 -8.10405e-07 0)
(1.06593 -6.13377e-07 0)
(1.06593 -5.20143e-07 0)
(1.06593 -3.21925e-07 0)
(1.06593 -2.51555e-07 0)
(1.06593 -8.18803e-08 0)
(1.06593 -5.93354e-08 0)
(1.06593 4.36829e-08 0)
(1.06593 7.33077e-10 0)
(1.06593 3.30261e-08 0)
(1.06593 -4.43746e-08 0)
(1.06593 -4.0733e-08 0)
(1.06593 -1.40076e-07 0)
(1.06593 -1.36412e-07 0)
(1.06593 -2.19481e-07 0)
(1.06593 -1.72394e-07 0)
(1.06593 -2.12215e-07 0)
(1.06593 -1.30441e-07 0)
(1.06593 -1.44244e-07 0)
(1.06593 -5.80329e-08 0)
(1.06593 -7.00318e-08 0)
(1.06593 -1.26803e-09 0)
(1.06593 -2.87538e-08 0)
(1.06593 2.55071e-08 0)
(1.06593 -4.06824e-09 0)
(1.06593 5.30641e-08 0)
(1.06593 2.90214e-08 0)
(1.06593 9.21595e-08 0)
(1.06593 7.28415e-08 0)
(1.06593 1.31605e-07 0)
(1.06593 1.0291e-07 0)
(1.06593 1.31444e-07 0)
(1.06593 6.83418e-08 0)
(1.06593 5.68523e-08 0)
(1.06593 -4.00134e-08 0)
(1.06593 -9.255e-08 0)
(1.06593 -2.22552e-07 0)
(1.06593 -3.0702e-07 0)
(1.06593 -4.61333e-07 0)
(1.06593 -5.86223e-07 0)
(1.06593 -8.00145e-07 0)
(1.06593 -1.02686e-06 0)
(1.06593 -1.39697e-06 0)
(1.06593 -1.87726e-06 0)
(1.06593 -2.62078e-06 0)
(1.06594 -3.67148e-06 0)
(1.06594 -5.21657e-06 0)
(1.06594 -7.50128e-06 0)
(1.06595 -1.0761e-05 0)
(1.06595 -1.62117e-05 0)
(1.06596 -2.41605e-05 0)
(1.06597 -4.59503e-05 0)
(1.06601 -9.29394e-05 0)
(1.06604 -0.000291311 0)
(1.06636 -0.00074648 0)
(1.06674 -0.00221591 0)
(1.06921 -0.00351676 0)
(0.992354 -0.0502213 0)
(1.06375 -0.0361548 0)
(1.05497 -0.0156795 0)
(1.06799 -0.00240305 0)
(1.06308 0.000592213 0)
(1.06494 0.000556265 0)
(1.06388 -1.29661e-06 0)
(1.06444 -0.000340473 0)
(1.06444 -0.000433526 0)
(1.06472 -0.000428795 0)
(1.06486 -0.000381135 0)
(1.06504 -0.000330993 0)
(1.06516 -0.000282529 0)
(1.06528 -0.000241649 0)
(1.06537 -0.000206543 0)
(1.06546 -0.000177533 0)
(1.06552 -0.000152982 0)
(1.06558 -0.000132144 0)
(1.06564 -0.000114271 0)
(1.06568 -9.86784e-05 0)
(1.06572 -8.51261e-05 0)
(1.06575 -7.31226e-05 0)
(1.06578 -6.25518e-05 0)
(1.0658 -5.33478e-05 0)
(1.06582 -4.52082e-05 0)
(1.06583 -3.82189e-05 0)
(1.06585 -3.20248e-05 0)
(1.06586 -2.67693e-05 0)
(1.06587 -2.22155e-05 0)
(1.06588 -1.84045e-05 0)
(1.06588 -1.51329e-05 0)
(1.06589 -1.24219e-05 0)
(1.06589 -1.00489e-05 0)
(1.06589 -8.12283e-06 0)
(1.0659 -6.39666e-06 0)
(1.0659 -5.08435e-06 0)
(1.0659 -3.90608e-06 0)
(1.0659 -3.08714e-06 0)
(1.0659 -2.36249e-06 0)
(1.0659 -1.90102e-06 0)
(1.0659 -1.50611e-06 0)
(1.0659 -1.28357e-06 0)
(1.0659 -1.04918e-06 0)
(1.0659 -9.18951e-07 0)
(1.0659 -7.0807e-07 0)
(1.06591 -5.97876e-07 0)
(1.06591 -3.86373e-07 0)
(1.06591 -2.98468e-07 0)
(1.06591 -1.19638e-07 0)
(1.06591 -8.87861e-08 0)
(1.06591 1.37082e-08 0)
(1.06591 -2.55919e-08 0)
(1.06591 -9.68368e-11 0)
(1.06591 -7.92154e-08 0)
(1.06591 -7.81645e-08 0)
(1.06591 -1.73888e-07 0)
(1.06591 -1.70208e-07 0)
(1.06591 -2.48444e-07 0)
(1.06591 -2.01106e-07 0)
(1.06591 -2.35364e-07 0)
(1.06591 -1.53911e-07 0)
(1.06591 -1.6439e-07 0)
(1.06591 -8.04295e-08 0)
(1.06591 -9.1881e-08 0)
(1.06591 -2.61603e-08 0)
(1.06591 -5.37848e-08 0)
(1.06591 -5.11214e-09 0)
(1.06591 -3.75963e-08 0)
(1.06591 1.35995e-08 0)
(1.06591 -1.00229e-08 0)
(1.06591 4.96188e-08 0)
(1.06591 3.30808e-08 0)
(1.06591 8.93209e-08 0)
(1.06591 6.34921e-08 0)
(1.06591 9.0289e-08 0)
(1.06591 2.95994e-08 0)
(1.06591 1.58237e-08 0)
(1.06591 -8.09394e-08 0)
(1.06591 -1.3639e-07 0)
(1.06591 -2.70593e-07 0)
(1.06591 -3.6482e-07 0)
(1.06591 -5.3096e-07 0)
(1.06591 -6.75549e-07 0)
(1.06591 -9.14894e-07 0)
(1.06591 -1.18005e-06 0)
(1.06591 -1.60114e-06 0)
(1.06591 -2.15555e-06 0)
(1.06591 -2.99918e-06 0)
(1.06591 -4.19424e-06 0)
(1.06591 -5.93422e-06 0)
(1.06592 -8.48877e-06 0)
(1.06592 -1.20834e-05 0)
(1.06592 -1.80143e-05 0)
(1.06593 -2.65525e-05 0)
(1.06594 -5.01995e-05 0)
(1.06596 -0.000102071 0)
(1.06598 -0.00032311 0)
(1.06623 -0.000834318 0)
(1.06653 -0.00248327 0)
(1.06849 -0.00394957 0)
(0.994302 -0.0595142 0)
(1.0665 -0.0410483 0)
(1.05548 -0.0174602 0)
(1.06826 -0.00263132 0)
(1.06323 0.000661744 0)
(1.0652 0.000598589 0)
(1.06416 -7.78855e-06 0)
(1.06471 -0.000379938 0)
(1.06468 -0.000479275 0)
(1.06493 -0.000473388 0)
(1.06504 -0.000420039 0)
(1.06518 -0.000364425 0)
(1.06528 -0.000310789 0)
(1.06537 -0.000265601 0)
(1.06545 -0.000226865 0)
(1.06551 -0.000194828 0)
(1.06557 -0.000167729 0)
(1.06561 -0.00014474 0)
(1.06565 -0.000125045 0)
(1.06569 -0.000107881 0)
(1.06572 -9.29708e-05 0)
(1.06574 -7.97986e-05 0)
(1.06576 -6.8214e-05 0)
(1.06578 -5.81222e-05 0)
(1.06579 -4.92193e-05 0)
(1.0658 -4.15737e-05 0)
(1.06581 -3.48317e-05 0)
(1.06582 -2.91034e-05 0)
(1.06583 -2.41482e-05 0)
(1.06583 -1.99949e-05 0)
(1.06584 -1.64368e-05 0)
(1.06584 -1.34894e-05 0)
(1.06585 -1.09225e-05 0)
(1.06585 -8.83223e-06 0)
(1.06585 -6.97088e-06 0)
(1.06585 -5.54194e-06 0)
(1.06585 -4.27527e-06 0)
(1.06585 -3.38298e-06 0)
(1.06585 -2.61062e-06 0)
(1.06585 -2.10627e-06 0)
(1.06585 -1.68453e-06 0)
(1.06585 -1.4399e-06 0)
(1.06585 -1.1914e-06 0)
(1.06585 -1.04594e-06 0)
(1.06585 -8.23914e-07 0)
(1.06585 -6.99926e-07 0)
(1.06585 -4.7718e-07 0)
(1.06585 -3.73904e-07 0)
(1.06585 -1.91991e-07 0)
(1.06585 -1.55118e-07 0)
(1.06585 -5.26583e-08 0)
(1.06585 -8.97488e-08 0)
(1.06585 -7.01258e-08 0)
(1.06585 -1.52054e-07 0)
(1.06585 -1.54029e-07 0)
(1.06585 -2.44565e-07 0)
(1.06585 -2.39921e-07 0)
(1.06585 -3.11196e-07 0)
(1.06585 -2.64529e-07 0)
(1.06585 -2.93545e-07 0)
(1.06585 -2.13838e-07 0)
(1.06585 -2.21861e-07 0)
(1.06585 -1.41168e-07 0)
(1.06585 -1.53462e-07 0)
(1.06585 -9.08936e-08 0)
(1.06585 -1.19157e-07 0)
(1.06585 -7.45997e-08 0)
(1.06585 -1.09819e-07 0)
(1.06585 -6.2653e-08 0)
(1.06585 -8.60826e-08 0)
(1.06586 -2.80525e-08 0)
(1.06586 -4.24074e-08 0)
(1.06586 1.19055e-08 0)
(1.06586 -1.209e-08 0)
(1.06586 1.35734e-08 0)
(1.06586 -4.55247e-08 0)
(1.06586 -6.15619e-08 0)
(1.06586 -1.58586e-07 0)
(1.06586 -2.15858e-07 0)
(1.06586 -3.50396e-07 0)
(1.06586 -4.53337e-07 0)
(1.06586 -6.29785e-07 0)
(1.06586 -7.91694e-07 0)
(1.06586 -1.05323e-06 0)
(1.06586 -1.35118e-06 0)
(1.06586 -1.81522e-06 0)
(1.06586 -2.43139e-06 0)
(1.06586 -3.35537e-06 0)
(1.06586 -4.66526e-06 0)
(1.06586 -6.55687e-06 0)
(1.06586 -9.31271e-06 0)
(1.06587 -1.3134e-05 0)
(1.06587 -1.93337e-05 0)
(1.06587 -2.81098e-05 0)
(1.06587 -5.27072e-05 0)
(1.06589 -0.000107805 0)
(1.0659 -0.000345255 0)
(1.06606 -0.000899782 0)
(1.06628 -0.00268508 0)
(1.06766 -0.0042811 0)
(0.996715 -0.0695556 0)
(1.06975 -0.0455912 0)
(1.05601 -0.0189474 0)
(1.06853 -0.00280241 0)
(1.06337 0.0007232 0)
(1.06545 0.000624845 0)
(1.06444 -1.55402e-05 0)
(1.06497 -0.000413098 0)
(1.0649 -0.000515734 0)
(1.06511 -0.000508639 0)
(1.06518 -0.00045045 0)
(1.06529 -0.00039042 0)
(1.06536 -0.000332632 0)
(1.06542 -0.000284031 0)
(1.06548 -0.000242429 0)
(1.06552 -0.000208007 0)
(1.06556 -0.000178903 0)
(1.06559 -0.000154226 0)
(1.06562 -0.000133108 0)
(1.06564 -0.000114725 0)
(1.06566 -9.87701e-05 0)
(1.06568 -8.47087e-05 0)
(1.06569 -7.23584e-05 0)
(1.0657 -6.15992e-05 0)
(1.06571 -5.21284e-05 0)
(1.06572 -4.40004e-05 0)
(1.06573 -3.68632e-05 0)
(1.06573 -3.07967e-05 0)
(1.06573 -2.55579e-05 0)
(1.06574 -2.11642e-05 0)
(1.06574 -1.7407e-05 0)
(1.06574 -1.42974e-05 0)
(1.06574 -1.16014e-05 0)
(1.06575 -9.40287e-06 0)
(1.06575 -7.45437e-06 0)
(1.06575 -5.94841e-06 0)
(1.06575 -4.62417e-06 0)
(1.06575 -3.68302e-06 0)
(1.06575 -2.8822e-06 0)
(1.06575 -2.34891e-06 0)
(1.06575 -1.90852e-06 0)
(1.06575 -1.64727e-06 0)
(1.06575 -1.38725e-06 0)
(1.06575 -1.22933e-06 0)
(1.06575 -9.9796e-07 0)
(1.06575 -8.62591e-07 0)
(1.06575 -6.34303e-07 0)
(1.06575 -5.24283e-07 0)
(1.06575 -3.44255e-07 0)
(1.06575 -3.03511e-07 0)
(1.06575 -2.02748e-07 0)
(1.06575 -2.38306e-07 0)
(1.06575 -2.23257e-07 0)
(1.06575 -3.06764e-07 0)
(1.06575 -3.11793e-07 0)
(1.06575 -3.97323e-07 0)
(1.06575 -3.90148e-07 0)
(1.06575 -4.54138e-07 0)
(1.06575 -4.07723e-07 0)
(1.06575 -4.32388e-07 0)
(1.06575 -3.5484e-07 0)
(1.06575 -3.61394e-07 0)
(1.06575 -2.85791e-07 0)
(1.06575 -2.98968e-07 0)
(1.06575 -2.41061e-07 0)
(1.06575 -2.69034e-07 0)
(1.06575 -2.28633e-07 0)
(1.06575 -2.6463e-07 0)
(1.06575 -2.21349e-07 0)
(1.06575 -2.44563e-07 0)
(1.06575 -1.87475e-07 0)
(1.06575 -2.00438e-07 0)
(1.06575 -1.47827e-07 0)
(1.06575 -1.70659e-07 0)
(1.06575 -1.45439e-07 0)
(1.06575 -2.02892e-07 0)
(1.06575 -2.20592e-07 0)
(1.06575 -3.16638e-07 0)
(1.06575 -3.75463e-07 0)
(1.06575 -5.06506e-07 0)
(1.06575 -6.12606e-07 0)
(1.06575 -7.94415e-07 0)
(1.06575 -9.71744e-07 0)
(1.06575 -1.25234e-06 0)
(1.06575 -1.57976e-06 0)
(1.06575 -2.08149e-06 0)
(1.06575 -2.74838e-06 0)
(1.06575 -3.73307e-06 0)
(1.06575 -5.12679e-06 0)
(1.06575 -7.1219e-06 0)
(1.06575 -1.00043e-05 0)
(1.06576 -1.39382e-05 0)
(1.06576 -2.019e-05 0)
(1.06576 -2.88477e-05 0)
(1.06576 -5.34544e-05 0)
(1.06576 -0.00011 0)
(1.06575 -0.000356997 0)
(1.06583 -0.000940654 0)
(1.06596 -0.00281317 0)
(1.06669 -0.00449757 0)
(0.99967 -0.0804964 0)
(1.07353 -0.0496868 0)
(1.05651 -0.0200855 0)
(1.06874 -0.00291071 0)
(1.06345 0.000776039 0)
(1.06563 0.000634312 0)
(1.06465 -2.40006e-05 0)
(1.06516 -0.000438748 0)
(1.06505 -0.000541584 0)
(1.0652 -0.000533312 0)
(1.06523 -0.000471318 0)
(1.0653 -0.000408109 0)
(1.06534 -0.000347352 0)
(1.06538 -0.000296369 0)
(1.0654 -0.000252779 0)
(1.06543 -0.000216707 0)
(1.06545 -0.00018622 0)
(1.06547 -0.000160379 0)
(1.06548 -0.000138292 0)
(1.06549 -0.000119087 0)
(1.0655 -0.000102437 0)
(1.06551 -8.77985e-05 0)
(1.06551 -7.49593e-05 0)
(1.06552 -6.37788e-05 0)
(1.06552 -5.39582e-05 0)
(1.06552 -4.55399e-05 0)
(1.06552 -3.81763e-05 0)
(1.06552 -3.19191e-05 0)
(1.06553 -2.65257e-05 0)
(1.06553 -2.20032e-05 0)
(1.06553 -1.81433e-05 0)
(1.06553 -1.49531e-05 0)
(1.06553 -1.21976e-05 0)
(1.06553 -9.94817e-06 0)
(1.06553 -7.96104e-06 0)
(1.06553 -6.41692e-06 0)
(1.06553 -5.06285e-06 0)
(1.06553 -4.09198e-06 0)
(1.06553 -3.27434e-06 0)
(1.06553 -2.72358e-06 0)
(1.06553 -2.2714e-06 0)
(1.06553 -1.99793e-06 0)
(1.06553 -1.72676e-06 0)
(1.06553 -1.5613e-06 0)
(1.06553 -1.32997e-06 0)
(1.06553 -1.19257e-06 0)
(1.06553 -9.70635e-07 0)
(1.06553 -8.61432e-07 0)
(1.06553 -6.85375e-07 0)
(1.06553 -6.43233e-07 0)
(1.06553 -5.47067e-07 0)
(1.06553 -5.79807e-07 0)
(1.06553 -5.68096e-07 0)
(1.06553 -6.51056e-07 0)
(1.06553 -6.58812e-07 0)
(1.06553 -7.39159e-07 0)
(1.06553 -7.29115e-07 0)
(1.06553 -7.86048e-07 0)
(1.06553 -7.39552e-07 0)
(1.06553 -7.60409e-07 0)
(1.06553 -6.85728e-07 0)
(1.06553 -6.9155e-07 0)
(1.06553 -6.21905e-07 0)
(1.06553 -6.36228e-07 0)
(1.06553 -5.83714e-07 0)
(1.06553 -6.11086e-07 0)
(1.06553 -5.74318e-07 0)
(1.06553 -6.09744e-07 0)
(1.06553 -5.70276e-07 0)
(1.06553 -5.92905e-07 0)
(1.06553 -5.38889e-07 0)
(1.06553 -5.5063e-07 0)
(1.06553 -5.01271e-07 0)
(1.06553 -5.22607e-07 0)
(1.06553 -4.97841e-07 0)
(1.06553 -5.51284e-07 0)
(1.06553 -5.69027e-07 0)
(1.06553 -6.62564e-07 0)
(1.06553 -7.22567e-07 0)
(1.06553 -8.50244e-07 0)
(1.06553 -9.54917e-07 0)
(1.06553 -1.13417e-06 0)
(1.06553 -1.31589e-06 0)
(1.06553 -1.60311e-06 0)
(1.06553 -1.95584e-06 0)
(1.06553 -2.49177e-06 0)
(1.06553 -3.201e-06 0)
(1.06553 -4.23547e-06 0)
(1.06553 -5.68813e-06 0)
(1.06553 -7.74082e-06 0)
(1.06553 -1.06758e-05 0)
(1.06553 -1.46083e-05 0)
(1.06553 -2.06997e-05 0)
(1.06553 -2.88963e-05 0)
(1.06552 -5.25784e-05 0)
(1.06551 -0.000108723 0)
(1.06549 -0.000357966 0)
(1.06548 -0.000955311 0)
(1.06551 -0.00286056 0)
(1.06553 -0.00458636 0)
(1.00323 -0.0925024 0)
(1.07777 -0.0532122 0)
(1.05685 -0.0208113 0)
(1.06874 -0.00295114 0)
(1.06332 0.00081952 0)
(1.06562 0.000626511 0)
(1.06467 -3.26442e-05 0)
(1.06514 -0.000455748 0)
(1.06498 -0.000555655 0)
(1.06508 -0.000546344 0)
(1.06506 -0.000481784 0)
(1.06509 -0.000416825 0)
(1.06509 -0.000354452 0)
(1.0651 -0.000302257 0)
(1.0651 -0.000257669 0)
(1.0651 -0.000220778 0)
(1.0651 -0.000189605 0)
(1.0651 -0.000163196 0)
(1.0651 -0.000140646 0)
(1.0651 -0.000121062 0)
(1.06509 -0.000104109 0)
(1.06509 -8.92372e-05 0)
(1.06509 -7.62147e-05 0)
(1.06508 -6.48833e-05 0)
(1.06508 -5.49526e-05 0)
(1.06508 -4.64536e-05 0)
(1.06508 -3.90468e-05 0)
(1.06507 -3.27591e-05 0)
(1.06507 -2.73474e-05 0)
(1.06507 -2.28103e-05 0)
(1.06507 -1.89448e-05 0)
(1.06507 -1.57537e-05 0)
(1.06507 -1.30033e-05 0)
(1.06507 -1.07509e-05 0)
(1.06506 -8.76067e-06 0)
(1.06506 -7.20187e-06 0)
(1.06506 -5.84152e-06 0)
(1.06506 -4.85567e-06 0)
(1.06506 -4.02602e-06 0)
(1.06506 -3.47836e-06 0)
(1.06506 -3.03565e-06 0)
(1.06506 -2.76525e-06 0)
(1.06506 -2.50085e-06 0)
(1.06506 -2.33647e-06 0)
(1.06506 -2.11334e-06 0)
(1.06506 -1.98116e-06 0)
(1.06506 -1.77208e-06 0)
(1.06506 -1.6657e-06 0)
(1.06506 -1.49708e-06 0)
(1.06506 -1.456e-06 0)
(1.06506 -1.36644e-06 0)
(1.06506 -1.39605e-06 0)
(1.06506 -1.38619e-06 0)
(1.06506 -1.46622e-06 0)
(1.06506 -1.47598e-06 0)
(1.06506 -1.5509e-06 0)
(1.06506 -1.53822e-06 0)
(1.06506 -1.58819e-06 0)
(1.06506 -1.54221e-06 0)
(1.06506 -1.55983e-06 0)
(1.06506 -1.48888e-06 0)
(1.06506 -1.49431e-06 0)
(1.06506 -1.4311e-06 0)
(1.06506 -1.44644e-06 0)
(1.06506 -1.39966e-06 0)
(1.06506 -1.42611e-06 0)
(1.06506 -1.39256e-06 0)
(1.06506 -1.42624e-06 0)
(1.06506 -1.3903e-06 0)
(1.06506 -1.41243e-06 0)
(1.06506 -1.36248e-06 0)
(1.06506 -1.37336e-06 0)
(1.06506 -1.32787e-06 0)
(1.06506 -1.34758e-06 0)
(1.06506 -1.32316e-06 0)
(1.06506 -1.37135e-06 0)
(1.06506 -1.38803e-06 0)
(1.06506 -1.47753e-06 0)
(1.06506 -1.53784e-06 0)
(1.06506 -1.66192e-06 0)
(1.06506 -1.76542e-06 0)
(1.06506 -1.93857e-06 0)
(1.06506 -2.11559e-06 0)
(1.06506 -2.3979e-06 0)
(1.06506 -2.75427e-06 0)
(1.06506 -3.29637e-06 0)
(1.06506 -4.02495e-06 0)
(1.06506 -5.10468e-06 0)
(1.06506 -6.59663e-06 0)
(1.06506 -8.68034e-06 0)
(1.06506 -1.16129e-05 0)
(1.06506 -1.54463e-05 0)
(1.06506 -2.11902e-05 0)
(1.06505 -2.86237e-05 0)
(1.06504 -5.0506e-05 0)
(1.06502 -0.000104394 0)
(1.06499 -0.000348331 0)
(1.06489 -0.000942922 0)
(1.06481 -0.00282195 0)
(1.06409 -0.00453654 0)
(1.00741 -0.105745 0)
(1.08233 -0.0560078 0)
(1.05676 -0.0210532 0)
(1.06826 -0.00291919 0)
(1.06274 0.000852321 0)
(1.06514 0.000601031 0)
(1.06422 -4.11748e-05 0)
(1.06465 -0.000463159 0)
(1.06444 -0.000557047 0)
(1.06448 -0.000546957 0)
(1.06441 -0.000481302 0)
(1.06438 -0.00041622 0)
(1.06434 -0.000353767 0)
(1.06432 -0.000301676 0)
(1.06429 -0.000257204 0)
(1.06427 -0.000220423 0)
(1.06425 -0.000189347 0)
(1.06423 -0.000163034 0)
(1.06421 -0.000140589 0)
(1.06419 -0.00012112 0)
(1.06418 -0.000104296 0)
(1.06417 -8.95738e-05 0)
(1.06416 -7.66999e-05 0)
(1.06415 -6.55037e-05 0)
(1.06414 -5.57129e-05 0)
(1.06413 -4.73483e-05 0)
(1.06412 -4.0083e-05 0)
(1.06412 -3.39223e-05 0)
(1.06411 -2.86191e-05 0)
(1.06411 -2.41663e-05 0)
(1.0641 -2.03715e-05 0)
(1.0641 -1.72337e-05 0)
(1.0641 -1.453e-05 0)
(1.0641 -1.23154e-05 0)
(1.06409 -1.03486e-05 0)
(1.06409 -8.78827e-06 0)
(1.06409 -7.47771e-06 0)
(1.06409 -6.53013e-06 0)
(1.06409 -5.74229e-06 0)
(1.06409 -5.22185e-06 0)
(1.06409 -4.80677e-06 0)
(1.06409 -4.55236e-06 0)
(1.06409 -4.30898e-06 0)
(1.06409 -4.15139e-06 0)
(1.06409 -3.93781e-06 0)
(1.06409 -3.81106e-06 0)
(1.06409 -3.61569e-06 0)
(1.06409 -3.51598e-06 0)
(1.06409 -3.35865e-06 0)
(1.06409 -3.32087e-06 0)
(1.06409 -3.23977e-06 0)
(1.06409 -3.26641e-06 0)
(1.06409 -3.25714e-06 0)
(1.06409 -3.33186e-06 0)
(1.06409 -3.34255e-06 0)
(1.06409 -3.41152e-06 0)
(1.06409 -3.39703e-06 0)
(1.06409 -3.4401e-06 0)
(1.06409 -3.39587e-06 0)
(1.06409 -3.41096e-06 0)
(1.06409 -3.34461e-06 0)
(1.06409 -3.34982e-06 0)
(1.06409 -3.29313e-06 0)
(1.06409 -3.30906e-06 0)
(1.06409 -3.26785e-06 0)
(1.06409 -3.29302e-06 0)
(1.06409 -3.26237e-06 0)
(1.06409 -3.29342e-06 0)
(1.06409 -3.26074e-06 0)
(1.06409 -3.28241e-06 0)
(1.06409 -3.23737e-06 0)
(1.06409 -3.24752e-06 0)
(1.06409 -3.20603e-06 0)
(1.06409 -3.22417e-06 0)
(1.06409 -3.20032e-06 0)
(1.06409 -3.24281e-06 0)
(1.06409 -3.25756e-06 0)
(1.06409 -3.34137e-06 0)
(1.06409 -3.40005e-06 0)
(1.06409 -3.51875e-06 0)
(1.06409 -3.61968e-06 0)
(1.06409 -3.78583e-06 0)
(1.06409 -3.95787e-06 0)
(1.06409 -4.23198e-06 0)
(1.06409 -4.57503e-06 0)
(1.06409 -5.09806e-06 0)
(1.06409 -5.81205e-06 0)
(1.06409 -6.87136e-06 0)
(1.06409 -8.33708e-06 0)
(1.06408 -1.04302e-05 0)
(1.06408 -1.33195e-05 0)
(1.06408 -1.69907e-05 0)
(1.06408 -2.22638e-05 0)
(1.06407 -2.87149e-05 0)
(1.06406 -4.80677e-05 0)
(1.06403 -9.79454e-05 0)
(1.06399 -0.000328999 0)
(1.06379 -0.00090367 0)
(1.06361 -0.00269445 0)
(1.06211 -0.00433971 0)
(1.01204 -0.120364 0)
(1.08674 -0.0578629 0)
(1.05569 -0.0207292 0)
(1.06673 -0.0028108 0)
(1.06113 0.000872161 0)
(1.06362 0.00055748 0)
(1.06274 -4.9462e-05 0)
(1.06313 -0.000460229 0)
(1.06286 -0.000545114 0)
(1.06283 -0.00053464 0)
(1.0627 -0.000469618 0)
(1.06263 -0.00040626 0)
(1.06254 -0.000345454 0)
(1.06248 -0.00029494 0)
(1.06242 -0.000251831 0)
(1.06237 -0.000216202 0)
(1.06233 -0.000186075 0)
(1.06229 -0.000160577 0)
(1.06226 -0.000138846 0)
(1.06223 -0.000120018 0)
(1.0622 -0.000103779 0)
(1.06218 -8.96011e-05 0)
(1.06216 -7.72101e-05 0)
(1.06214 -6.64242e-05 0)
(1.06212 -5.70033e-05 0)
(1.06211 -4.89579e-05 0)
(1.0621 -4.19779e-05 0)
(1.06209 -3.60525e-05 0)
(1.06208 -3.09583e-05 0)
(1.06208 -2.66801e-05 0)
(1.06207 -2.30212e-05 0)
(1.06207 -1.99767e-05 0)
(1.06206 -1.73672e-05 0)
(1.06206 -1.52915e-05 0)
(1.06206 -1.34571e-05 0)
(1.06205 -1.20049e-05 0)
(1.06205 -1.07976e-05 0)
(1.06205 -9.93311e-06 0)
(1.06205 -9.22888e-06 0)
(1.06205 -8.74816e-06 0)
(1.06205 -8.3645e-06 0)
(1.06205 -8.12834e-06 0)
(1.06205 -7.90374e-06 0)
(1.06205 -7.75589e-06 0)
(1.06205 -7.55624e-06 0)
(1.06205 -7.4379e-06 0)
(1.06205 -7.2594e-06 0)
(1.06205 -7.16992e-06 0)
(1.06205 -7.02794e-06 0)
(1.06205 -6.99523e-06 0)
(1.06205 -6.92403e-06 0)
(1.06205 -6.94824e-06 0)
(1.06205 -6.93881e-06 0)
(1.06205 -7.00598e-06 0)
(1.06205 -7.01633e-06 0)
(1.06205 -7.07884e-06 0)
(1.06205 -7.06336e-06 0)
(1.06205 -7.09994e-06 0)
(1.06205 -7.05882e-06 0)
(1.06205 -7.07229e-06 0)
(1.06205 -7.01156e-06 0)
(1.06205 -7.01661e-06 0)
(1.06205 -6.96648e-06 0)
(1.06205 -6.98223e-06 0)
(1.06205 -6.94614e-06 0)
(1.06205 -6.96944e-06 0)
(1.06205 -6.94166e-06 0)
(1.06205 -6.96942e-06 0)
(1.06205 -6.93989e-06 0)
(1.06205 -6.96096e-06 0)
(1.06205 -6.92126e-06 0)
(1.06205 -6.93053e-06 0)
(1.06205 -6.89314e-06 0)
(1.06205 -6.90989e-06 0)
(1.06205 -6.88745e-06 0)
(1.06205 -6.92426e-06 0)
(1.06205 -6.93646e-06 0)
(1.06205 -7.01264e-06 0)
(1.06205 -7.06734e-06 0)
(1.06205 -7.17772e-06 0)
(1.06205 -7.27393e-06 0)
(1.06205 -7.43082e-06 0)
(1.06205 -7.59459e-06 0)
(1.06205 -7.85444e-06 0)
(1.06205 -8.18207e-06 0)
(1.06205 -8.68142e-06 0)
(1.06205 -9.36104e-06 0)
(1.06204 -1.03451e-05 0)
(1.06204 -1.1723e-05 0)
(1.06204 -1.36956e-05 0)
(1.06204 -1.63995e-05 0)
(1.06204 -1.98262e-05 0)
(1.06203 -2.45548e-05 0)
(1.06202 -2.98907e-05 0)
(1.06201 -4.62336e-05 0)
(1.06197 -9.06824e-05 0)
(1.06192 -0.000301667 0)
(1.06164 -0.000838851 0)
(1.06135 -0.0024784 0)
(1.05909 -0.00399116 0)
(1.0165 -0.136371 0)
(1.08993 -0.0584948 0)
(1.05244 -0.0197493 0)
(1.06295 -0.00262365 0)
(1.05733 0.000874305 0)
(1.05991 0.000494688 0)
(1.05907 -5.77769e-05 0)
(1.05939 -0.000447118 0)
(1.05906 -0.000520261 0)
(1.05896 -0.000509922 0)
(1.05877 -0.000447516 0)
(1.05864 -0.000387917 0)
(1.05852 -0.000330639 0)
(1.05841 -0.000283264 0)
(1.05832 -0.000242831 0)
(1.05825 -0.000209436 0)
(1.05818 -0.000181113 0)
(1.05812 -0.000157134 0)
(1.05807 -0.000136692 0)
(1.05803 -0.000118973 0)
(1.05799 -0.000103694 0)
(1.05795 -9.0357e-05 0)
(1.05793 -7.87308e-05 0)
(1.0579 -6.86228e-05 0)
(1.05788 -5.97887e-05 0)
(1.05786 -5.22262e-05 0)
(1.05785 -4.56441e-05 0)
(1.05783 -4.00233e-05 0)
(1.05782 -3.52728e-05 0)
(1.05781 -3.13629e-05 0)
(1.05781 -2.80333e-05 0)
(1.0578 -2.5272e-05 0)
(1.05779 -2.29192e-05 0)
(1.05779 -2.10722e-05 0)
(1.05779 -1.94583e-05 0)
(1.05778 -1.81984e-05 0)
(1.05778 -1.7115e-05 0)
(1.05778 -1.634e-05 0)
(1.05778 -1.57122e-05 0)
(1.05778 -1.528e-05 0)
(1.05778 -1.49359e-05 0)
(1.05778 -1.47239e-05 0)
(1.05778 -1.45228e-05 0)
(1.05778 -1.43894e-05 0)
(1.05778 -1.42091e-05 0)
(1.05778 -1.41028e-05 0)
(1.05777 -1.3945e-05 0)
(1.05777 -1.38684e-05 0)
(1.05777 -1.37447e-05 0)
(1.05777 -1.37184e-05 0)
(1.05777 -1.36583e-05 0)
(1.05777 -1.36807e-05 0)
(1.05777 -1.36709e-05 0)
(1.05777 -1.37286e-05 0)
(1.05777 -1.37373e-05 0)
(1.05777 -1.37927e-05 0)
(1.05777 -1.37771e-05 0)
(1.05777 -1.38078e-05 0)
(1.05777 -1.37713e-05 0)
(1.05777 -1.37841e-05 0)
(1.05777 -1.37302e-05 0)
(1.05777 -1.37352e-05 0)
(1.05777 -1.36917e-05 0)
(1.05777 -1.37063e-05 0)
(1.05777 -1.36747e-05 0)
(1.05777 -1.36955e-05 0)
(1.05777 -1.36708e-05 0)
(1.05777 -1.36949e-05 0)
(1.05777 -1.36686e-05 0)
(1.05777 -1.36886e-05 0)
(1.05777 -1.36543e-05 0)
(1.05777 -1.36624e-05 0)
(1.05777 -1.36292e-05 0)
(1.05777 -1.36449e-05 0)
(1.05777 -1.36251e-05 0)
(1.05777 -1.36566e-05 0)
(1.05777 -1.36657e-05 0)
(1.05778 -1.37321e-05 0)
(1.05778 -1.37802e-05 0)
(1.05777 -1.38794e-05 0)
(1.05777 -1.39687e-05 0)
(1.05777 -1.41133e-05 0)
(1.05777 -1.42647e-05 0)
(1.05777 -1.45028e-05 0)
(1.05777 -1.48055e-05 0)
(1.05777 -1.52671e-05 0)
(1.05777 -1.58973e-05 0)
(1.05777 -1.68065e-05 0)
(1.05777 -1.80771e-05 0)
(1.05777 -1.98324e-05 0)
(1.05776 -2.22323e-05 0)
(1.05776 -2.52319e-05 0)
(1.05775 -2.91777e-05 0)
(1.05774 -3.3213e-05 0)
(1.05773 -4.62197e-05 0)
(1.05769 -8.42701e-05 0)
(1.05762 -0.000269318 0)
(1.05728 -0.000751868 0)
(1.05688 -0.00217974 0)
(1.05392 -0.00349288 0)
(1.01909 -0.153475 0)
(1.08945 -0.0575329 0)
(1.04455 -0.0180261 0)
(1.05443 -0.00236462 0)
(1.04889 0.000844429 0)
(1.05152 0.000405166 0)
(1.05074 -7.21999e-05 0)
(1.05099 -0.000430504 0)
(1.0506 -0.000489644 0)
(1.05043 -0.000480026 0)
(1.05017 -0.00042227 0)
(1.04999 -0.000368431 0)
(1.04981 -0.000316462 0)
(1.04967 -0.000273607 0)
(1.04955 -0.000236934 0)
(1.04944 -0.000206624 0)
(1.04935 -0.000180933 0)
(1.04928 -0.000159143 0)
(1.04921 -0.000140513 0)
(1.04915 -0.000124299 0)
(1.0491 -0.000110255 0)
(1.04906 -9.7934e-05 0)
(1.04902 -8.73742e-05 0)
(1.04899 -7.83739e-05 0)
(1.04896 -7.0538e-05 0)
(1.04894 -6.385e-05 0)
(1.04892 -5.8051e-05 0)
(1.0489 -5.31149e-05 0)
(1.04889 -4.89742e-05 0)
(1.04888 -4.56007e-05 0)
(1.04887 -4.27555e-05 0)
(1.04886 -4.04232e-05 0)
(1.04885 -3.84366e-05 0)
(1.04885 -3.68441e-05 0)
(1.04884 -3.5456e-05 0)
(1.04884 -3.43767e-05 0)
(1.04884 -3.34425e-05 0)
(1.04884 -3.27757e-05 0)
(1.04884 -3.22351e-05 0)
(1.04883 -3.18621e-05 0)
(1.04883 -3.15666e-05 0)
(1.04883 -3.13854e-05 0)
(1.04883 -3.12141e-05 0)
(1.04883 -3.11e-05 0)
(1.04883 -3.09441e-05 0)
(1.04883 -3.08531e-05 0)
(1.04883 -3.07187e-05 0)
(1.04883 -3.06567e-05 0)
(1.04883 -3.05535e-05 0)
(1.04883 -3.05346e-05 0)
(1.04883 -3.04864e-05 0)
(1.04883 -3.05074e-05 0)
(1.04883 -3.04974e-05 0)
(1.04883 -3.05443e-05 0)
(1.04883 -3.05503e-05 0)
(1.04883 -3.05978e-05 0)
(1.04883 -3.05829e-05 0)
(1.04883 -3.06082e-05 0)
(1.04883 -3.05777e-05 0)
(1.04883 -3.05909e-05 0)
(1.04883 -3.05451e-05 0)
(1.04883 -3.05501e-05 0)
(1.04883 -3.05133e-05 0)
(1.04883 -3.05261e-05 0)
(1.04883 -3.04983e-05 0)
(1.04883 -3.05159e-05 0)
(1.04883 -3.04948e-05 0)
(1.04883 -3.05152e-05 0)
(1.04883 -3.04921e-05 0)
(1.04883 -3.05104e-05 0)
(1.04883 -3.04814e-05 0)
(1.04883 -3.04878e-05 0)
(1.04883 -3.0459e-05 0)
(1.04883 -3.04741e-05 0)
(1.04883 -3.04583e-05 0)
(1.04883 -3.04848e-05 0)
(1.04883 -3.04903e-05 0)
(1.04883 -3.05449e-05 0)
(1.04883 -3.05839e-05 0)
(1.04883 -3.06692e-05 0)
(1.04883 -3.07494e-05 0)
(1.04883 -3.08791e-05 0)
(1.04883 -3.10139e-05 0)
(1.04883 -3.12227e-05 0)
(1.04883 -3.14884e-05 0)
(1.04883 -3.18948e-05 0)
(1.04883 -3.2454e-05 0)
(1.04883 -3.32641e-05 0)
(1.04882 -3.43943e-05 0)
(1.04882 -3.59369e-05 0)
(1.04882 -3.80188e-05 0)
(1.04881 -4.04953e-05 0)
(1.0488 -4.35236e-05 0)
(1.04879 -4.62006e-05 0)
(1.04878 -5.54122e-05 0)
(1.04873 -8.56463e-05 0)
(1.04867 -0.000240706 0)
(1.04828 -0.000654255 0)
(1.04778 -0.00181867 0)
(1.04425 -0.00286297 0)
(1.01561 -0.170945 0)
(1.07996 -0.0545048 0)
(1.02684 -0.0154867 0)
(1.03597 -0.00206007 0)
(1.03066 0.000747385 0)
(1.03333 0.000265851 0)
(1.0326 -0.000117686 0)
(1.03279 -0.000433131 0)
(1.03233 -0.000476575 0)
(1.03208 -0.000468222 0)
(1.03177 -0.000416881 0)
(1.03153 -0.000370383 0)
(1.03131 -0.00032516 0)
(1.03113 -0.000287976 0)
(1.03098 -0.000255887 0)
(1.03085 -0.000229307 0)
(1.03073 -0.000207435 0)
(1.03064 -0.000188928 0)
(1.03055 -0.000173116 0)
(1.03048 -0.000159359 0)
(1.03042 -0.000147467 0)
(1.03037 -0.000137055 0)
(1.03032 -0.000128198 0)
(1.03028 -0.000120709 0)
(1.03025 -0.000114232 0)
(1.03022 -0.00010875 0)
(1.0302 -0.00010405 0)
(1.03018 -0.000100098 0)
(1.03017 -9.67395e-05 0)
(1.03015 -9.39608e-05 0)
(1.03014 -9.16224e-05 0)
(1.03013 -8.97121e-05 0)
(1.03013 -8.8086e-05 0)
(1.03012 -8.67863e-05 0)
(1.03012 -8.56556e-05 0)
(1.03011 -8.47786e-05 0)
(1.03011 -8.40199e-05 0)
(1.03011 -8.34813e-05 0)
(1.03011 -8.30429e-05 0)
(1.03011 -8.27396e-05 0)
(1.0301 -8.24998e-05 0)
(1.0301 -8.23547e-05 0)
(1.0301 -8.22178e-05 0)
(1.0301 -8.21269e-05 0)
(1.0301 -8.19993e-05 0)
(1.0301 -8.19264e-05 0)
(1.0301 -8.18177e-05 0)
(1.0301 -8.17712e-05 0)
(1.0301 -8.16901e-05 0)
(1.0301 -8.16789e-05 0)
(1.0301 -8.16429e-05 0)
(1.0301 -8.16623e-05 0)
(1.0301 -8.16523e-05 0)
(1.0301 -8.16877e-05 0)
(1.0301 -8.16902e-05 0)
(1.0301 -8.17292e-05 0)
(1.0301 -8.17157e-05 0)
(1.0301 -8.17363e-05 0)
(1.0301 -8.17127e-05 0)
(1.0301 -8.17268e-05 0)
(1.0301 -8.169e-05 0)
(1.0301 -8.16952e-05 0)
(1.0301 -8.16652e-05 0)
(1.0301 -8.16757e-05 0)
(1.0301 -8.16515e-05 0)
(1.0301 -8.16656e-05 0)
(1.0301 -8.16485e-05 0)
(1.0301 -8.16655e-05 0)
(1.0301 -8.16458e-05 0)
(1.0301 -8.16616e-05 0)
(1.0301 -8.16375e-05 0)
(1.0301 -8.1642e-05 0)
(1.0301 -8.16179e-05 0)
(1.0301 -8.16327e-05 0)
(1.0301 -8.16219e-05 0)
(1.0301 -8.16435e-05 0)
(1.0301 -8.1645e-05 0)
(1.0301 -8.16862e-05 0)
(1.0301 -8.17145e-05 0)
(1.0301 -8.17837e-05 0)
(1.0301 -8.18523e-05 0)
(1.0301 -8.19639e-05 0)
(1.0301 -8.20776e-05 0)
(1.0301 -8.22497e-05 0)
(1.0301 -8.24676e-05 0)
(1.0301 -8.28029e-05 0)
(1.0301 -8.32682e-05 0)
(1.0301 -8.39476e-05 0)
(1.03009 -8.48962e-05 0)
(1.03009 -8.61862e-05 0)
(1.03009 -8.79033e-05 0)
(1.03008 -8.98766e-05 0)
(1.03007 -9.2096e-05 0)
(1.03006 -9.36079e-05 0)
(1.03004 -9.90776e-05 0)
(1.03 -0.000120649 0)
(1.02994 -0.000240001 0)
(1.02952 -0.000575356 0)
(1.02896 -0.00144294 0)
(1.02509 -0.00215103 0)
(0.996185 -0.187105 0)
(1.04998 -0.0487172 0)
(0.988514 -0.0120555 0)
(0.996761 -0.00171766 0)
(0.99191 0.000560533 0)
(0.994557 6.97277e-05 0)
(0.993906 -0.000207398 0)
(0.994013 -0.000462574 0)
(0.993508 -0.000488892 0)
(0.993189 -0.000482339 0)
(0.992822 -0.000439679 0)
(0.992537 -0.000402328 0)
(0.992281 -0.000366057 0)
(0.99207 -0.000337023 0)
(0.991888 -0.000311916 0)
(0.991734 -0.000291176 0)
(0.991602 -0.000274277 0)
(0.99149 -0.000260044 0)
(0.991394 -0.000247944 0)
(0.991311 -0.000237484 0)
(0.991241 -0.000228534 0)
(0.991181 -0.000220788 0)
(0.99113 -0.000214116 0)
(0.991087 -0.000208367 0)
(0.99105 -0.000203404 0)
(0.99102 -0.000199221 0)
(0.990995 -0.000195649 0)
(0.990974 -0.000192661 0)
(0.990957 -0.000190118 0)
(0.990942 -0.000188013 0)
(0.990931 -0.000186243 0)
(0.990921 -0.000184799 0)
(0.990914 -0.000183572 0)
(0.990908 -0.000182605 0)
(0.990903 -0.000181766 0)
(0.990899 -0.000181119 0)
(0.990896 -0.000180556 0)
(0.990894 -0.00018016 0)
(0.990892 -0.000179834 0)
(0.990891 -0.000179609 0)
(0.99089 -0.00017943 0)
(0.990889 -0.000179325 0)
(0.990888 -0.000179225 0)
(0.990888 -0.00017916 0)
(0.990887 -0.000179063 0)
(0.990887 -0.00017901 0)
(0.990886 -0.000178929 0)
(0.990886 -0.000178898 0)
(0.990886 -0.00017884 0)
(0.990886 -0.000178837 0)
(0.990886 -0.000178812 0)
(0.990886 -0.000178829 0)
(0.990886 -0.000178819 0)
(0.990886 -0.000178843 0)
(0.990886 -0.000178842 0)
(0.990886 -0.000178872 0)
(0.990886 -0.00017886 0)
(0.990886 -0.000178876 0)
(0.990886 -0.000178859 0)
(0.990886 -0.000178874 0)
(0.990886 -0.000178847 0)
(0.990886 -0.000178852 0)
(0.990886 -0.000178829 0)
(0.990886 -0.000178837 0)
(0.990886 -0.000178817 0)
(0.990886 -0.000178829 0)
(0.990886 -0.000178816 0)
(0.990886 -0.00017883 0)
(0.990886 -0.000178813 0)
(0.990886 -0.000178826 0)
(0.990886 -0.000178806 0)
(0.990886 -0.000178809 0)
(0.990886 -0.00017879 0)
(0.990886 -0.000178805 0)
(0.990886 -0.000178799 0)
(0.990886 -0.000178815 0)
(0.990887 -0.000178812 0)
(0.990887 -0.000178839 0)
(0.990887 -0.000178856 0)
(0.990886 -0.000178908 0)
(0.990886 -0.000178963 0)
(0.990886 -0.000179052 0)
(0.990886 -0.000179139 0)
(0.990885 -0.000179267 0)
(0.990885 -0.000179428 0)
(0.990884 -0.000179679 0)
(0.990882 -0.000180032 0)
(0.99088 -0.000180552 0)
(0.990878 -0.000181279 0)
(0.990874 -0.000182263 0)
(0.990868 -0.000183557 0)
(0.990861 -0.000185003 0)
(0.990851 -0.000186482 0)
(0.990838 -0.000187091 0)
(0.990824 -0.000189577 0)
(0.990786 -0.000203162 0)
(0.990731 -0.000283782 0)
(0.990322 -0.000530366 0)
(0.98974 -0.00109579 0)
(0.985952 -0.00141744 0)
(0.938119 -0.195347 0)
(0.975043 -0.0389516 0)
(0.907005 -0.00767952 0)
(0.914222 -0.0011677 0)
(0.910137 0.000439973 0)
(0.91266 -8.93036e-06 0)
(0.912101 -0.000172845 0)
(0.912131 -0.000349269 0)
(0.911602 -0.000358415 0)
(0.911239 -0.000354337 0)
(0.910843 -0.000324872 0)
(0.910532 -0.000300002 0)
(0.910255 -0.000275625 0)
(0.910027 -0.00025672 0)
(0.909831 -0.000240471 0)
(0.909666 -0.000227174 0)
(0.909525 -0.000215897 0)
(0.909405 -0.0002064 0)
(0.909302 -0.000198341 0)
(0.909215 -0.00019139 0)
(0.909141 -0.000185474 0)
(0.909078 -0.00018038 0)
(0.909024 -0.000175992 0)
(0.90898 -0.000172197 0)
(0.908942 -0.000168922 0)
(0.908911 -0.00016617 0)
(0.908885 -0.000163825 0)
(0.908864 -0.000161868 0)
(0.908846 -0.000160209 0)
(0.908832 -0.000158845 0)
(0.90882 -0.000157698 0)
(0.908811 -0.000156767 0)
(0.908803 -0.000155977 0)
(0.908797 -0.000155367 0)
(0.908793 -0.000154839 0)
(0.908789 -0.000154434 0)
(0.908786 -0.000154076 0)
(0.908784 -0.000153826 0)
(0.908782 -0.000153618 0)
(0.908781 -0.000153475 0)
(0.90878 -0.000153362 0)
(0.908779 -0.000153299 0)
(0.908778 -0.000153237 0)
(0.908778 -0.000153198 0)
(0.908777 -0.000153135 0)
(0.908777 -0.000153102 0)
(0.908777 -0.000153049 0)
(0.908777 -0.000153032 0)
(0.908776 -0.000152996 0)
(0.908776 -0.000152998 0)
(0.908776 -0.000152984 0)
(0.908776 -0.000152997 0)
(0.908776 -0.000152988 0)
(0.908776 -0.000153001 0)
(0.908776 -0.000152998 0)
(0.908776 -0.000153018 0)
(0.908776 -0.000153009 0)
(0.908776 -0.00015302 0)
(0.908776 -0.000153009 0)
(0.908776 -0.000153022 0)
(0.908776 -0.000153003 0)
(0.908776 -0.000153008 0)
(0.908776 -0.000152993 0)
(0.908776 -0.000152999 0)
(0.908776 -0.000152984 0)
(0.908776 -0.000152993 0)
(0.908776 -0.000152986 0)
(0.908776 -0.000152997 0)
(0.908776 -0.000152985 0)
(0.908776 -0.000152993 0)
(0.908776 -0.000152977 0)
(0.908776 -0.000152978 0)
(0.908776 -0.000152966 0)
(0.908777 -0.000152981 0)
(0.908777 -0.000152979 0)
(0.908777 -0.00015299 0)
(0.908777 -0.000152982 0)
(0.908777 -0.000152995 0)
(0.908777 -0.000153002 0)
(0.908777 -0.000153037 0)
(0.908777 -0.000153076 0)
(0.908776 -0.000153138 0)
(0.908776 -0.000153193 0)
(0.908775 -0.000153272 0)
(0.908775 -0.000153369 0)
(0.908774 -0.000153529 0)
(0.908772 -0.000153757 0)
(0.90877 -0.000154099 0)
(0.908768 -0.000154577 0)
(0.908764 -0.000155217 0)
(0.908758 -0.000156049 0)
(0.90875 -0.000156952 0)
(0.90874 -0.000157775 0)
(0.908728 -0.000157809 0)
(0.908717 -0.000158239 0)
(0.908687 -0.000165093 0)
(0.908646 -0.000210363 0)
(0.908279 -0.000360088 0)
(0.907752 -0.000653272 0)
(0.904638 -0.000606977 0)
(0.789025 -0.171997 0)
(0.802455 -0.0240842 0)
(0.735251 -0.00283799 0)
(0.741176 -8.24441e-05 0)
(0.738271 0.000770375 0)
(0.740424 0.000458025 0)
(0.739988 0.000394678 0)
(0.739954 0.000302344 0)
(0.739465 0.000304273 0)
(0.739114 0.000305829 0)
(0.738747 0.000320745 0)
(0.738456 0.000332355 0)
(0.738199 0.00034426 0)
(0.737987 0.000353474 0)
(0.737807 0.000361413 0)
(0.737654 0.000367849 0)
(0.737525 0.00037339 0)
(0.737414 0.000378051 0)
(0.737321 0.000382003 0)
(0.737241 0.000385405 0)
(0.737174 0.000388287 0)
(0.737117 0.000390759 0)
(0.73707 0.000392878 0)
(0.73703 0.000394705 0)
(0.736996 0.000396284 0)
(0.736969 0.000397605 0)
(0.736946 0.000398726 0)
(0.736927 0.000399657 0)
(0.736912 0.000400445 0)
(0.736899 0.000401088 0)
(0.736889 0.000401629 0)
(0.736881 0.000402064 0)
(0.736875 0.000402432 0)
(0.73687 0.000402705 0)
(0.736866 0.000402945 0)
(0.736863 0.000403128 0)
(0.73686 0.000403295 0)
(0.736858 0.00040341 0)
(0.736857 0.000403509 0)
(0.736856 0.000403574 0)
(0.736855 0.000403624 0)
(0.736854 0.000403647 0)
(0.736854 0.000403673 0)
(0.736853 0.000403689 0)
(0.736853 0.000403722 0)
(0.736853 0.000403738 0)
(0.736852 0.000403766 0)
(0.736852 0.000403772 0)
(0.736852 0.000403788 0)
(0.736852 0.000403784 0)
(0.736852 0.000403791 0)
(0.736852 0.000403782 0)
(0.736852 0.00040379 0)
(0.736852 0.000403784 0)
(0.736852 0.000403788 0)
(0.736852 0.000403777 0)
(0.736852 0.000403785 0)
(0.736852 0.000403779 0)
(0.736852 0.000403785 0)
(0.736852 0.000403777 0)
(0.736852 0.000403788 0)
(0.736852 0.000403784 0)
(0.736852 0.000403792 0)
(0.736852 0.000403788 0)
(0.736852 0.000403796 0)
(0.736852 0.000403788 0)
(0.736852 0.000403789 0)
(0.736852 0.000403782 0)
(0.736852 0.00040379 0)
(0.736852 0.000403788 0)
(0.736852 0.000403799 0)
(0.736852 0.0004038 0)
(0.736852 0.000403804 0)
(0.736852 0.000403791 0)
(0.736852 0.00040379 0)
(0.736852 0.000403786 0)
(0.736852 0.000403797 0)
(0.736852 0.000403796 0)
(0.736852 0.000403796 0)
(0.736852 0.000403776 0)
(0.736852 0.000403753 0)
(0.736852 0.00040372 0)
(0.736852 0.000403696 0)
(0.736851 0.000403664 0)
(0.736851 0.000403623 0)
(0.73685 0.000403549 0)
(0.736849 0.000403437 0)
(0.736847 0.000403266 0)
(0.736844 0.00040303 0)
(0.736841 0.000402719 0)
(0.736835 0.000402322 0)
(0.736829 0.000401905 0)
(0.73682 0.000401578 0)
(0.73681 0.000401757 0)
(0.736802 0.000402255 0)
(0.736784 0.000400153 0)
(0.736764 0.000382611 0)
(0.736486 0.000315964 0)
(0.736102 0.000212954 0)
(0.734293 0.000457844 0)
(0.427058 -0.0732088 0)
(0.418083 -0.00685362 0)
(0.375377 0.000524437 0)
(0.378994 0.00107171 0)
(0.37776 0.00130999 0)
(0.378955 0.00121017 0)
(0.378716 0.00120157 0)
(0.378663 0.00117699 0)
(0.378375 0.00117972 0)
(0.378163 0.00118021 0)
(0.37795 0.00118456 0)
(0.37778 0.00118749 0)
(0.377632 0.00119056 0)
(0.37751 0.00119288 0)
(0.377406 0.00119487 0)
(0.377319 0.00119645 0)
(0.377245 0.00119779 0)
(0.377183 0.00119891 0)
(0.37713 0.00119985 0)
(0.377085 0.00120064 0)
(0.377047 0.00120131 0)
(0.377015 0.00120186 0)
(0.376989 0.00120234 0)
(0.376967 0.00120274 0)
(0.376948 0.0012031 0)
(0.376933 0.00120339 0)
(0.376921 0.00120364 0)
(0.376911 0.00120384 0)
(0.376902 0.00120401 0)
(0.376896 0.00120415 0)
(0.37689 0.00120427 0)
(0.376886 0.00120436 0)
(0.376883 0.00120444 0)
(0.37688 0.00120449 0)
(0.376878 0.00120454 0)
(0.376876 0.00120458 0)
(0.376875 0.00120462 0)
(0.376874 0.00120464 0)
(0.376873 0.00120466 0)
(0.376873 0.00120468 0)
(0.376872 0.00120469 0)
(0.376872 0.00120469 0)
(0.376872 0.00120469 0)
(0.376871 0.0012047 0)
(0.376871 0.0012047 0)
(0.376871 0.00120471 0)
(0.376871 0.00120472 0)
(0.376871 0.00120472 0)
(0.376871 0.00120472 0)
(0.376871 0.00120472 0)
(0.376871 0.00120472 0)
(0.376871 0.00120472 0)
(0.376871 0.00120472 0)
(0.376871 0.00120472 0)
(0.376871 0.00120472 0)
(0.376871 0.00120472 0)
(0.376871 0.00120472 0)
(0.376871 0.00120472 0)
(0.376871 0.00120472 0)
(0.376871 0.00120472 0)
(0.376871 0.00120472 0)
(0.376871 0.00120472 0)
(0.376871 0.00120472 0)
(0.376871 0.00120472 0)
(0.376871 0.00120472 0)
(0.376871 0.00120472 0)
(0.376871 0.00120472 0)
(0.376871 0.00120472 0)
(0.376871 0.00120472 0)
(0.376871 0.00120472 0)
(0.376871 0.00120472 0)
(0.376871 0.00120473 0)
(0.376871 0.00120473 0)
(0.376871 0.00120472 0)
(0.376871 0.00120472 0)
(0.376871 0.00120472 0)
(0.376871 0.00120472 0)
(0.376871 0.00120473 0)
(0.376871 0.00120473 0)
(0.376871 0.00120472 0)
(0.376871 0.00120471 0)
(0.376871 0.0012047 0)
(0.376871 0.0012047 0)
(0.37687 0.00120469 0)
(0.37687 0.00120468 0)
(0.37687 0.00120467 0)
(0.376869 0.00120464 0)
(0.376868 0.00120459 0)
(0.376866 0.00120453 0)
(0.376864 0.00120445 0)
(0.376862 0.00120435 0)
(0.376858 0.00120426 0)
(0.376853 0.0012042 0)
(0.376848 0.00120433 0)
(0.376845 0.00120472 0)
(0.37684 0.00120465 0)
(0.376839 0.00120165 0)
(0.376711 0.00118545 0)
(0.376552 0.00116681 0)
(0.376217 0.00130297 0)
)
;

boundaryField
{
    inlet
    {
        type            fixedValue;
        value           uniform (1 0 0);
    }
    outlet
    {
        type            zeroGradient;
    }
    lowerWall
    {
        type            noSlip;
    }
    upperWall
    {
        type            noSlip;
    }
    frontAndBack
    {
        type            empty;
    }
}


// ************************************************************************* //
