/*--------------------------------*- C++ -*----------------------------------*\
| =========                 |                                                 |
| \\      /  F ield         | OpenFOAM: The Open Source CFD Toolbox           |
|  \\    /   O peration     | Version:  v1906                                 |
|   \\  /    A nd           | Web:      www.OpenFOAM.com                      |
|    \\/     M anipulation  |                                                 |
\*---------------------------------------------------------------------------*/
FoamFile
{
    version     2.0;
    format      ascii;
    class       volScalarField;
    location    "1.5";
    object      Ux;
}
// * * * * * * * * * * * * * * * * * * * * * * * * * * * * * * * * * * * * * //

dimensions      [0 1 -1 0 0 0 0];


internalField   nonuniform List<scalar> 
4000
(
0.537563
0.552177
0.517061
0.522884
0.521072
0.522006
0.521399
0.521249
0.520905
0.520696
0.520488
0.52033
0.520193
0.520081
0.519986
0.519906
0.519838
0.51978
0.519731
0.519689
0.519654
0.519624
0.519598
0.519577
0.519559
0.519544
0.519532
0.519522
0.519514
0.519507
0.519502
0.519497
0.519494
0.519491
0.519489
0.519487
0.519486
0.519484
0.519484
0.519483
0.519482
0.519482
0.519482
0.519481
0.519481
0.519481
0.519481
0.519481
0.519481
0.519481
0.519481
0.519481
0.519481
0.519481
0.519481
0.519481
0.519481
0.519481
0.519481
0.519481
0.519481
0.519481
0.519481
0.519481
0.519481
0.519481
0.519481
0.519481
0.519481
0.519481
0.519481
0.519481
0.519481
0.519481
0.519481
0.519481
0.519481
0.519481
0.51948
0.51948
0.51948
0.51948
0.51948
0.51948
0.519479
0.519479
0.519478
0.519477
0.519475
0.519472
0.519469
0.519464
0.519458
0.51945
0.519443
0.519436
0.519442
0.51936
0.519228
0.518638
0.864915
0.911561
0.861953
0.871341
0.867959
0.869549
0.868592
0.868424
0.867912
0.867614
0.867308
0.867078
0.866876
0.866711
0.86657
0.866451
0.86635
0.866264
0.86619
0.866127
0.866073
0.866027
0.865988
0.865955
0.865928
0.865904
0.865885
0.865869
0.865856
0.865845
0.865836
0.865829
0.865823
0.865819
0.865815
0.865812
0.86581
0.865808
0.865806
0.865805
0.865804
0.865803
0.865803
0.865802
0.865802
0.865802
0.865802
0.865801
0.865801
0.865801
0.865801
0.865801
0.865801
0.865801
0.865801
0.865801
0.865801
0.865801
0.865801
0.865801
0.865801
0.865801
0.865801
0.865801
0.865801
0.865801
0.865801
0.865801
0.865801
0.865801
0.865801
0.865801
0.865801
0.865801
0.865801
0.865801
0.865801
0.865801
0.865801
0.8658
0.8658
0.8658
0.8658
0.865799
0.865799
0.865798
0.865796
0.865795
0.865792
0.865788
0.865783
0.865776
0.865766
0.865754
0.865742
0.865723
0.865717
0.865545
0.865252
0.863186
0.960317
1.02533
0.976319
0.987406
0.9831
0.985005
0.983933
0.98384
0.983318
0.98304
0.982737
0.982514
0.982316
0.982155
0.982016
0.9819
0.9818
0.981715
0.981641
0.981578
0.981524
0.981477
0.981438
0.981404
0.981376
0.981352
0.981331
0.981315
0.981301
0.981289
0.98128
0.981272
0.981266
0.981261
0.981257
0.981253
0.981251
0.981249
0.981247
0.981246
0.981245
0.981244
0.981243
0.981243
0.981242
0.981242
0.981242
0.981242
0.981241
0.981241
0.981241
0.981241
0.981241
0.981241
0.981241
0.981241
0.981241
0.981241
0.981241
0.981241
0.981241
0.981241
0.981241
0.981241
0.981241
0.981241
0.981241
0.981241
0.981241
0.981241
0.981241
0.981241
0.981241
0.981241
0.981241
0.981241
0.981241
0.981241
0.981241
0.98124
0.98124
0.98124
0.98124
0.981239
0.981239
0.981238
0.981236
0.981234
0.981232
0.981228
0.981223
0.981215
0.981206
0.981192
0.981178
0.981152
0.981132
0.980908
0.980542
0.977594
0.984967
1.0595
1.01375
1.02591
1.021
1.02312
1.02201
1.02201
1.02153
1.02131
1.02104
1.02085
1.02068
1.02054
1.02042
1.02031
1.02023
1.02015
1.02009
1.02003
1.01998
1.01994
1.0199
1.01987
1.01985
1.01983
1.01981
1.01979
1.01978
1.01977
1.01976
1.01975
1.01975
1.01974
1.01974
1.01973
1.01973
1.01973
1.01973
1.01973
1.01972
1.01972
1.01972
1.01972
1.01972
1.01972
1.01972
1.01972
1.01972
1.01972
1.01972
1.01972
1.01972
1.01972
1.01972
1.01972
1.01972
1.01972
1.01972
1.01972
1.01972
1.01972
1.01972
1.01972
1.01972
1.01972
1.01972
1.01972
1.01972
1.01972
1.01972
1.01972
1.01972
1.01972
1.01972
1.01972
1.01972
1.01972
1.01972
1.01972
1.01972
1.01972
1.01972
1.01972
1.01972
1.01972
1.01972
1.01971
1.01971
1.01971
1.0197
1.0197
1.01969
1.01968
1.01966
1.01963
1.0196
1.01935
1.01899
1.01589
0.988572
1.06795
1.0256
1.03851
1.03318
1.03547
1.03434
1.03445
1.03402
1.03386
1.03364
1.03349
1.03334
1.03323
1.03313
1.03305
1.03298
1.03292
1.03286
1.03282
1.03278
1.03274
1.03271
1.03268
1.03266
1.03264
1.03263
1.03261
1.0326
1.03259
1.03258
1.03258
1.03257
1.03257
1.03256
1.03256
1.03256
1.03256
1.03255
1.03255
1.03255
1.03255
1.03255
1.03255
1.03255
1.03255
1.03255
1.03255
1.03255
1.03255
1.03255
1.03255
1.03255
1.03255
1.03255
1.03255
1.03255
1.03255
1.03255
1.03255
1.03255
1.03255
1.03255
1.03255
1.03255
1.03255
1.03255
1.03255
1.03255
1.03255
1.03255
1.03255
1.03255
1.03255
1.03255
1.03255
1.03255
1.03255
1.03255
1.03255
1.03255
1.03255
1.03255
1.03255
1.03255
1.03254
1.03254
1.03254
1.03254
1.03254
1.03253
1.03253
1.03252
1.03251
1.03249
1.03246
1.03242
1.03218
1.03186
1.02902
0.986396
1.06823
1.02898
1.04245
1.03682
1.03924
1.03811
1.03832
1.03795
1.03785
1.03767
1.03756
1.03745
1.03737
1.03729
1.03723
1.03717
1.03712
1.03708
1.03704
1.03701
1.03698
1.03696
1.03694
1.03692
1.0369
1.03689
1.03688
1.03687
1.03686
1.03685
1.03685
1.03684
1.03684
1.03684
1.03683
1.03683
1.03683
1.03683
1.03683
1.03683
1.03683
1.03683
1.03683
1.03682
1.03682
1.03682
1.03682
1.03682
1.03682
1.03682
1.03682
1.03682
1.03682
1.03682
1.03682
1.03682
1.03682
1.03682
1.03682
1.03682
1.03682
1.03682
1.03682
1.03682
1.03682
1.03682
1.03682
1.03682
1.03682
1.03682
1.03682
1.03682
1.03682
1.03682
1.03682
1.03682
1.03682
1.03682
1.03682
1.03682
1.03682
1.03682
1.03682
1.03682
1.03682
1.03682
1.03682
1.03682
1.03682
1.03681
1.03681
1.0368
1.03679
1.03678
1.03674
1.0367
1.03647
1.03621
1.03382
0.9831
1.06611
1.0296
1.04348
1.03764
1.04017
1.03905
1.03935
1.03903
1.03899
1.03886
1.03879
1.03871
1.03865
1.0386
1.03855
1.03851
1.03848
1.03844
1.03842
1.03839
1.03837
1.03835
1.03834
1.03832
1.03831
1.0383
1.03829
1.03828
1.03828
1.03827
1.03827
1.03826
1.03826
1.03826
1.03826
1.03826
1.03825
1.03825
1.03825
1.03825
1.03825
1.03825
1.03825
1.03825
1.03825
1.03825
1.03825
1.03825
1.03825
1.03825
1.03825
1.03825
1.03825
1.03825
1.03825
1.03825
1.03825
1.03825
1.03825
1.03825
1.03825
1.03825
1.03825
1.03825
1.03825
1.03825
1.03825
1.03825
1.03825
1.03825
1.03825
1.03825
1.03825
1.03825
1.03825
1.03825
1.03825
1.03825
1.03825
1.03825
1.03825
1.03825
1.03825
1.03825
1.03825
1.03825
1.03825
1.03824
1.03824
1.03824
1.03824
1.03823
1.03822
1.03821
1.03818
1.03814
1.03794
1.03774
1.03587
0.980015
1.06349
1.02938
1.04357
1.03756
1.04018
1.03906
1.03945
1.03918
1.0392
1.0391
1.03907
1.03902
1.03899
1.03895
1.03892
1.0389
1.03888
1.03886
1.03884
1.03882
1.03881
1.0388
1.03879
1.03878
1.03877
1.03876
1.03876
1.03875
1.03875
1.03874
1.03874
1.03874
1.03873
1.03873
1.03873
1.03873
1.03873
1.03873
1.03873
1.03873
1.03873
1.03873
1.03872
1.03872
1.03872
1.03872
1.03872
1.03872
1.03872
1.03872
1.03872
1.03872
1.03872
1.03872
1.03872
1.03872
1.03872
1.03872
1.03872
1.03872
1.03872
1.03872
1.03872
1.03872
1.03872
1.03872
1.03872
1.03872
1.03872
1.03872
1.03872
1.03872
1.03872
1.03872
1.03872
1.03872
1.03872
1.03872
1.03872
1.03872
1.03872
1.03872
1.03872
1.03872
1.03872
1.03872
1.03872
1.03872
1.03872
1.03872
1.03872
1.03871
1.0387
1.03869
1.03867
1.03863
1.03847
1.03834
1.03701
0.977429
1.06097
1.02893
1.04334
1.03722
1.0399
1.03879
1.03925
1.03903
1.0391
1.03904
1.03904
1.03902
1.03901
1.03899
1.03898
1.03897
1.03896
1.03895
1.03895
1.03894
1.03893
1.03893
1.03892
1.03891
1.03891
1.03891
1.0389
1.0389
1.0389
1.03889
1.03889
1.03889
1.03889
1.03889
1.03889
1.03889
1.03889
1.03888
1.03888
1.03888
1.03888
1.03888
1.03888
1.03888
1.03888
1.03888
1.03888
1.03888
1.03888
1.03888
1.03888
1.03888
1.03888
1.03888
1.03888
1.03888
1.03888
1.03888
1.03888
1.03888
1.03888
1.03888
1.03888
1.03888
1.03888
1.03888
1.03888
1.03888
1.03888
1.03888
1.03888
1.03888
1.03888
1.03888
1.03888
1.03888
1.03888
1.03888
1.03888
1.03888
1.03888
1.03888
1.03888
1.03888
1.03888
1.03888
1.03888
1.03888
1.03888
1.03888
1.03888
1.03887
1.03887
1.03886
1.03884
1.03881
1.0387
1.03863
1.03784
0.975334
1.0587
1.02847
1.04304
1.03682
1.03954
1.03844
1.03897
1.03879
1.03891
1.03888
1.03892
1.03892
1.03893
1.03893
1.03894
1.03894
1.03895
1.03895
1.03895
1.03895
1.03895
1.03895
1.03895
1.03895
1.03894
1.03894
1.03894
1.03894
1.03894
1.03894
1.03894
1.03894
1.03894
1.03894
1.03894
1.03894
1.03894
1.03894
1.03894
1.03894
1.03894
1.03894
1.03894
1.03894
1.03894
1.03894
1.03893
1.03893
1.03893
1.03893
1.03893
1.03893
1.03893
1.03893
1.03893
1.03893
1.03893
1.03893
1.03893
1.03893
1.03893
1.03893
1.03893
1.03893
1.03893
1.03893
1.03893
1.03893
1.03893
1.03893
1.03893
1.03893
1.03893
1.03893
1.03893
1.03893
1.03893
1.03893
1.03893
1.03893
1.03893
1.03893
1.03893
1.03893
1.03893
1.03893
1.03893
1.03893
1.03893
1.03893
1.03893
1.03893
1.03893
1.03892
1.03891
1.03889
1.03882
1.03882
1.03856
0.973652
1.05672
1.02804
1.04273
1.03644
1.03919
1.0381
1.03868
1.03854
1.0387
1.03871
1.03877
1.03879
1.03882
1.03885
1.03887
1.03888
1.03889
1.03891
1.03891
1.03892
1.03893
1.03893
1.03894
1.03894
1.03894
1.03895
1.03895
1.03895
1.03895
1.03895
1.03895
1.03895
1.03895
1.03895
1.03895
1.03895
1.03895
1.03895
1.03895
1.03895
1.03895
1.03895
1.03895
1.03895
1.03895
1.03895
1.03895
1.03895
1.03895
1.03895
1.03895
1.03895
1.03895
1.03895
1.03895
1.03895
1.03895
1.03895
1.03895
1.03895
1.03895
1.03895
1.03895
1.03895
1.03895
1.03895
1.03895
1.03895
1.03895
1.03895
1.03895
1.03895
1.03895
1.03895
1.03895
1.03895
1.03895
1.03895
1.03895
1.03895
1.03895
1.03895
1.03895
1.03895
1.03895
1.03895
1.03895
1.03895
1.03895
1.03895
1.03896
1.03896
1.03896
1.03895
1.03895
1.03893
1.03892
1.03898
1.03921
0.972303
1.055
1.02767
1.04245
1.0361
1.03886
1.03777
1.03841
1.0383
1.03849
1.03853
1.03862
1.03867
1.03871
1.03875
1.03879
1.03881
1.03884
1.03886
1.03887
1.03889
1.0389
1.03891
1.03892
1.03893
1.03893
1.03894
1.03894
1.03895
1.03895
1.03895
1.03895
1.03895
1.03895
1.03896
1.03896
1.03896
1.03896
1.03896
1.03896
1.03896
1.03896
1.03896
1.03896
1.03896
1.03896
1.03896
1.03896
1.03896
1.03896
1.03896
1.03896
1.03896
1.03896
1.03896
1.03896
1.03896
1.03896
1.03896
1.03896
1.03896
1.03896
1.03896
1.03896
1.03896
1.03896
1.03896
1.03896
1.03896
1.03896
1.03896
1.03896
1.03896
1.03896
1.03896
1.03896
1.03896
1.03896
1.03896
1.03896
1.03896
1.03896
1.03896
1.03896
1.03896
1.03896
1.03896
1.03896
1.03896
1.03896
1.03896
1.03896
1.03897
1.03897
1.03897
1.03897
1.03897
1.03901
1.03912
1.03982
0.971223
1.05353
1.02736
1.04219
1.0358
1.03856
1.03748
1.03816
1.03808
1.03831
1.03837
1.03848
1.03855
1.03861
1.03866
1.03871
1.03875
1.03878
1.03881
1.03883
1.03885
1.03887
1.03888
1.0389
1.03891
1.03892
1.03893
1.03893
1.03894
1.03894
1.03895
1.03895
1.03895
1.03895
1.03895
1.03896
1.03896
1.03896
1.03896
1.03896
1.03896
1.03896
1.03896
1.03896
1.03896
1.03896
1.03896
1.03896
1.03896
1.03896
1.03896
1.03896
1.03896
1.03896
1.03896
1.03896
1.03896
1.03896
1.03896
1.03896
1.03896
1.03896
1.03896
1.03896
1.03896
1.03896
1.03896
1.03896
1.03896
1.03896
1.03896
1.03896
1.03896
1.03896
1.03896
1.03896
1.03896
1.03896
1.03896
1.03896
1.03896
1.03896
1.03896
1.03896
1.03896
1.03896
1.03896
1.03896
1.03896
1.03896
1.03897
1.03897
1.03897
1.03898
1.03898
1.03899
1.039
1.0391
1.03926
1.04037
0.97036
1.05229
1.02709
1.04197
1.03554
1.0383
1.03722
1.03794
1.03789
1.03814
1.03823
1.03835
1.03844
1.03852
1.03858
1.03864
1.03868
1.03872
1.03876
1.03879
1.03882
1.03884
1.03886
1.03888
1.03889
1.0389
1.03891
1.03892
1.03893
1.03894
1.03894
1.03894
1.03895
1.03895
1.03895
1.03895
1.03896
1.03896
1.03896
1.03896
1.03896
1.03896
1.03896
1.03896
1.03896
1.03896
1.03896
1.03896
1.03896
1.03896
1.03896
1.03896
1.03896
1.03896
1.03896
1.03896
1.03896
1.03896
1.03896
1.03896
1.03896
1.03896
1.03896
1.03896
1.03896
1.03896
1.03896
1.03896
1.03896
1.03896
1.03896
1.03896
1.03896
1.03896
1.03896
1.03896
1.03896
1.03896
1.03896
1.03896
1.03896
1.03896
1.03896
1.03896
1.03896
1.03896
1.03896
1.03896
1.03897
1.03897
1.03897
1.03897
1.03898
1.03898
1.03899
1.03901
1.03902
1.03918
1.03938
1.04087
0.969676
1.05126
1.02687
1.04179
1.03532
1.03808
1.037
1.03775
1.03772
1.03799
1.0381
1.03824
1.03834
1.03843
1.03851
1.03857
1.03863
1.03868
1.03872
1.03876
1.03879
1.03881
1.03884
1.03886
1.03888
1.03889
1.0389
1.03891
1.03892
1.03893
1.03894
1.03894
1.03894
1.03895
1.03895
1.03895
1.03895
1.03896
1.03896
1.03896
1.03896
1.03896
1.03896
1.03896
1.03896
1.03896
1.03896
1.03896
1.03896
1.03896
1.03896
1.03896
1.03896
1.03896
1.03896
1.03896
1.03896
1.03896
1.03896
1.03896
1.03896
1.03896
1.03896
1.03896
1.03896
1.03896
1.03896
1.03896
1.03896
1.03896
1.03896
1.03896
1.03896
1.03896
1.03896
1.03896
1.03896
1.03896
1.03896
1.03896
1.03896
1.03896
1.03896
1.03896
1.03896
1.03896
1.03896
1.03896
1.03897
1.03897
1.03897
1.03898
1.03898
1.03899
1.039
1.03903
1.03905
1.03925
1.03949
1.04131
0.969142
1.05042
1.02669
1.04163
1.03515
1.03789
1.03682
1.03759
1.03757
1.03787
1.03799
1.03815
1.03826
1.03836
1.03845
1.03852
1.03858
1.03864
1.03868
1.03873
1.03876
1.03879
1.03882
1.03884
1.03886
1.03888
1.03889
1.03891
1.03892
1.03892
1.03893
1.03894
1.03894
1.03895
1.03895
1.03895
1.03895
1.03896
1.03896
1.03896
1.03896
1.03896
1.03896
1.03896
1.03896
1.03896
1.03896
1.03896
1.03896
1.03896
1.03896
1.03896
1.03896
1.03896
1.03896
1.03896
1.03896
1.03896
1.03896
1.03896
1.03896
1.03896
1.03896
1.03896
1.03896
1.03896
1.03896
1.03896
1.03896
1.03896
1.03896
1.03896
1.03896
1.03896
1.03896
1.03896
1.03896
1.03896
1.03896
1.03896
1.03896
1.03896
1.03896
1.03896
1.03896
1.03896
1.03896
1.03897
1.03897
1.03897
1.03897
1.03898
1.03898
1.039
1.03901
1.03904
1.03907
1.03931
1.03959
1.04168
0.968737
1.04976
1.02655
1.04151
1.03501
1.03774
1.03667
1.03746
1.03746
1.03777
1.03791
1.03808
1.0382
1.03831
1.0384
1.03848
1.03854
1.0386
1.03865
1.0387
1.03874
1.03877
1.0388
1.03883
1.03885
1.03887
1.03888
1.0389
1.03891
1.03892
1.03893
1.03893
1.03894
1.03894
1.03895
1.03895
1.03895
1.03895
1.03896
1.03896
1.03896
1.03896
1.03896
1.03896
1.03896
1.03896
1.03896
1.03896
1.03896
1.03896
1.03896
1.03896
1.03896
1.03896
1.03896
1.03896
1.03896
1.03896
1.03896
1.03896
1.03896
1.03896
1.03896
1.03896
1.03896
1.03896
1.03896
1.03896
1.03896
1.03896
1.03896
1.03896
1.03896
1.03896
1.03896
1.03896
1.03896
1.03896
1.03896
1.03896
1.03896
1.03896
1.03896
1.03896
1.03896
1.03896
1.03896
1.03897
1.03897
1.03897
1.03897
1.03898
1.03899
1.039
1.03901
1.03906
1.03909
1.03936
1.03967
1.04198
0.968445
1.04928
1.02645
1.04142
1.0349
1.03762
1.03655
1.03736
1.03737
1.0377
1.03784
1.03802
1.03815
1.03826
1.03836
1.03844
1.03852
1.03858
1.03863
1.03868
1.03872
1.03876
1.03879
1.03882
1.03884
1.03886
1.03888
1.03889
1.03891
1.03892
1.03892
1.03893
1.03894
1.03894
1.03895
1.03895
1.03895
1.03895
1.03896
1.03896
1.03896
1.03896
1.03896
1.03896
1.03896
1.03896
1.03896
1.03896
1.03896
1.03896
1.03896
1.03896
1.03896
1.03896
1.03896
1.03896
1.03896
1.03896
1.03896
1.03896
1.03896
1.03896
1.03896
1.03896
1.03896
1.03896
1.03896
1.03896
1.03896
1.03896
1.03896
1.03896
1.03896
1.03896
1.03896
1.03896
1.03896
1.03896
1.03896
1.03896
1.03896
1.03896
1.03896
1.03896
1.03896
1.03896
1.03896
1.03897
1.03897
1.03897
1.03897
1.03898
1.03899
1.039
1.03902
1.03907
1.0391
1.0394
1.03973
1.04221
0.968257
1.04896
1.02638
1.04136
1.03484
1.03755
1.03648
1.03729
1.03731
1.03765
1.0378
1.03798
1.03811
1.03823
1.03833
1.03842
1.0385
1.03856
1.03862
1.03867
1.03871
1.03875
1.03878
1.03881
1.03884
1.03886
1.03887
1.03889
1.0389
1.03891
1.03892
1.03893
1.03894
1.03894
1.03894
1.03895
1.03895
1.03895
1.03895
1.03896
1.03896
1.03896
1.03896
1.03896
1.03896
1.03896
1.03896
1.03896
1.03896
1.03896
1.03896
1.03896
1.03896
1.03896
1.03896
1.03896
1.03896
1.03896
1.03896
1.03896
1.03896
1.03896
1.03896
1.03896
1.03896
1.03896
1.03896
1.03896
1.03896
1.03896
1.03896
1.03896
1.03896
1.03896
1.03896
1.03896
1.03896
1.03896
1.03896
1.03896
1.03896
1.03896
1.03896
1.03896
1.03896
1.03896
1.03897
1.03897
1.03897
1.03897
1.03898
1.03898
1.03899
1.03901
1.03902
1.03907
1.03911
1.03943
1.03977
1.04236
0.968164
1.0488
1.02635
1.04133
1.0348
1.03751
1.03644
1.03726
1.03728
1.03762
1.03777
1.03796
1.0381
1.03822
1.03832
1.03841
1.03849
1.03855
1.03861
1.03866
1.03871
1.03874
1.03878
1.03881
1.03883
1.03885
1.03887
1.03889
1.0389
1.03891
1.03892
1.03893
1.03894
1.03894
1.03894
1.03895
1.03895
1.03895
1.03895
1.03896
1.03896
1.03896
1.03896
1.03896
1.03896
1.03896
1.03896
1.03896
1.03896
1.03896
1.03896
1.03896
1.03896
1.03896
1.03896
1.03896
1.03896
1.03896
1.03896
1.03896
1.03896
1.03896
1.03896
1.03896
1.03896
1.03896
1.03896
1.03896
1.03896
1.03896
1.03896
1.03896
1.03896
1.03896
1.03896
1.03896
1.03896
1.03896
1.03896
1.03896
1.03896
1.03896
1.03896
1.03896
1.03896
1.03896
1.03897
1.03897
1.03897
1.03897
1.03898
1.03898
1.03899
1.03901
1.03902
1.03908
1.03912
1.03944
1.03979
1.04244
0.968164
1.0488
1.02635
1.04133
1.0348
1.03751
1.03644
1.03726
1.03728
1.03762
1.03778
1.03796
1.0381
1.03822
1.03832
1.03841
1.03849
1.03855
1.03861
1.03866
1.03871
1.03874
1.03878
1.03881
1.03883
1.03885
1.03887
1.03889
1.0389
1.03891
1.03892
1.03893
1.03894
1.03894
1.03894
1.03895
1.03895
1.03895
1.03895
1.03896
1.03896
1.03896
1.03896
1.03896
1.03896
1.03896
1.03896
1.03896
1.03896
1.03896
1.03896
1.03896
1.03896
1.03896
1.03896
1.03896
1.03896
1.03896
1.03896
1.03896
1.03896
1.03896
1.03896
1.03896
1.03896
1.03896
1.03896
1.03896
1.03896
1.03896
1.03896
1.03896
1.03896
1.03896
1.03896
1.03896
1.03896
1.03896
1.03896
1.03896
1.03896
1.03896
1.03896
1.03896
1.03896
1.03896
1.03897
1.03897
1.03897
1.03897
1.03898
1.03898
1.03899
1.03901
1.03902
1.03908
1.03912
1.03944
1.03979
1.04244
0.968256
1.04896
1.02638
1.04136
1.03484
1.03755
1.03648
1.03729
1.03731
1.03765
1.0378
1.03798
1.03811
1.03823
1.03833
1.03842
1.0385
1.03856
1.03862
1.03867
1.03871
1.03875
1.03878
1.03881
1.03884
1.03886
1.03887
1.03889
1.0389
1.03891
1.03892
1.03893
1.03894
1.03894
1.03894
1.03895
1.03895
1.03895
1.03895
1.03896
1.03896
1.03896
1.03896
1.03896
1.03896
1.03896
1.03896
1.03896
1.03896
1.03896
1.03896
1.03896
1.03896
1.03896
1.03896
1.03896
1.03896
1.03896
1.03896
1.03896
1.03896
1.03896
1.03896
1.03896
1.03896
1.03896
1.03896
1.03896
1.03896
1.03896
1.03896
1.03896
1.03896
1.03896
1.03896
1.03896
1.03896
1.03896
1.03896
1.03896
1.03896
1.03896
1.03896
1.03896
1.03896
1.03896
1.03897
1.03897
1.03897
1.03897
1.03898
1.03898
1.03899
1.03901
1.03902
1.03907
1.03911
1.03943
1.03977
1.04236
0.968445
1.04928
1.02645
1.04142
1.0349
1.03762
1.03655
1.03736
1.03737
1.0377
1.03784
1.03802
1.03815
1.03826
1.03836
1.03844
1.03852
1.03858
1.03863
1.03868
1.03872
1.03876
1.03879
1.03882
1.03884
1.03886
1.03888
1.03889
1.03891
1.03892
1.03892
1.03893
1.03894
1.03894
1.03895
1.03895
1.03895
1.03895
1.03896
1.03896
1.03896
1.03896
1.03896
1.03896
1.03896
1.03896
1.03896
1.03896
1.03896
1.03896
1.03896
1.03896
1.03896
1.03896
1.03896
1.03896
1.03896
1.03896
1.03896
1.03896
1.03896
1.03896
1.03896
1.03896
1.03896
1.03896
1.03896
1.03896
1.03896
1.03896
1.03896
1.03896
1.03896
1.03896
1.03896
1.03896
1.03896
1.03896
1.03896
1.03896
1.03896
1.03896
1.03896
1.03896
1.03896
1.03896
1.03896
1.03897
1.03897
1.03897
1.03897
1.03898
1.03899
1.039
1.03902
1.03907
1.0391
1.0394
1.03973
1.04221
0.968737
1.04976
1.02655
1.04151
1.03501
1.03774
1.03667
1.03746
1.03746
1.03777
1.03791
1.03808
1.0382
1.03831
1.0384
1.03848
1.03854
1.0386
1.03866
1.0387
1.03874
1.03877
1.0388
1.03883
1.03885
1.03887
1.03889
1.0389
1.03891
1.03892
1.03893
1.03893
1.03894
1.03894
1.03895
1.03895
1.03895
1.03895
1.03896
1.03896
1.03896
1.03896
1.03896
1.03896
1.03896
1.03896
1.03896
1.03896
1.03896
1.03896
1.03896
1.03896
1.03896
1.03896
1.03896
1.03896
1.03896
1.03896
1.03896
1.03896
1.03896
1.03896
1.03896
1.03896
1.03896
1.03896
1.03896
1.03896
1.03896
1.03896
1.03896
1.03896
1.03896
1.03896
1.03896
1.03896
1.03896
1.03896
1.03896
1.03896
1.03896
1.03896
1.03896
1.03896
1.03896
1.03896
1.03896
1.03897
1.03897
1.03897
1.03897
1.03898
1.03899
1.039
1.03901
1.03906
1.03909
1.03936
1.03967
1.04198
0.969142
1.05042
1.02669
1.04163
1.03515
1.03789
1.03682
1.03759
1.03757
1.03787
1.03799
1.03815
1.03826
1.03836
1.03845
1.03852
1.03858
1.03864
1.03868
1.03873
1.03876
1.03879
1.03882
1.03884
1.03886
1.03888
1.03889
1.03891
1.03892
1.03892
1.03893
1.03894
1.03894
1.03895
1.03895
1.03895
1.03895
1.03896
1.03896
1.03896
1.03896
1.03896
1.03896
1.03896
1.03896
1.03896
1.03896
1.03896
1.03896
1.03896
1.03896
1.03896
1.03896
1.03896
1.03896
1.03896
1.03896
1.03896
1.03896
1.03896
1.03896
1.03896
1.03896
1.03896
1.03896
1.03896
1.03896
1.03896
1.03896
1.03896
1.03896
1.03896
1.03896
1.03896
1.03896
1.03896
1.03896
1.03896
1.03896
1.03896
1.03896
1.03896
1.03896
1.03896
1.03896
1.03896
1.03896
1.03897
1.03897
1.03897
1.03897
1.03898
1.03898
1.039
1.03901
1.03904
1.03907
1.03931
1.03959
1.04168
0.969676
1.05126
1.02687
1.04178
1.03532
1.03807
1.037
1.03775
1.03772
1.03799
1.0381
1.03825
1.03834
1.03843
1.03851
1.03857
1.03863
1.03868
1.03872
1.03876
1.03879
1.03881
1.03884
1.03886
1.03888
1.03889
1.0389
1.03891
1.03892
1.03893
1.03894
1.03894
1.03894
1.03895
1.03895
1.03895
1.03895
1.03896
1.03896
1.03896
1.03896
1.03896
1.03896
1.03896
1.03896
1.03896
1.03896
1.03896
1.03896
1.03896
1.03896
1.03896
1.03896
1.03896
1.03896
1.03896
1.03896
1.03896
1.03896
1.03896
1.03896
1.03896
1.03896
1.03896
1.03896
1.03896
1.03896
1.03896
1.03896
1.03896
1.03896
1.03896
1.03896
1.03896
1.03896
1.03896
1.03896
1.03896
1.03896
1.03896
1.03896
1.03896
1.03896
1.03896
1.03896
1.03896
1.03896
1.03896
1.03897
1.03897
1.03897
1.03898
1.03898
1.03899
1.039
1.03903
1.03905
1.03925
1.03949
1.04131
0.97036
1.05229
1.02709
1.04197
1.03554
1.0383
1.03722
1.03794
1.03789
1.03814
1.03823
1.03835
1.03844
1.03852
1.03858
1.03864
1.03868
1.03873
1.03876
1.03879
1.03882
1.03884
1.03886
1.03888
1.03889
1.0389
1.03891
1.03892
1.03893
1.03894
1.03894
1.03894
1.03895
1.03895
1.03895
1.03895
1.03896
1.03896
1.03896
1.03896
1.03896
1.03896
1.03896
1.03896
1.03896
1.03896
1.03896
1.03896
1.03896
1.03896
1.03896
1.03896
1.03896
1.03896
1.03896
1.03896
1.03896
1.03896
1.03896
1.03896
1.03896
1.03896
1.03896
1.03896
1.03896
1.03896
1.03896
1.03896
1.03896
1.03896
1.03896
1.03896
1.03896
1.03896
1.03896
1.03896
1.03896
1.03896
1.03896
1.03896
1.03896
1.03896
1.03896
1.03896
1.03896
1.03896
1.03896
1.03896
1.03897
1.03897
1.03897
1.03897
1.03898
1.03898
1.03899
1.03901
1.03902
1.03918
1.03938
1.04087
0.971223
1.05353
1.02736
1.04219
1.0358
1.03856
1.03748
1.03816
1.03808
1.03831
1.03837
1.03848
1.03855
1.03861
1.03866
1.03871
1.03875
1.03878
1.03881
1.03883
1.03885
1.03887
1.03889
1.0389
1.03891
1.03892
1.03893
1.03893
1.03894
1.03894
1.03895
1.03895
1.03895
1.03895
1.03895
1.03896
1.03896
1.03896
1.03896
1.03896
1.03896
1.03896
1.03896
1.03896
1.03896
1.03896
1.03896
1.03896
1.03896
1.03896
1.03896
1.03896
1.03896
1.03896
1.03896
1.03896
1.03896
1.03896
1.03896
1.03896
1.03896
1.03896
1.03896
1.03896
1.03896
1.03896
1.03896
1.03896
1.03896
1.03896
1.03896
1.03896
1.03896
1.03896
1.03896
1.03896
1.03896
1.03896
1.03896
1.03896
1.03896
1.03896
1.03896
1.03896
1.03896
1.03896
1.03896
1.03896
1.03896
1.03896
1.03897
1.03897
1.03897
1.03898
1.03898
1.03899
1.039
1.0391
1.03926
1.04037
0.972303
1.055
1.02767
1.04245
1.0361
1.03886
1.03777
1.03841
1.0383
1.03849
1.03853
1.03862
1.03867
1.03872
1.03875
1.03879
1.03881
1.03884
1.03886
1.03887
1.03889
1.0389
1.03891
1.03892
1.03893
1.03893
1.03894
1.03894
1.03895
1.03895
1.03895
1.03895
1.03895
1.03895
1.03896
1.03896
1.03896
1.03896
1.03896
1.03896
1.03896
1.03896
1.03896
1.03896
1.03896
1.03896
1.03896
1.03896
1.03896
1.03896
1.03896
1.03896
1.03896
1.03896
1.03896
1.03896
1.03896
1.03896
1.03896
1.03896
1.03896
1.03896
1.03896
1.03896
1.03896
1.03896
1.03896
1.03896
1.03896
1.03896
1.03896
1.03896
1.03896
1.03896
1.03896
1.03896
1.03896
1.03896
1.03896
1.03896
1.03896
1.03896
1.03896
1.03896
1.03896
1.03896
1.03896
1.03896
1.03896
1.03896
1.03896
1.03896
1.03897
1.03897
1.03897
1.03897
1.03897
1.03901
1.03912
1.03982
0.973652
1.05672
1.02804
1.04273
1.03644
1.03919
1.0381
1.03868
1.03854
1.0387
1.03871
1.03877
1.03879
1.03882
1.03885
1.03887
1.03888
1.0389
1.03891
1.03892
1.03892
1.03893
1.03893
1.03894
1.03894
1.03894
1.03895
1.03895
1.03895
1.03895
1.03895
1.03895
1.03895
1.03895
1.03895
1.03895
1.03895
1.03895
1.03895
1.03895
1.03895
1.03895
1.03895
1.03895
1.03895
1.03895
1.03895
1.03895
1.03895
1.03895
1.03895
1.03895
1.03895
1.03895
1.03895
1.03895
1.03895
1.03895
1.03895
1.03895
1.03895
1.03895
1.03895
1.03895
1.03895
1.03895
1.03895
1.03895
1.03895
1.03895
1.03895
1.03895
1.03895
1.03895
1.03895
1.03895
1.03895
1.03895
1.03895
1.03895
1.03895
1.03895
1.03895
1.03895
1.03895
1.03895
1.03895
1.03895
1.03895
1.03895
1.03895
1.03896
1.03896
1.03896
1.03895
1.03895
1.03893
1.03892
1.03898
1.03921
0.975334
1.0587
1.02847
1.04304
1.03682
1.03954
1.03844
1.03897
1.03879
1.03891
1.03889
1.03892
1.03892
1.03893
1.03894
1.03894
1.03894
1.03895
1.03895
1.03895
1.03895
1.03895
1.03895
1.03895
1.03895
1.03894
1.03894
1.03894
1.03894
1.03894
1.03894
1.03894
1.03894
1.03894
1.03894
1.03894
1.03894
1.03894
1.03894
1.03894
1.03894
1.03894
1.03894
1.03894
1.03894
1.03894
1.03894
1.03893
1.03893
1.03893
1.03893
1.03893
1.03893
1.03893
1.03893
1.03893
1.03893
1.03893
1.03893
1.03893
1.03893
1.03893
1.03893
1.03893
1.03893
1.03893
1.03893
1.03893
1.03893
1.03893
1.03893
1.03893
1.03893
1.03893
1.03893
1.03893
1.03893
1.03893
1.03893
1.03893
1.03893
1.03893
1.03893
1.03893
1.03893
1.03893
1.03893
1.03893
1.03893
1.03893
1.03893
1.03893
1.03893
1.03893
1.03892
1.03891
1.03889
1.03882
1.03882
1.03856
0.977429
1.06097
1.02893
1.04334
1.03722
1.0399
1.03879
1.03925
1.03903
1.0391
1.03904
1.03904
1.03902
1.03901
1.03899
1.03898
1.03897
1.03896
1.03896
1.03895
1.03894
1.03893
1.03893
1.03892
1.03892
1.03891
1.03891
1.0389
1.0389
1.0389
1.03889
1.03889
1.03889
1.03889
1.03889
1.03889
1.03889
1.03889
1.03888
1.03888
1.03888
1.03888
1.03888
1.03888
1.03888
1.03888
1.03888
1.03888
1.03888
1.03888
1.03888
1.03888
1.03888
1.03888
1.03888
1.03888
1.03888
1.03888
1.03888
1.03888
1.03888
1.03888
1.03888
1.03888
1.03888
1.03888
1.03888
1.03888
1.03888
1.03888
1.03888
1.03888
1.03888
1.03888
1.03888
1.03888
1.03888
1.03888
1.03888
1.03888
1.03888
1.03888
1.03888
1.03888
1.03888
1.03888
1.03888
1.03888
1.03888
1.03888
1.03888
1.03888
1.03887
1.03887
1.03886
1.03884
1.03881
1.0387
1.03863
1.03784
0.980015
1.06349
1.02938
1.04357
1.03756
1.04018
1.03906
1.03945
1.03918
1.0392
1.0391
1.03907
1.03902
1.03899
1.03895
1.03893
1.0389
1.03888
1.03886
1.03884
1.03883
1.03881
1.0388
1.03879
1.03878
1.03877
1.03876
1.03876
1.03875
1.03875
1.03874
1.03874
1.03874
1.03873
1.03873
1.03873
1.03873
1.03873
1.03873
1.03873
1.03873
1.03873
1.03873
1.03872
1.03872
1.03872
1.03872
1.03872
1.03872
1.03872
1.03872
1.03872
1.03872
1.03872
1.03872
1.03872
1.03872
1.03872
1.03872
1.03872
1.03872
1.03872
1.03872
1.03872
1.03872
1.03872
1.03872
1.03872
1.03872
1.03872
1.03872
1.03872
1.03872
1.03872
1.03872
1.03872
1.03872
1.03872
1.03872
1.03872
1.03872
1.03872
1.03872
1.03872
1.03872
1.03872
1.03872
1.03872
1.03872
1.03872
1.03872
1.03872
1.03871
1.0387
1.03869
1.03867
1.03863
1.03847
1.03834
1.03701
0.9831
1.06611
1.0296
1.04348
1.03764
1.04017
1.03905
1.03935
1.03903
1.03899
1.03886
1.03879
1.03871
1.03865
1.0386
1.03855
1.03851
1.03848
1.03845
1.03842
1.03839
1.03837
1.03835
1.03834
1.03832
1.03831
1.0383
1.03829
1.03829
1.03828
1.03827
1.03827
1.03827
1.03826
1.03826
1.03826
1.03826
1.03825
1.03825
1.03825
1.03825
1.03825
1.03825
1.03825
1.03825
1.03825
1.03825
1.03825
1.03825
1.03825
1.03825
1.03825
1.03825
1.03825
1.03825
1.03825
1.03825
1.03825
1.03825
1.03825
1.03825
1.03825
1.03825
1.03825
1.03825
1.03825
1.03825
1.03825
1.03825
1.03825
1.03825
1.03825
1.03825
1.03825
1.03825
1.03825
1.03825
1.03825
1.03825
1.03825
1.03825
1.03825
1.03825
1.03825
1.03825
1.03825
1.03825
1.03825
1.03824
1.03824
1.03824
1.03824
1.03823
1.03822
1.03821
1.03818
1.03814
1.03794
1.03774
1.03587
0.986396
1.06823
1.02898
1.04244
1.03682
1.03924
1.03811
1.03832
1.03795
1.03785
1.03767
1.03756
1.03745
1.03737
1.03729
1.03723
1.03717
1.03712
1.03708
1.03704
1.03701
1.03698
1.03696
1.03694
1.03692
1.0369
1.03689
1.03688
1.03687
1.03686
1.03685
1.03685
1.03684
1.03684
1.03684
1.03683
1.03683
1.03683
1.03683
1.03683
1.03683
1.03683
1.03683
1.03682
1.03682
1.03682
1.03682
1.03682
1.03682
1.03682
1.03682
1.03682
1.03682
1.03682
1.03682
1.03682
1.03682
1.03682
1.03682
1.03682
1.03682
1.03682
1.03682
1.03682
1.03682
1.03682
1.03682
1.03682
1.03682
1.03682
1.03682
1.03682
1.03682
1.03682
1.03682
1.03682
1.03682
1.03682
1.03682
1.03682
1.03682
1.03682
1.03682
1.03682
1.03682
1.03682
1.03682
1.03682
1.03682
1.03682
1.03681
1.03681
1.0368
1.03679
1.03678
1.03674
1.0367
1.03647
1.03621
1.03382
0.988572
1.06795
1.0256
1.03851
1.03318
1.03547
1.03434
1.03445
1.03402
1.03386
1.03364
1.03349
1.03334
1.03323
1.03313
1.03305
1.03298
1.03292
1.03286
1.03282
1.03278
1.03274
1.03271
1.03268
1.03266
1.03264
1.03263
1.03261
1.0326
1.03259
1.03258
1.03258
1.03257
1.03257
1.03256
1.03256
1.03256
1.03256
1.03255
1.03255
1.03255
1.03255
1.03255
1.03255
1.03255
1.03255
1.03255
1.03255
1.03255
1.03255
1.03255
1.03255
1.03255
1.03255
1.03255
1.03255
1.03255
1.03255
1.03255
1.03255
1.03255
1.03255
1.03255
1.03255
1.03255
1.03255
1.03255
1.03255
1.03255
1.03255
1.03255
1.03255
1.03255
1.03255
1.03255
1.03255
1.03255
1.03255
1.03255
1.03255
1.03255
1.03255
1.03255
1.03255
1.03255
1.03254
1.03254
1.03254
1.03254
1.03254
1.03253
1.03253
1.03252
1.03251
1.03249
1.03246
1.03242
1.03218
1.03186
1.02902
0.984967
1.0595
1.01375
1.02591
1.021
1.02312
1.02201
1.02201
1.02153
1.02131
1.02104
1.02085
1.02068
1.02054
1.02042
1.02032
1.02023
1.02015
1.02009
1.02003
1.01998
1.01994
1.01991
1.01987
1.01985
1.01983
1.01981
1.01979
1.01978
1.01977
1.01976
1.01975
1.01975
1.01974
1.01974
1.01973
1.01973
1.01973
1.01973
1.01973
1.01972
1.01972
1.01972
1.01972
1.01972
1.01972
1.01972
1.01972
1.01972
1.01972
1.01972
1.01972
1.01972
1.01972
1.01972
1.01972
1.01972
1.01972
1.01972
1.01972
1.01972
1.01972
1.01972
1.01972
1.01972
1.01972
1.01972
1.01972
1.01972
1.01972
1.01972
1.01972
1.01972
1.01972
1.01972
1.01972
1.01972
1.01972
1.01972
1.01972
1.01972
1.01972
1.01972
1.01972
1.01972
1.01972
1.01972
1.01971
1.01971
1.01971
1.0197
1.0197
1.01969
1.01968
1.01966
1.01963
1.0196
1.01935
1.01899
1.01589
0.960317
1.02533
0.976319
0.987406
0.9831
0.985005
0.983933
0.98384
0.983318
0.98304
0.982737
0.982515
0.982316
0.982155
0.982017
0.9819
0.9818
0.981715
0.981641
0.981578
0.981524
0.981478
0.981438
0.981404
0.981376
0.981352
0.981332
0.981315
0.981301
0.981289
0.98128
0.981272
0.981266
0.981261
0.981257
0.981253
0.981251
0.981249
0.981247
0.981246
0.981245
0.981244
0.981243
0.981243
0.981242
0.981242
0.981242
0.981242
0.981241
0.981241
0.981241
0.981241
0.981241
0.981241
0.981241
0.981241
0.981241
0.981241
0.981241
0.981241
0.981241
0.981241
0.981241
0.981241
0.981241
0.981241
0.981241
0.981241
0.981241
0.981241
0.981241
0.981241
0.981241
0.981241
0.981241
0.981241
0.981241
0.981241
0.98124
0.98124
0.98124
0.98124
0.98124
0.981239
0.981238
0.981237
0.981236
0.981234
0.981232
0.981228
0.981223
0.981215
0.981206
0.981193
0.981178
0.981152
0.981132
0.980909
0.980542
0.977594
0.864915
0.911561
0.861953
0.871341
0.867959
0.869549
0.868592
0.868425
0.867912
0.867615
0.867308
0.867078
0.866876
0.866711
0.86657
0.866452
0.86635
0.866264
0.86619
0.866127
0.866073
0.866027
0.865988
0.865955
0.865928
0.865904
0.865885
0.865869
0.865856
0.865845
0.865836
0.865829
0.865823
0.865819
0.865815
0.865812
0.865809
0.865808
0.865806
0.865805
0.865804
0.865803
0.865803
0.865802
0.865802
0.865802
0.865802
0.865801
0.865801
0.865801
0.865801
0.865801
0.865801
0.865801
0.865801
0.865801
0.865801
0.865801
0.865801
0.865801
0.865801
0.865801
0.865801
0.865801
0.865801
0.865801
0.865801
0.865801
0.865801
0.865801
0.865801
0.865801
0.865801
0.865801
0.865801
0.865801
0.865801
0.865801
0.865801
0.8658
0.8658
0.8658
0.8658
0.865799
0.865799
0.865798
0.865796
0.865794
0.865792
0.865788
0.865783
0.865776
0.865766
0.865754
0.865742
0.865723
0.865717
0.865545
0.865252
0.863186
0.537563
0.552177
0.517061
0.522884
0.521073
0.522006
0.5214
0.52125
0.520906
0.520696
0.520489
0.520331
0.520194
0.520082
0.519986
0.519906
0.519838
0.51978
0.519731
0.519689
0.519654
0.519624
0.519598
0.519577
0.519559
0.519544
0.519532
0.519522
0.519514
0.519507
0.519502
0.519497
0.519494
0.519491
0.519489
0.519487
0.519485
0.519484
0.519484
0.519483
0.519482
0.519482
0.519482
0.519481
0.519481
0.519481
0.519481
0.519481
0.519481
0.519481
0.519481
0.519481
0.519481
0.519481
0.519481
0.519481
0.519481
0.519481
0.519481
0.519481
0.519481
0.519481
0.519481
0.519481
0.519481
0.519481
0.519481
0.519481
0.519481
0.519481
0.519481
0.519481
0.519481
0.519481
0.519481
0.519481
0.519481
0.519481
0.51948
0.51948
0.51948
0.51948
0.51948
0.51948
0.519479
0.519479
0.519478
0.519477
0.519475
0.519472
0.519469
0.519464
0.519458
0.51945
0.519443
0.519436
0.519442
0.51936
0.519228
0.518638
)
;

boundaryField
{
    inlet
    {
        type            calculated;
        value           uniform 1;
    }
    outlet
    {
        type            calculated;
        value           nonuniform List<scalar> 
40
(
0.518638
0.863186
0.977594
1.01589
1.02902
1.03382
1.03587
1.03701
1.03784
1.03856
1.03921
1.03982
1.04037
1.04087
1.04131
1.04168
1.04198
1.04221
1.04236
1.04244
1.04244
1.04236
1.04221
1.04198
1.04168
1.04131
1.04087
1.04037
1.03982
1.03921
1.03856
1.03784
1.03701
1.03587
1.03382
1.02902
1.01589
0.977594
0.863186
0.518638
)
;
    }
    lowerWall
    {
        type            calculated;
        value           uniform 0;
    }
    upperWall
    {
        type            calculated;
        value           uniform 0;
    }
    frontAndBack
    {
        type            empty;
    }
}


// ************************************************************************* //
