/*--------------------------------*- C++ -*----------------------------------*\
| =========                 |                                                 |
| \\      /  F ield         | OpenFOAM: The Open Source CFD Toolbox           |
|  \\    /   O peration     | Version:  v1906                                 |
|   \\  /    A nd           | Web:      www.OpenFOAM.com                      |
|    \\/     M anipulation  |                                                 |
\*---------------------------------------------------------------------------*/
FoamFile
{
    version     2.0;
    format      ascii;
    class       volScalarField;
    location    "1.5";
    object      Uy;
}
// * * * * * * * * * * * * * * * * * * * * * * * * * * * * * * * * * * * * * //

dimensions      [0 1 -1 0 0 0 0];


internalField   nonuniform List<scalar> 
4000
(
0.056396
0.0035977
-0.00176438
-0.00200138
-0.00213099
-0.00203789
-0.00204488
-0.00203491
-0.00204435
-0.00204825
-0.00205392
-0.00205751
-0.00206085
-0.00206337
-0.00206545
-0.00206708
-0.00206842
-0.00206949
-0.0020704
-0.00207115
-0.00207179
-0.00207232
-0.00207279
-0.00207316
-0.0020735
-0.00207377
-0.00207401
-0.0020742
-0.00207437
-0.0020745
-0.00207462
-0.00207472
-0.00207479
-0.00207484
-0.00207491
-0.00207493
-0.00207499
-0.002075
-0.00207502
-0.00207503
-0.00207505
-0.00207506
-0.00207507
-0.00207507
-0.00207508
-0.00207507
-0.00207509
-0.00207508
-0.00207509
-0.00207508
-0.00207509
-0.00207509
-0.0020751
-0.00207509
-0.0020751
-0.00207508
-0.0020751
-0.00207509
-0.0020751
-0.00207509
-0.0020751
-0.00207509
-0.0020751
-0.00207509
-0.0020751
-0.00207509
-0.0020751
-0.00207509
-0.0020751
-0.00207508
-0.00207509
-0.00207509
-0.0020751
-0.00207509
-0.0020751
-0.00207509
-0.00207509
-0.00207509
-0.00207509
-0.00207508
-0.00207509
-0.00207507
-0.00207507
-0.00207504
-0.00207504
-0.002075
-0.00207498
-0.00207492
-0.00207485
-0.00207475
-0.00207464
-0.00207449
-0.00207436
-0.00207435
-0.00207464
-0.00207528
-0.00207439
-0.0020612
-0.0020212
-0.00215161
0.128451
0.0160053
0.000986219
-7.20092e-05
-0.000506395
-0.000191303
-0.000202324
-0.00016421
-0.000193555
-0.000206032
-0.000225209
-0.000237833
-0.000249759
-0.000258962
-0.000266252
-0.000272053
-0.000276915
-0.000280897
-0.00028433
-0.000287245
-0.000289791
-0.000291964
-0.000293866
-0.000295436
-0.000296846
-0.000298009
-0.000299024
-0.000299862
-0.000300597
-0.000301198
-0.000301734
-0.000302144
-0.000302486
-0.000302707
-0.000302978
-0.000303129
-0.000303341
-0.000303423
-0.000303517
-0.00030356
-0.000303639
-0.000303673
-0.000303747
-0.000303723
-0.000303783
-0.000303764
-0.000303814
-0.000303793
-0.000303826
-0.000303797
-0.000303833
-0.000303824
-0.000303856
-0.000303829
-0.000303861
-0.000303818
-0.000303857
-0.000303826
-0.000303858
-0.000303826
-0.000303851
-0.000303815
-0.000303848
-0.000303813
-0.000303852
-0.000303823
-0.000303859
-0.000303821
-0.000303845
-0.000303811
-0.000303835
-0.000303823
-0.000303864
-0.000303833
-0.000303851
-0.000303821
-0.000303825
-0.000303811
-0.00030383
-0.000303804
-0.000303808
-0.000303754
-0.000303739
-0.000303666
-0.000303636
-0.000303531
-0.000303421
-0.000303236
-0.000302982
-0.000302618
-0.000302184
-0.000301617
-0.00030101
-0.000300674
-0.000300882
-0.000301452
-0.000293358
-0.000239588
-7.34837e-05
-0.000219213
0.135901
0.0244331
0.00334257
0.000822684
0.000101113
0.00060636
0.000612563
0.000676928
0.00062951
0.000606255
0.000572502
0.000549489
0.000528201
0.000511705
0.000498376
0.000487728
0.000478779
0.000471414
0.000465055
0.000459631
0.000454895
0.000450837
0.000447269
0.00044428
0.000441609
0.000439382
0.000437434
0.000435826
0.000434397
0.000433226
0.000432207
0.000431404
0.000430706
0.000430231
0.00042971
0.000429398
0.000429021
0.000428843
0.000428636
0.000428527
0.000428367
0.000428311
0.000428187
0.000428203
0.000428095
0.00042811
0.000428023
0.000428049
0.000427989
0.000428018
0.000427964
0.000427984
0.000427927
0.000427971
0.000427918
0.000427981
0.000427929
0.000427975
0.000427933
0.000427986
0.000427944
0.000427999
0.000427945
0.000428
0.000427941
0.000427996
0.000427943
0.000427997
0.000427955
0.000428002
0.000427962
0.000427988
0.000427934
0.000427975
0.000427947
0.000427987
0.000427971
0.000428005
0.000427986
0.000428031
0.000428031
0.00042812
0.000428156
0.000428283
0.000428367
0.000428565
0.000428781
0.00042914
0.000429614
0.000430302
0.000431164
0.000432271
0.000433563
0.000434538
0.000435195
0.000436338
0.000458736
0.000569005
0.000943025
0.00117797
0.12329
0.028659
0.00469023
0.000697995
-0.000187953
0.000440158
0.000478944
0.00056187
0.000501223
0.000467101
0.000420245
0.000387131
0.000356835
0.000333049
0.000313801
0.000298801
0.00028622
0.000275842
0.000266885
0.000259229
0.000252533
0.000246772
0.000241686
0.000237381
0.000233535
0.000230289
0.000227436
0.000225077
0.000222999
0.000221296
0.000219809
0.000218621
0.000217578
0.000216852
0.000216101
0.000215621
0.000215088
0.000214803
0.000214486
0.00021431
0.000214075
0.000213992
0.000213819
0.000213818
0.000213669
0.000213673
0.000213555
0.000213579
0.000213494
0.000213521
0.000213451
0.000213482
0.000213402
0.00021346
0.00021339
0.000213467
0.000213408
0.000213465
0.000213415
0.000213484
0.000213427
0.000213495
0.000213423
0.000213495
0.000213423
0.000213498
0.000213433
0.000213497
0.000213442
0.000213497
0.000213444
0.000213483
0.000213418
0.000213463
0.000213426
0.000213474
0.000213453
0.000213506
0.00021349
0.000213552
0.000213557
0.000213678
0.000213738
0.000213917
0.000214056
0.000214344
0.000214662
0.000215182
0.000215864
0.000216861
0.00021814
0.000219788
0.000221834
0.000223679
0.000226068
0.000230474
0.000271446
0.000444014
0.00104955
0.00176922
0.109968
0.0309656
0.00569512
0.000544375
-0.00041083
0.000294169
0.000367013
0.000461441
0.000391965
0.000348888
0.000292082
0.000251114
0.000214078
0.000184936
0.000161271
0.000142689
0.000127079
0.000114174
0.000103019
9.34509e-05
8.50498e-05
7.77813e-05
7.13087e-05
6.57566e-05
6.07499e-05
5.64414e-05
5.2585e-05
4.9426e-05
4.67808e-05
4.46106e-05
4.27185e-05
4.11907e-05
3.98334e-05
3.88738e-05
3.79152e-05
3.72912e-05
3.66142e-05
3.62315e-05
3.58061e-05
3.55642e-05
3.52585e-05
3.51498e-05
3.49292e-05
3.4911e-05
3.47257e-05
3.47197e-05
3.45713e-05
3.45895e-05
3.44808e-05
3.45031e-05
3.442e-05
3.44648e-05
3.43653e-05
3.44329e-05
3.4348e-05
3.44363e-05
3.43693e-05
3.44375e-05
3.43802e-05
3.44633e-05
3.43909e-05
3.44673e-05
3.43796e-05
3.44665e-05
3.43854e-05
3.44794e-05
3.44076e-05
3.44811e-05
3.44099e-05
3.44704e-05
3.44055e-05
3.4457e-05
3.43846e-05
3.44357e-05
3.43877e-05
3.4442e-05
3.44147e-05
3.44852e-05
3.44745e-05
3.45548e-05
3.45632e-05
3.47083e-05
3.47902e-05
3.50133e-05
3.52021e-05
3.55696e-05
3.59781e-05
3.66339e-05
3.74905e-05
3.87458e-05
4.0386e-05
4.25211e-05
4.53169e-05
4.81913e-05
5.31774e-05
6.22701e-05
0.000123479
0.000349108
0.00116809
0.00229696
0.0982889
0.0321909
0.00651962
0.000498458
-0.000476475
0.00027312
0.000377496
0.000477907
0.000403782
0.000354508
0.000291607
0.000245902
0.000205296
0.000173641
0.00014736
0.000126093
0.000108195
9.33825e-05
8.05785e-05
6.95879e-05
5.99257e-05
5.15553e-05
4.40851e-05
3.76464e-05
3.18456e-05
2.68349e-05
2.23459e-05
1.86481e-05
1.5534e-05
1.29754e-05
1.07305e-05
8.90863e-06
7.27349e-06
6.09866e-06
4.95584e-06
4.18738e-06
3.37306e-06
2.87979e-06
2.33261e-06
2.01735e-06
1.63579e-06
1.50375e-06
1.2394e-06
1.19906e-06
9.86906e-07
9.70964e-07
8.02153e-07
8.10849e-07
6.78618e-07
6.96265e-07
5.98843e-07
6.55931e-07
5.41778e-07
6.16033e-07
5.21271e-07
6.13662e-07
5.41897e-07
6.19902e-07
5.56976e-07
6.49644e-07
5.64502e-07
6.47266e-07
5.45735e-07
6.43573e-07
5.58765e-07
6.67461e-07
5.92082e-07
6.7218e-07
5.90446e-07
6.53655e-07
5.7735e-07
6.35462e-07
5.57644e-07
6.13131e-07
5.56008e-07
6.15251e-07
5.86494e-07
6.71113e-07
6.65975e-07
7.62843e-07
7.76266e-07
9.40385e-07
1.03893e-06
1.29753e-06
1.52633e-06
1.9673e-06
2.47667e-06
3.272e-06
4.29305e-06
5.77681e-06
7.73367e-06
1.03072e-05
1.38341e-05
1.78192e-05
2.54807e-05
3.92688e-05
0.000119208
0.000383768
0.00139843
0.00284675
0.0876833
0.032503
0.00711041
0.000474314
-0.000490034
0.000277961
0.00041236
0.000516679
0.000440121
0.000386056
0.000318419
0.000268678
0.000224743
0.000190433
0.000161946
0.000138821
0.000119359
0.000103256
8.93479e-05
7.74207e-05
6.69461e-05
5.78855e-05
4.98175e-05
4.28731e-05
3.66648e-05
3.13426e-05
2.66163e-05
2.26668e-05
1.91862e-05
1.63201e-05
1.37907e-05
1.17301e-05
9.86607e-06
8.5034e-06
7.20444e-06
6.30419e-06
5.3626e-06
4.76281e-06
4.09357e-06
3.72188e-06
3.28653e-06
3.13161e-06
2.82919e-06
2.76211e-06
2.53162e-06
2.50961e-06
2.32798e-06
2.32564e-06
2.17137e-06
2.18394e-06
2.07278e-06
2.13955e-06
2.01528e-06
2.09231e-06
1.99114e-06
2.08426e-06
2.00929e-06
2.09493e-06
2.02739e-06
2.1275e-06
2.0339e-06
2.12259e-06
2.01057e-06
2.11456e-06
2.0278e-06
2.14704e-06
2.07254e-06
2.15926e-06
2.07112e-06
2.13393e-06
2.0457e-06
2.10496e-06
2.02296e-06
2.08261e-06
2.01935e-06
2.08214e-06
2.05332e-06
2.14824e-06
2.14803e-06
2.26015e-06
2.28063e-06
2.45895e-06
2.57086e-06
2.85566e-06
3.11341e-06
3.60614e-06
4.18815e-06
5.11681e-06
6.28611e-06
7.96323e-06
1.01874e-05
1.31431e-05
1.7357e-05
2.24587e-05
3.26021e-05
5.05988e-05
0.000146935
0.000445995
0.00162557
0.00331284
0.0779772
0.0320492
0.00745411
0.000438311
-0.000494718
0.000273164
0.000434237
0.000540257
0.000463501
0.000406356
0.000335859
0.000283409
0.000237188
0.000200942
0.00017096
0.000146667
0.000126213
0.000109283
9.46516e-05
8.20934e-05
7.10535e-05
6.14895e-05
5.29635e-05
4.55999e-05
3.90275e-05
3.33842e-05
2.83672e-05
2.41495e-05
2.0404e-05
1.73207e-05
1.45924e-05
1.23692e-05
1.03514e-05
8.85933e-06
7.45699e-06
6.47473e-06
5.46143e-06
4.80731e-06
4.08403e-06
3.67865e-06
3.19211e-06
3.00676e-06
2.67391e-06
2.57927e-06
2.33439e-06
2.30802e-06
2.11794e-06
2.10724e-06
1.93535e-06
1.94174e-06
1.81552e-06
1.888e-06
1.75877e-06
1.83711e-06
1.73256e-06
1.82297e-06
1.74495e-06
1.83589e-06
1.76607e-06
1.87236e-06
1.77445e-06
1.86871e-06
1.7496e-06
1.8564e-06
1.7684e-06
1.89394e-06
1.82187e-06
1.91525e-06
1.82547e-06
1.88654e-06
1.78603e-06
1.84137e-06
1.75489e-06
1.81804e-06
1.75231e-06
1.81846e-06
1.7906e-06
1.89132e-06
1.89401e-06
2.01977e-06
2.04956e-06
2.24077e-06
2.36382e-06
2.66666e-06
2.94322e-06
3.48782e-06
4.10288e-06
5.08302e-06
6.3221e-06
8.1076e-06
1.05094e-05
1.37545e-05
1.85602e-05
2.47162e-05
3.74685e-05
5.97516e-05
0.000170489
0.000495879
0.00179834
0.00365045
0.0691357
0.0309908
0.00757584
0.000393708
-0.000494228
0.00025916
0.000442018
0.000547561
0.000472621
0.000414178
0.000342849
0.00028927
0.00024215
0.00020508
0.000174469
0.00014968
0.000128791
0.000111492
9.65283e-05
8.3667e-05
7.23442e-05
6.25124e-05
5.37282e-05
4.61138e-05
3.93144e-05
3.34633e-05
2.8242e-05
2.38387e-05
1.99317e-05
1.67189e-05
1.38757e-05
1.15634e-05
9.46283e-06
7.89899e-06
6.44082e-06
5.42322e-06
4.38645e-06
3.72117e-06
2.99803e-06
2.57528e-06
2.05932e-06
1.86061e-06
1.50552e-06
1.38389e-06
1.12473e-06
1.09341e-06
8.90393e-07
8.73665e-07
6.89519e-07
6.9018e-07
5.48702e-07
6.23694e-07
4.92349e-07
5.71279e-07
4.64749e-07
5.519e-07
4.70582e-07
5.64659e-07
4.93831e-07
6.05755e-07
5.06167e-07
6.06356e-07
4.84283e-07
5.92073e-07
5.02768e-07
6.30123e-07
5.60003e-07
6.59689e-07
5.71483e-07
6.31206e-07
5.19146e-07
5.67505e-07
4.75626e-07
5.40124e-07
4.75432e-07
5.45101e-07
5.18831e-07
6.2251e-07
6.25412e-07
7.62059e-07
8.02215e-07
1.01201e-06
1.14839e-06
1.46618e-06
1.75254e-06
2.31433e-06
2.93616e-06
3.90139e-06
5.14403e-06
6.96316e-06
9.45809e-06
1.28972e-05
1.81741e-05
2.52503e-05
4.03738e-05
6.64336e-05
0.000188374
0.000530151
0.00191132
0.00385959
0.0610621
0.0294548
0.00750442
0.000346949
-0.000486893
0.000239812
0.000438591
0.000541764
0.000470244
0.000412101
0.000341731
0.000288449
0.00024168
0.000204791
0.000174345
0.000149685
0.000128884
0.000111655
9.67356e-05
8.38956e-05
7.25767e-05
6.27297e-05
5.39091e-05
4.62445e-05
3.9394e-05
3.34958e-05
2.82182e-05
2.37491e-05
1.97785e-05
1.65138e-05
1.36243e-05
1.12818e-05
9.14982e-06
7.55306e-06
6.06171e-06
5.02525e-06
3.97602e-06
3.30538e-06
2.57998e-06
2.15612e-06
1.64913e-06
1.45824e-06
1.09505e-06
9.56248e-07
6.88746e-07
6.57668e-07
4.52417e-07
4.33835e-07
2.43095e-07
2.40774e-07
8.29184e-08
1.59174e-07
2.50491e-08
1.05729e-07
-2.72337e-09
8.32448e-08
-2.84807e-09
9.29161e-08
2.09898e-08
1.39732e-07
3.81137e-08
1.45212e-07
2.44193e-08
1.32218e-07
4.24926e-08
1.68198e-07
9.64692e-08
2.02607e-07
1.15886e-07
1.77104e-07
5.41866e-08
9.50056e-08
-2.65574e-09
5.93074e-08
-8.1278e-10
7.17632e-08
4.74504e-08
1.54205e-07
1.54691e-07
2.99053e-07
3.48081e-07
5.65361e-07
7.06857e-07
1.02849e-06
1.31163e-06
1.8438e-06
2.44864e-06
3.40151e-06
4.63912e-06
6.4642e-06
9.00162e-06
1.2559e-05
1.81804e-05
2.59915e-05
4.30188e-05
7.19819e-05
0.000201291
0.000549786
0.00196679
0.00394848
0.0536357
0.0275347
0.00726379
0.000301112
-0.000472356
0.000216997
0.000425183
0.000524309
0.000457443
0.000400997
0.00033312
0.000281372
0.000236028
0.000200185
0.000170603
0.000146634
0.000126396
0.000109633
9.51013e-05
8.25807e-05
7.15283e-05
6.19027e-05
5.32531e-05
4.57263e-05
3.89874e-05
3.31901e-05
2.79938e-05
2.3577e-05
1.96393e-05
1.63998e-05
1.35289e-05
1.12136e-05
9.09937e-06
7.50979e-06
6.01031e-06
4.97432e-06
3.9256e-06
3.25632e-06
2.52849e-06
2.10858e-06
1.60063e-06
1.41404e-06
1.05499e-06
9.12208e-07
6.42612e-07
6.1606e-07
4.18703e-07
4.01946e-07
2.10856e-07
2.10227e-07
4.01671e-08
1.14051e-07
-2.23765e-08
6.07672e-08
-4.87799e-08
3.72458e-08
-5.25787e-08
4.24402e-08
-3.05208e-08
9.38259e-08
-8.96831e-09
1.04748e-07
-1.23926e-08
9.79271e-08
7.48539e-09
1.30039e-07
5.34706e-08
1.62447e-07
7.80899e-08
1.4126e-07
1.18411e-08
4.61199e-08
-5.95814e-08
-1.44387e-09
-5.82126e-08
1.9745e-08
-2.3128e-09
1.05973e-07
1.01883e-07
2.48985e-07
3.03177e-07
5.15256e-07
6.52667e-07
9.6774e-07
1.23821e-06
1.75221e-06
2.34168e-06
3.28331e-06
4.50496e-06
6.30837e-06
8.83663e-06
1.24312e-05
1.82484e-05
2.65592e-05
4.49052e-05
7.57455e-05
0.000208378
0.000554478
0.00196661
0.00392515
0.0467494
0.0253034
0.00687476
0.000257625
-0.000450513
0.000192036
0.000402727
0.000496257
0.000434985
0.000381459
0.000317402
0.000268278
0.000225303
0.00019127
0.000163174
0.000140401
0.000121149
0.000105209
9.13718e-05
7.94393e-05
6.88904e-05
5.97022e-05
5.14145e-05
4.41967e-05
3.77173e-05
3.2151e-05
2.7159e-05
2.29052e-05
1.90958e-05
1.59594e-05
1.31715e-05
1.09403e-05
8.89494e-06
7.3576e-06
5.88426e-06
4.87652e-06
3.85202e-06
3.20087e-06
2.48637e-06
2.08198e-06
1.57744e-06
1.39804e-06
1.04968e-06
9.1225e-07
6.40567e-07
6.15351e-07
4.1808e-07
4.03952e-07
2.17762e-07
2.24063e-07
4.80628e-08
1.16027e-07
-2.18796e-08
6.32028e-08
-4.57723e-08
4.05837e-08
-5.05773e-08
4.15856e-08
-3.18345e-08
9.54135e-08
-7.03931e-09
1.11492e-07
-5.85869e-10
1.15991e-07
2.42891e-08
1.4366e-07
6.08766e-08
1.67093e-07
8.53818e-08
1.49813e-07
1.92894e-08
4.84367e-08
-6.67813e-08
-1.32849e-08
-6.95695e-08
1.64192e-08
-3.2852e-09
1.0515e-07
9.57257e-08
2.40443e-07
2.95668e-07
5.06498e-07
6.40766e-07
9.49284e-07
1.20383e-06
1.69728e-06
2.26101e-06
3.17263e-06
4.35092e-06
6.0934e-06
8.55184e-06
1.2092e-05
1.79356e-05
2.64713e-05
4.54738e-05
7.70865e-05
0.000208965
0.000544064
0.00191337
0.0037982
0.0403138
0.0228198
0.00635643
0.000217262
-0.000421144
0.000166178
0.000372365
0.000458841
0.00040386
0.000354321
0.000295228
0.000249685
0.000209909
0.000178363
0.000152308
0.00013118
0.000113291
9.84908e-05
8.5622e-05
7.45167e-05
6.46851e-05
5.61293e-05
4.83795e-05
4.16279e-05
3.55446e-05
3.03274e-05
2.56501e-05
2.16628e-05
1.8073e-05
1.51143e-05
1.24712e-05
1.0376e-05
8.44763e-06
7.00672e-06
5.5958e-06
4.64416e-06
3.66867e-06
3.05399e-06
2.37129e-06
1.99767e-06
1.50795e-06
1.34126e-06
1.01109e-06
8.89014e-07
6.1895e-07
5.95298e-07
3.96871e-07
3.85516e-07
2.06941e-07
2.24472e-07
4.58283e-08
1.07784e-07
-3.2914e-08
5.34639e-08
-5.45937e-08
3.37138e-08
-5.79309e-08
3.16482e-08
-4.26878e-08
8.69675e-08
-1.51145e-08
1.06277e-07
5.81361e-10
1.2407e-07
3.28713e-08
1.49463e-07
5.9947e-08
1.60653e-07
7.87197e-08
1.45195e-07
1.55385e-08
4.17456e-08
-8.12251e-08
-3.53994e-08
-9.16151e-08
8.0735e-10
-1.66712e-08
9.39156e-08
8.01949e-08
2.19456e-07
2.71666e-07
4.79513e-07
6.07944e-07
9.06851e-07
1.14124e-06
1.60381e-06
2.12655e-06
2.98562e-06
4.09073e-06
5.73227e-06
8.06033e-06
1.14523e-05
1.71443e-05
2.56085e-05
4.45622e-05
7.58095e-05
0.000202949
0.000519015
0.00181082
0.00357716
0.0342527
0.0201326
0.0057266
0.000180303
-0.000384164
0.000140452
0.000335281
0.000413338
0.000365152
0.000320514
0.000267363
0.000226227
0.000190368
0.000161899
0.000138369
0.000119281
0.00010309
8.97086e-05
7.80494e-05
6.79816e-05
5.90575e-05
5.13078e-05
4.42555e-05
3.81132e-05
3.25519e-05
2.77909e-05
2.35261e-05
1.98988e-05
1.66132e-05
1.39019e-05
1.14617e-05
9.54917e-06
7.7799e-06
6.47536e-06
5.1616e-06
4.29139e-06
3.38744e-06
2.82665e-06
2.19203e-06
1.86169e-06
1.39892e-06
1.24944e-06
9.43184e-07
8.4554e-07
5.8375e-07
5.64041e-07
3.66825e-07
3.58263e-07
1.89306e-07
2.202e-07
4.35858e-08
9.935e-08
-4.46425e-08
4.25499e-08
-6.48433e-08
2.56877e-08
-6.50899e-08
2.28054e-08
-5.30906e-08
7.91845e-08
-2.17904e-08
1.00777e-07
1.20098e-09
1.30508e-07
4.1993e-08
1.56863e-07
6.20087e-08
1.55715e-07
7.13153e-08
1.38637e-07
1.1109e-08
3.67678e-08
-9.16946e-08
-5.48103e-08
-1.12569e-07
-1.62216e-08
-3.20941e-08
8.15365e-08
6.56315e-08
1.97603e-07
2.43246e-07
4.43534e-07
5.61704e-07
8.4586e-07
1.05557e-06
1.47799e-06
1.94679e-06
2.73349e-06
3.7384e-06
5.24228e-06
7.38319e-06
1.05358e-05
1.5899e-05
2.39896e-05
4.21807e-05
7.19397e-05
0.000190568
0.000480254
0.00166353
0.00327226
0.0284999
0.0172819
0.00500193
0.000146636
-0.000339784
0.000115567
0.000292593
0.000360969
0.000319926
0.000280963
0.000234574
0.000198549
0.000167215
0.000142327
0.00012174
0.000105034
9.0827e-05
7.91073e-05
6.88675e-05
6.00199e-05
5.21686e-05
4.53766e-05
3.91627e-05
3.37571e-05
2.88319e-05
2.46232e-05
2.08549e-05
1.76688e-05
1.47626e-05
1.23631e-05
1.01801e-05
8.49198e-06
6.91719e-06
5.78302e-06
4.59873e-06
3.83375e-06
3.02201e-06
2.5316e-06
1.9587e-06
1.68176e-06
1.25633e-06
1.12806e-06
8.49174e-07
7.82894e-07
5.35771e-07
5.24275e-07
3.31826e-07
3.26545e-07
1.67326e-07
2.11964e-07
4.2029e-08
9.2948e-08
-5.42443e-08
3.31868e-08
-7.43689e-08
1.70134e-08
-7.20748e-08
1.57416e-08
-6.12806e-08
7.39869e-08
-2.49835e-08
9.75256e-08
3.07275e-09
1.36786e-07
5.21414e-08
1.67078e-07
6.92026e-08
1.55594e-07
6.69466e-08
1.33113e-07
8.00016e-09
3.45509e-08
-9.62206e-08
-6.77523e-08
-1.29241e-07
-3.21569e-08
-4.7762e-08
6.84885e-08
5.26806e-08
1.7702e-07
2.13407e-07
4.02031e-07
5.05404e-07
7.69683e-07
9.50763e-07
1.32643e-06
1.73079e-06
2.42792e-06
3.30827e-06
4.64114e-06
6.54259e-06
9.3704e-06
1.42348e-05
2.16581e-05
3.83974e-05
6.56053e-05
0.000172268
0.000429009
0.00147662
0.00289408
0.0229965
0.0143017
0.00419825
0.000115907
-0.000288532
9.19325e-05
0.000245332
0.000302893
0.000269224
0.000236573
0.000197622
0.000167293
0.000140988
0.000120102
0.000102807
8.87719e-05
7.67922e-05
6.69393e-05
5.82978e-05
5.08268e-05
4.4188e-05
3.84814e-05
3.32264e-05
2.86675e-05
2.44794e-05
2.09076e-05
1.77062e-05
1.5029e-05
1.2566e-05
1.05365e-05
8.65933e-06
7.23314e-06
5.8819e-06
4.94543e-06
3.92006e-06
3.28286e-06
2.58157e-06
2.17645e-06
1.67595e-06
1.46141e-06
1.08336e-06
9.81338e-07
7.30521e-07
6.99377e-07
4.7215e-07
4.73665e-07
2.90103e-07
2.89793e-07
1.39473e-07
1.97303e-07
3.79908e-08
8.7428e-08
-6.21574e-08
2.46316e-08
-8.52457e-08
4.87714e-09
-8.24863e-08
7.82554e-09
-6.95419e-08
6.86697e-08
-2.71702e-08
9.48929e-08
4.612e-09
1.41886e-07
6.08312e-08
1.76626e-07
7.83311e-08
1.57892e-07
6.40573e-08
1.27424e-07
4.34892e-09
3.20629e-08
-9.77498e-08
-7.58622e-08
-1.4306e-07
-4.83718e-08
-6.57615e-08
5.17848e-08
3.73648e-08
1.54839e-07
1.80222e-07
3.54102e-07
4.38898e-07
6.78892e-07
8.27774e-07
1.15174e-06
1.48276e-06
2.07559e-06
2.80974e-06
3.94196e-06
5.55681e-06
7.9821e-06
1.21911e-05
1.86746e-05
3.33272e-05
5.70205e-05
0.000148666
0.000366762
0.00125559
0.00245353
0.0176899
0.0112213
0.0033307
8.76277e-05
-0.000231226
6.9695e-05
0.000194454
0.00024022
0.000214068
0.000188238
0.000157265
0.000133105
0.000112236
9.56923e-05
8.19713e-05
7.0842e-05
6.12862e-05
5.34693e-05
4.65743e-05
4.06107e-05
3.52988e-05
3.07799e-05
2.65829e-05
2.29614e-05
1.95965e-05
1.6734e-05
1.41571e-05
1.20431e-05
1.00742e-05
8.46443e-06
6.93514e-06
5.80379e-06
4.70044e-06
3.98248e-06
3.14138e-06
2.652e-06
2.07595e-06
1.76897e-06
1.34908e-06
1.20547e-06
8.84473e-07
8.14664e-07
5.90757e-07
5.95304e-07
3.91732e-07
4.11048e-07
2.40922e-07
2.48706e-07
1.0616e-07
1.76182e-07
3.00786e-08
8.24623e-08
-6.83627e-08
1.67399e-08
-9.75416e-08
-1.10829e-08
-9.71438e-08
-2.18734e-09
-7.94215e-08
6.11691e-08
-3.0294e-08
9.23526e-08
5.93506e-09
1.46408e-07
6.73113e-08
1.8346e-07
8.63827e-08
1.60799e-07
6.1878e-08
1.21735e-07
-4.18249e-10
2.80887e-08
-9.87945e-08
-8.06706e-08
-1.54595e-07
-6.46308e-08
-8.60403e-08
3.06159e-08
1.73896e-08
1.2927e-07
1.43013e-07
3.00307e-07
3.63542e-07
5.75528e-07
6.88659e-07
9.56935e-07
1.20712e-06
1.68375e-06
2.2537e-06
3.15989e-06
4.44724e-06
6.40242e-06
9.81875e-06
1.51228e-05
2.71334e-05
4.64799e-05
0.000120528
0.000295215
0.00100627
0.00196171
0.0125321
0.00806639
0.00241394
6.12586e-05
-0.000168936
4.87811e-05
0.000140845
0.000174019
0.000155466
0.000136846
0.000114263
9.66368e-05
8.15176e-05
6.95755e-05
5.96468e-05
5.16032e-05
4.46224e-05
3.89735e-05
3.39427e-05
2.95908e-05
2.56951e-05
2.24415e-05
1.93781e-05
1.67642e-05
1.42915e-05
1.21987e-05
1.02921e-05
8.78176e-06
7.34423e-06
6.19326e-06
5.04699e-06
4.23845e-06
3.40383e-06
2.91908e-06
2.28206e-06
1.95635e-06
1.51669e-06
1.31824e-06
9.85558e-07
9.19972e-07
6.64764e-07
6.33375e-07
4.35028e-07
4.73437e-07
2.96202e-07
3.36929e-07
1.8476e-07
2.04643e-07
6.96962e-08
1.50158e-07
1.80273e-08
7.71581e-08
-7.31388e-08
9.94489e-09
-1.09407e-07
-2.82597e-08
-1.14463e-07
-1.41295e-08
-9.13077e-08
5.06389e-08
-3.49997e-08
9.02902e-08
8.00607e-09
1.51257e-07
7.1984e-08
1.86628e-07
9.19442e-08
1.63505e-07
6.07267e-08
1.1684e-07
-5.92673e-09
2.18334e-08
-1.01198e-07
-8.35982e-08
-1.63665e-07
-7.98347e-08
-1.06974e-07
6.00455e-09
-7.31312e-09
1.00078e-07
1.02767e-07
2.42601e-07
2.8197e-07
4.62453e-07
5.36263e-07
7.45529e-07
9.09254e-07
1.26087e-06
1.65298e-06
2.31248e-06
3.23888e-06
4.66859e-06
7.17969e-06
1.11076e-05
2.00218e-05
3.43468e-05
8.87375e-05
0.000216251
0.000734745
0.00142987
0.0074783
0.00485994
0.00146229
3.62455e-05
-0.000102933
2.89416e-05
8.53321e-05
0.000105325
9.44128e-05
8.32743e-05
6.93716e-05
5.85421e-05
4.93953e-05
4.22368e-05
3.62537e-05
3.14233e-05
2.71241e-05
2.37366e-05
2.06566e-05
1.79931e-05
1.5579e-05
1.36436e-05
1.17656e-05
1.02079e-05
8.67784e-06
7.40144e-06
6.20078e-06
5.32078e-06
4.43877e-06
3.77332e-06
3.03763e-06
2.57435e-06
2.02584e-06
1.78329e-06
1.36381e-06
1.21244e-06
9.17295e-07
8.34819e-07
5.94807e-07
6.11157e-07
4.28683e-07
4.41652e-07
2.69286e-07
3.3853e-07
1.89536e-07
2.53195e-07
1.23053e-07
1.58847e-07
3.29547e-08
1.20897e-07
1.75676e-09
6.95066e-08
-7.7392e-08
4.38737e-09
-1.18311e-07
-4.37354e-08
-1.31866e-07
-2.73485e-08
-1.04433e-07
3.73005e-08
-4.09834e-08
8.87068e-08
1.14611e-08
1.56281e-07
7.54649e-08
1.86162e-07
9.50346e-08
1.65764e-07
6.10758e-08
1.12997e-07
-1.16893e-08
1.28077e-08
-1.06088e-07
-8.61829e-08
-1.70219e-07
-9.31776e-08
-1.268e-07
-2.03644e-08
-3.54687e-08
6.79862e-08
6.11169e-08
1.82917e-07
1.96634e-07
3.42136e-07
3.7353e-07
5.21181e-07
5.95068e-07
8.15801e-07
1.02104e-06
1.41835e-06
1.95898e-06
2.8222e-06
4.34462e-06
6.75034e-06
1.2231e-05
2.10372e-05
5.42733e-05
0.000131889
0.000447231
0.000869374
0.00248604
0.00162326
0.000489786
1.20393e-05
-3.46403e-05
9.79947e-06
2.86976e-05
3.51473e-05
3.18911e-05
2.83959e-05
2.33479e-05
1.9473e-05
1.64328e-05
1.41639e-05
1.22185e-05
1.0676e-05
9.12185e-06
8.05e-06
6.97425e-06
6.04824e-06
5.15705e-06
4.56955e-06
3.90479e-06
3.4293e-06
2.87329e-06
2.44532e-06
1.97565e-06
1.7393e-06
1.4245e-06
1.25908e-06
9.52929e-07
8.50603e-07
6.01173e-07
6.04364e-07
4.09925e-07
4.38289e-07
2.93376e-07
3.30884e-07
1.8757e-07
2.85678e-07
1.80234e-07
2.42986e-07
9.97593e-08
1.96703e-07
7.70549e-08
1.62693e-07
5.78696e-08
1.12195e-07
-1.61919e-09
8.98739e-08
-1.85069e-08
5.75677e-08
-8.19869e-08
-1.72017e-10
-1.22564e-07
-5.54177e-08
-1.46808e-07
-4.07825e-08
-1.16876e-07
2.24656e-08
-4.73286e-08
8.71435e-08
1.60948e-08
1.60783e-07
7.86891e-08
1.83073e-07
9.66538e-08
1.674e-07
6.29562e-08
1.0988e-07
-1.69496e-08
1.49022e-09
-1.13306e-07
-8.95641e-08
-1.74556e-07
-1.04572e-07
-1.44181e-07
-4.65805e-08
-6.50683e-08
3.40739e-08
1.93263e-08
1.22288e-07
1.09216e-07
2.1665e-07
2.03647e-07
2.87902e-07
2.70719e-07
3.57274e-07
3.71206e-07
4.96516e-07
6.36215e-07
9.07917e-07
1.39062e-06
2.18448e-06
4.02362e-06
7.00545e-06
1.81779e-05
4.4248e-05
0.000150083
0.000291662
-0.00248586
-0.00162339
-0.00048965
-1.19e-05
3.443e-05
-9.10098e-06
-2.83065e-05
-3.55219e-05
-3.11218e-05
-2.69216e-05
-2.30538e-05
-1.99193e-05
-1.68067e-05
-1.41537e-05
-1.20299e-05
-1.02605e-05
-9.04951e-06
-7.79024e-06
-6.84232e-06
-6.01092e-06
-5.36198e-06
-4.59438e-06
-4.04038e-06
-3.42944e-06
-3.00012e-06
-2.56436e-06
-2.28994e-06
-1.8813e-06
-1.62879e-06
-1.29112e-06
-1.15868e-06
-8.92982e-07
-8.35963e-07
-5.88344e-07
-5.55609e-07
-3.46632e-07
-3.38288e-07
-1.80168e-07
-2.24809e-07
-4.85493e-08
-7.59461e-08
4.10323e-08
-6.78396e-08
5.42129e-08
-3.59195e-08
6.87842e-08
-8.74776e-09
6.51906e-08
-3.26487e-08
5.87288e-08
-4.14865e-08
4.13307e-08
-8.73676e-08
-4.39107e-09
-1.22195e-07
-6.25835e-08
-1.57331e-07
-5.27764e-08
-1.26288e-07
8.10339e-09
-5.30482e-08
8.52324e-08
2.14993e-08
1.64428e-07
8.27674e-08
1.78905e-07
9.77912e-08
1.67991e-07
6.57422e-08
1.07071e-07
-2.0515e-08
-1.02222e-08
-1.21434e-07
-9.41298e-08
-1.7726e-07
-1.14281e-07
-1.5827e-07
-7.07677e-08
-9.39111e-08
-8.3573e-10
-2.2286e-08
6.08795e-08
2.09262e-08
8.83039e-08
3.0258e-08
5.01756e-08
-5.76408e-08
-1.0615e-07
-2.83536e-07
-4.33721e-07
-6.99962e-07
-1.02786e-06
-1.60168e-06
-2.44967e-06
-4.32333e-06
-7.27062e-06
-1.8466e-05
-4.44922e-05
-0.000150284
-0.000291793
-0.00747812
-0.00486006
-0.00146215
-3.61084e-05
0.000102732
-2.82425e-05
-8.4938e-05
-0.000105696
-9.36519e-05
-8.1812e-05
-6.90799e-05
-5.89841e-05
-4.97607e-05
-4.22259e-05
-3.60616e-05
-3.10067e-05
-2.70534e-05
-2.34855e-05
-2.05296e-05
-1.79508e-05
-1.57698e-05
-1.36613e-05
-1.19036e-05
-1.02222e-05
-8.81745e-06
-7.52093e-06
-6.50357e-06
-5.45881e-06
-4.64945e-06
-3.81634e-06
-3.24728e-06
-2.61666e-06
-2.25269e-06
-1.76593e-06
-1.50903e-06
-1.12228e-06
-9.61202e-07
-6.84528e-07
-6.30869e-07
-3.81877e-07
-3.3381e-07
-1.60107e-07
-2.29156e-07
-8.37382e-08
-1.45122e-07
-2.51703e-08
-7.52818e-08
1.81044e-08
-5.99724e-08
2.94966e-08
-6.4856e-08
2.2246e-08
-9.36676e-08
-9.33464e-09
-1.18999e-07
-6.57085e-08
-1.62475e-07
-6.16768e-08
-1.31076e-07
-3.98499e-09
-5.75578e-08
8.31006e-08
2.75179e-08
1.67499e-07
8.83966e-08
1.74898e-07
9.85843e-08
1.66827e-07
6.83319e-08
1.04412e-07
-2.1184e-08
-1.97216e-08
-1.28587e-07
-9.9583e-08
-1.78991e-07
-1.22514e-07
-1.68714e-07
-9.14609e-08
-1.2052e-07
-3.6367e-08
-6.41343e-08
-1.13749e-09
-6.69401e-08
-3.99793e-08
-1.4269e-07
-1.8726e-07
-3.8402e-07
-5.65976e-07
-9.30472e-07
-1.35301e-06
-2.02015e-06
-2.93862e-06
-4.55093e-06
-7.0099e-06
-1.25278e-05
-2.13047e-05
-5.45628e-05
-0.000132133
-0.000447434
-0.000869504
-0.0125319
-0.00806652
-0.00241381
-6.11256e-05
0.00016875
-4.80827e-05
-0.000140446
-0.000174384
-0.000154723
-0.000135408
-0.000113977
-9.70699e-05
-8.18674e-05
-6.9563e-05
-5.94495e-05
-5.1185e-05
-4.45546e-05
-3.87376e-05
-3.38245e-05
-2.95395e-05
-2.58609e-05
-2.24461e-05
-1.95189e-05
-1.68014e-05
-1.44528e-05
-1.23181e-05
-1.05747e-05
-8.91197e-06
-7.56546e-06
-6.25502e-06
-5.26288e-06
-4.28095e-06
-3.61737e-06
-2.89991e-06
-2.42729e-06
-1.86908e-06
-1.56009e-06
-1.16882e-06
-1.0193e-06
-7.03418e-07
-5.85918e-07
-3.56062e-07
-3.81453e-07
-2.13531e-07
-2.47592e-07
-1.15939e-07
-1.40558e-07
-2.87066e-08
-8.42912e-08
4.19746e-09
-8.59895e-08
2.46914e-09
-1.00913e-07
-1.61448e-08
-1.15582e-07
-6.59594e-08
-1.62474e-07
-6.66416e-08
-1.31328e-07
-1.29753e-08
-6.08706e-08
8.12027e-08
3.41259e-08
1.70345e-07
9.52435e-08
1.71398e-07
9.83111e-08
1.63233e-07
6.955e-08
1.0184e-07
-1.85976e-08
-2.50078e-08
-1.33349e-07
-1.05285e-07
-1.80284e-07
-1.29337e-07
-1.75763e-07
-1.08047e-07
-1.44285e-07
-7.21968e-08
-1.06579e-07
-6.30254e-08
-1.52724e-07
-1.64884e-07
-3.11283e-07
-4.19636e-07
-7.0246e-07
-1.01357e-06
-1.55713e-06
-2.24229e-06
-3.29565e-06
-4.77904e-06
-7.37764e-06
-1.13569e-05
-2.03128e-05
-3.46177e-05
-8.90293e-05
-0.000216496
-0.000734948
-0.00143
-0.0176897
-0.0112215
-0.00333056
-8.75005e-05
0.000231059
-6.90016e-05
-0.000194051
-0.00024058
-0.000213353
-0.00018684
-0.00015699
-0.000133524
-0.000112566
-9.56785e-05
-8.1771e-05
-7.04236e-05
-6.12228e-05
-5.3252e-05
-4.64672e-05
-4.05491e-05
-3.54346e-05
-3.0768e-05
-2.6724e-05
-2.30217e-05
-1.97818e-05
-1.68516e-05
-1.44151e-05
-1.21622e-05
-1.03064e-05
-8.5471e-06
-7.15675e-06
-5.84654e-06
-4.89892e-06
-3.9622e-06
-3.28794e-06
-2.56854e-06
-2.12087e-06
-1.62071e-06
-1.37926e-06
-1.00222e-06
-8.24087e-07
-5.42373e-07
-5.2302e-07
-3.3282e-07
-3.41153e-07
-2.00241e-07
-2.03097e-07
-7.44721e-08
-1.06663e-07
-1.60332e-08
-1.03083e-07
-1.57092e-08
-1.08893e-07
-2.53319e-08
-1.14023e-07
-6.47444e-08
-1.58677e-07
-6.82164e-08
-1.28761e-07
-1.92129e-08
-6.34542e-08
7.97724e-08
4.08978e-08
1.72615e-07
1.01955e-07
1.67974e-07
9.61491e-08
1.56984e-07
6.84981e-08
9.89176e-08
-1.37833e-08
-2.56691e-08
-1.35149e-07
-1.1051e-07
-1.81406e-07
-1.34858e-07
-1.80303e-07
-1.2082e-07
-1.65058e-07
-1.07462e-07
-1.49196e-07
-1.23368e-07
-2.34537e-07
-2.83226e-07
-4.71794e-07
-6.42152e-07
-1.0068e-06
-1.44006e-06
-2.15132e-06
-3.08313e-06
-4.49875e-06
-6.50584e-06
-1.00062e-05
-1.53587e-05
-2.74158e-05
-4.67532e-05
-0.000120821
-0.00029546
-0.00100648
-0.00196184
-0.0229962
-0.0143018
-0.00419811
-0.000115788
0.000288385
-9.12502e-05
-0.000244932
-0.00030325
-0.00026855
-0.00023523
-0.000197362
-0.000167695
-0.000141298
-0.000120091
-0.00010261
-8.83585e-05
-7.67348e-05
-6.67407e-05
-5.82041e-05
-5.07571e-05
-4.42962e-05
-3.84531e-05
-3.33629e-05
-2.8744e-05
-2.46843e-05
-2.10207e-05
-1.79395e-05
-1.51351e-05
-1.28059e-05
-1.06361e-05
-8.88269e-06
-7.27471e-06
-6.06632e-06
-4.92552e-06
-4.06899e-06
-3.20335e-06
-2.63013e-06
-2.02903e-06
-1.7008e-06
-1.26852e-06
-1.04028e-06
-7.1451e-07
-6.52156e-07
-4.39795e-07
-4.23685e-07
-2.74772e-07
-2.60523e-07
-1.17885e-07
-1.28092e-07
-3.16074e-08
-1.1582e-07
-3.10782e-08
-1.1684e-07
-3.63001e-08
-1.15076e-07
-6.34713e-08
-1.53142e-07
-6.80647e-08
-1.25656e-07
-2.36921e-08
-6.58542e-08
7.8368e-08
4.67232e-08
1.73116e-07
1.06829e-07
1.64062e-07
9.1965e-08
1.48423e-07
6.46482e-08
9.45897e-08
-8.83361e-09
-2.28236e-08
-1.33925e-07
-1.14482e-07
-1.82301e-07
-1.39384e-07
-1.83555e-07
-1.30619e-07
-1.82548e-07
-1.40539e-07
-1.90638e-07
-1.80379e-07
-3.10559e-07
-3.92347e-07
-6.20663e-07
-8.49894e-07
-1.29062e-06
-1.83655e-06
-2.70124e-06
-3.85801e-06
-5.60297e-06
-8.0784e-06
-1.23671e-05
-1.88953e-05
-3.35987e-05
-5.72934e-05
-0.00014896
-0.000367005
-0.00125579
-0.00245366
-0.0284996
-0.017282
-0.00500179
-0.000146529
0.000339657
-0.000114903
-0.000292206
-0.000361331
-0.000319307
-0.000279693
-0.000234334
-0.000198932
-0.000167511
-0.000142328
-0.000121559
-0.000104634
-9.07769e-05
-7.89255e-05
-6.87894e-05
-5.99484e-05
-5.22574e-05
-4.53356e-05
-3.92892e-05
-3.38387e-05
-2.90466e-05
-2.47292e-05
-2.10666e-05
-1.77618e-05
-1.5004e-05
-1.24711e-05
-1.03983e-05
-8.52875e-06
-7.08948e-06
-5.76479e-06
-4.74974e-06
-3.75763e-06
-3.07517e-06
-2.38397e-06
-1.97579e-06
-1.49488e-06
-1.22762e-06
-8.68059e-07
-7.66668e-07
-5.32869e-07
-4.93074e-07
-3.36761e-07
-3.09916e-07
-1.57474e-07
-1.49451e-07
-4.45205e-08
-1.25346e-07
-4.35496e-08
-1.23579e-07
-4.76923e-08
-1.18451e-07
-6.36486e-08
-1.48115e-07
-6.81341e-08
-1.23706e-07
-2.7552e-08
-6.85332e-08
7.58196e-08
4.98933e-08
1.70276e-07
1.08596e-07
1.59324e-07
8.62992e-08
1.37986e-07
5.77179e-08
8.74115e-08
-5.93977e-09
-1.83044e-08
-1.29821e-07
-1.1657e-07
-1.82781e-07
-1.43458e-07
-1.86724e-07
-1.38499e-07
-1.96339e-07
-1.69642e-07
-2.29225e-07
-2.32764e-07
-3.79451e-07
-4.90379e-07
-7.54698e-07
-1.03813e-06
-1.54777e-06
-2.19467e-06
-3.1959e-06
-4.55085e-06
-6.5836e-06
-9.45974e-06
-1.43988e-05
-2.1863e-05
-3.86568e-05
-6.58743e-05
-0.00017256
-0.000429248
-0.00147682
-0.00289421
-0.0342525
-0.0201327
-0.00572645
-0.000180209
0.000384057
-0.000139813
-0.000334921
-0.000413713
-0.0003646
-0.000319333
-0.000267147
-0.000226591
-0.000190657
-0.000161921
-0.000138217
-0.000118904
-0.000103048
-8.95403e-05
-7.79885e-05
-6.79169e-05
-5.91386e-05
-5.12597e-05
-4.43674e-05
-3.81878e-05
-3.27644e-05
-2.78872e-05
-2.37214e-05
-1.99811e-05
-1.68494e-05
-1.40083e-05
-1.16664e-05
-9.57654e-06
-7.94177e-06
-6.45918e-06
-5.3126e-06
-4.21771e-06
-3.44481e-06
-2.6777e-06
-2.19893e-06
-1.67696e-06
-1.38144e-06
-9.99384e-07
-8.64426e-07
-6.11299e-07
-5.48472e-07
-3.85381e-07
-3.49525e-07
-1.92702e-07
-1.71956e-07
-5.7971e-08
-1.34176e-07
-5.43598e-08
-1.2893e-07
-5.89826e-08
-1.24312e-07
-6.73544e-08
-1.45958e-07
-7.05129e-08
-1.24133e-07
-3.22063e-08
-7.25157e-08
6.99037e-08
4.8238e-08
1.62201e-07
1.05905e-07
1.5269e-07
7.91384e-08
1.25069e-07
4.69214e-08
7.58769e-08
-7.22294e-09
-1.45734e-08
-1.23924e-07
-1.17185e-07
-1.83369e-07
-1.48272e-07
-1.9133e-07
-1.46234e-07
-2.07054e-07
-1.94318e-07
-2.64326e-07
-2.80584e-07
-4.40971e-07
-5.76743e-07
-8.71911e-07
-1.20324e-06
-1.7733e-06
-2.5076e-06
-3.62589e-06
-5.14792e-06
-7.41916e-06
-1.06182e-05
-1.60505e-05
-2.41787e-05
-4.24272e-05
-7.22008e-05
-0.000190854
-0.000480488
-0.00166373
-0.00327238
-0.0403135
-0.0228199
-0.00635627
-0.000217185
0.000421056
-0.000165572
-0.000372045
-0.000459233
-0.000403384
-0.000353242
-0.000295039
-0.000250029
-0.000210196
-0.000178414
-0.000152191
-0.000130832
-0.000113258
-9.83331e-05
-8.55781e-05
-7.44658e-05
-6.47688e-05
-5.60803e-05
-4.84742e-05
-4.1685e-05
-3.57429e-05
-3.04119e-05
-2.5835e-05
-2.17379e-05
-1.82977e-05
-1.52103e-05
-1.2655e-05
-1.03909e-05
-8.60066e-06
-6.99181e-06
-5.74295e-06
-4.57156e-06
-3.72929e-06
-2.90366e-06
-2.36702e-06
-1.81277e-06
-1.49888e-06
-1.10542e-06
-9.43719e-07
-6.75372e-07
-5.90895e-07
-4.22342e-07
-3.7971e-07
-2.24104e-07
-1.96943e-07
-7.53793e-08
-1.45655e-07
-6.65112e-08
-1.34731e-07
-7.14431e-08
-1.33915e-07
-7.6638e-08
-1.48992e-07
-7.70794e-08
-1.28552e-07
-3.98506e-08
-7.96813e-08
5.84161e-08
3.96076e-08
1.46975e-07
9.68685e-08
1.4172e-07
6.87074e-08
1.0808e-07
3.12823e-08
5.89221e-08
-1.45296e-08
-1.46606e-08
-1.18917e-07
-1.18413e-07
-1.85613e-07
-1.55646e-07
-1.99426e-07
-1.56595e-07
-2.17117e-07
-2.16165e-07
-2.96806e-07
-3.25231e-07
-4.95973e-07
-6.51822e-07
-9.71466e-07
-1.34261e-06
-1.96299e-06
-2.76937e-06
-3.98252e-06
-5.63702e-06
-8.09106e-06
-1.15274e-05
-1.72828e-05
-2.57823e-05
-4.47955e-05
-7.60589e-05
-0.000203225
-0.000519241
-0.00181101
-0.00357728
-0.0467491
-0.0253034
-0.00687458
-0.000257566
0.000450444
-0.000191468
-0.000402456
-0.000496663
-0.000434585
-0.000380492
-0.000317243
-0.000268607
-0.000225593
-0.000191352
-0.000163096
-0.00014009
-0.000121127
-0.00010506
-9.13423e-05
-7.94049e-05
-6.89829e-05
-5.96576e-05
-5.14916e-05
-4.42288e-05
-3.78912e-05
-3.22219e-05
-2.73386e-05
-2.29761e-05
-1.93034e-05
-1.6038e-05
-1.33303e-05
-1.09427e-05
-9.0411e-06
-7.3424e-06
-6.02251e-06
-4.80281e-06
-3.91475e-06
-3.05106e-06
-2.47301e-06
-1.89646e-06
-1.57361e-06
-1.17972e-06
-9.99486e-07
-7.22033e-07
-6.18966e-07
-4.46269e-07
-3.98056e-07
-2.47746e-07
-2.2026e-07
-9.4087e-08
-1.58012e-07
-7.84766e-08
-1.394e-07
-8.22272e-08
-1.43829e-07
-8.78088e-08
-1.54022e-07
-8.45854e-08
-1.34207e-07
-4.80089e-08
-8.71406e-08
4.47804e-08
2.7652e-08
1.27724e-07
8.37258e-08
1.27801e-07
5.65517e-08
9.02357e-08
1.48816e-08
4.05391e-08
-2.48905e-08
-1.7057e-08
-1.13888e-07
-1.18354e-07
-1.86787e-07
-1.62477e-07
-2.08332e-07
-1.67856e-07
-2.25364e-07
-2.33242e-07
-3.23724e-07
-3.63529e-07
-5.41231e-07
-7.12152e-07
-1.04915e-06
-1.44974e-06
-2.10804e-06
-2.9687e-06
-4.2514e-06
-6.00044e-06
-8.57677e-06
-1.21589e-05
-1.80612e-05
-2.66311e-05
-4.56942e-05
-7.73209e-05
-0.000209227
-0.00054428
-0.00191355
-0.00379831
-0.0536355
-0.0275347
-0.00726359
-0.000301071
0.000472307
-0.000216472
-0.000424962
-0.000524718
-0.000457118
-0.000400147
-0.000332998
-0.00028169
-0.000236322
-0.000200294
-0.00017056
-0.000146363
-0.000126388
-0.000109492
-9.50818e-05
-8.25598e-05
-7.16308e-05
-6.18652e-05
-5.33139e-05
-4.57295e-05
-3.91301e-05
-3.32456e-05
-2.81702e-05
-2.36446e-05
-1.98257e-05
-1.64563e-05
-1.36622e-05
-1.12059e-05
-9.24061e-06
-7.49254e-06
-6.13525e-06
-4.89721e-06
-3.98926e-06
-3.11049e-06
-2.51061e-06
-1.92368e-06
-1.60016e-06
-1.2149e-06
-1.02532e-06
-7.45259e-07
-6.279e-07
-4.51244e-07
-3.96868e-07
-2.51443e-07
-2.28553e-07
-1.01729e-07
-1.60116e-07
-8.00766e-08
-1.32902e-07
-7.95017e-08
-1.41554e-07
-8.73665e-08
-1.48928e-07
-8.06714e-08
-1.30167e-07
-4.5298e-08
-8.31211e-08
4.25552e-08
2.55562e-08
1.16353e-07
7.76227e-08
1.21281e-07
5.33041e-08
8.40895e-08
1.08571e-08
3.30342e-08
-2.659e-08
-1.12318e-08
-9.96834e-08
-1.06992e-07
-1.75855e-07
-1.56974e-07
-2.06568e-07
-1.69337e-07
-2.22323e-07
-2.35519e-07
-3.34556e-07
-3.85843e-07
-5.69095e-07
-7.51163e-07
-1.09921e-06
-1.51818e-06
-2.2e-06
-3.09402e-06
-4.41753e-06
-6.22004e-06
-8.85501e-06
-1.24884e-05
-1.83614e-05
-2.67066e-05
-4.51132e-05
-7.59623e-05
-0.000208622
-0.00055468
-0.00196678
-0.00392526
-0.0610619
-0.0294548
-0.0075042
-0.000346929
0.000486865
-0.000239332
-0.000438419
-0.000542163
-0.000469986
-0.00041137
-0.000341649
-0.000288759
-0.000241978
-0.00020492
-0.000174332
-0.000149454
-0.000128896
-0.000111524
-9.67213e-05
-8.38811e-05
-7.26857e-05
-6.26987e-05
-5.39567e-05
-4.62192e-05
-3.9503e-05
-3.35348e-05
-2.83903e-05
-2.38123e-05
-1.99418e-05
-1.65467e-05
-1.37349e-05
-1.1267e-05
-9.28719e-06
-7.53214e-06
-6.17153e-06
-4.94387e-06
-4.04014e-06
-3.16726e-06
-2.56333e-06
-1.97366e-06
-1.65261e-06
-1.27777e-06
-1.0871e-06
-8.09734e-07
-6.82902e-07
-4.99871e-07
-4.37491e-07
-2.90216e-07
-2.75218e-07
-1.53201e-07
-2.07105e-07
-1.28431e-07
-1.73074e-07
-1.22068e-07
-1.83307e-07
-1.33102e-07
-1.89836e-07
-1.24448e-07
-1.73192e-07
-9.02488e-08
-1.24719e-07
-7.44477e-09
-2.58138e-08
5.6823e-08
2.00067e-08
6.391e-08
-4.05547e-10
2.9617e-08
-3.98574e-08
-2.21238e-08
-7.69996e-08
-5.66992e-08
-1.3442e-07
-1.41953e-07
-2.0931e-07
-1.9469e-07
-2.4891e-07
-2.16346e-07
-2.6426e-07
-2.79121e-07
-3.85497e-07
-4.49834e-07
-6.415e-07
-8.33207e-07
-1.18825e-06
-1.62167e-06
-2.31813e-06
-3.22755e-06
-4.56528e-06
-6.38143e-06
-9.0129e-06
-1.26049e-05
-1.82814e-05
-2.61277e-05
-4.32147e-05
-7.21795e-05
-0.000201512
-0.000549972
-0.00196694
-0.00394858
-0.0691355
-0.0309908
-0.00757561
-0.000393709
0.000494222
-0.000258729
-0.000441888
-0.000547934
-0.00047242
-0.000413563
-0.000342808
-0.000289574
-0.000242449
-0.000205218
-0.000174476
-0.000149488
-0.000128823
-0.000111374
-9.65135e-05
-8.36502e-05
-7.24519e-05
-6.24847e-05
-5.37675e-05
-4.60645e-05
-3.93934e-05
-3.34849e-05
-2.84056e-05
-2.38961e-05
-2.00724e-05
-1.67309e-05
-1.39687e-05
-1.1545e-05
-9.59655e-06
-7.87321e-06
-6.53713e-06
-5.33905e-06
-4.45236e-06
-3.5926e-06
-2.98881e-06
-2.39696e-06
-2.0717e-06
-1.698e-06
-1.51606e-06
-1.25154e-06
-1.12472e-06
-9.44677e-07
-8.7906e-07
-7.38005e-07
-7.32458e-07
-6.19799e-07
-6.69944e-07
-5.94696e-07
-6.32149e-07
-5.82159e-07
-6.40651e-07
-5.95372e-07
-6.47835e-07
-5.87434e-07
-6.35102e-07
-5.55216e-07
-5.84722e-07
-4.77301e-07
-4.97893e-07
-4.22425e-07
-4.6017e-07
-4.16109e-07
-4.76069e-07
-4.45743e-07
-5.09765e-07
-4.95849e-07
-5.47623e-07
-5.2548e-07
-5.91418e-07
-5.96886e-07
-6.60668e-07
-6.48422e-07
-7.07024e-07
-6.80582e-07
-7.23959e-07
-7.37324e-07
-8.44352e-07
-9.13611e-07
-1.10259e-06
-1.29401e-06
-1.64526e-06
-2.10063e-06
-2.8147e-06
-3.74081e-06
-5.08282e-06
-6.88542e-06
-9.46217e-06
-1.29309e-05
-1.82638e-05
-2.53754e-05
-4.05565e-05
-6.66108e-05
-0.000188571
-0.000530317
-0.00191146
-0.00385968
-0.0779771
-0.0320491
-0.00745387
-0.000438334
0.000494731
-0.000272784
-0.000434138
-0.000540586
-0.000463345
-0.000405849
-0.000335854
-0.000283702
-0.000237481
-0.000201075
-0.000170978
-0.00014651
-0.000126264
-0.000109179
-9.46308e-05
-8.20669e-05
-7.11498e-05
-6.14613e-05
-5.3001e-05
-4.5536e-05
-3.90852e-05
-3.33911e-05
-2.85182e-05
-2.42011e-05
-2.05248e-05
-1.73185e-05
-1.46733e-05
-1.23513e-05
-1.04806e-05
-8.8281e-06
-7.54305e-06
-6.39113e-06
-5.53074e-06
-4.68783e-06
-4.08592e-06
-3.51264e-06
-3.2082e-06
-2.86161e-06
-2.69723e-06
-2.45505e-06
-2.33731e-06
-2.17145e-06
-2.10808e-06
-1.98097e-06
-1.98371e-06
-1.88247e-06
-1.92902e-06
-1.85839e-06
-1.89042e-06
-1.83957e-06
-1.89435e-06
-1.85233e-06
-1.90285e-06
-1.84764e-06
-1.89629e-06
-1.82014e-06
-1.8448e-06
-1.74568e-06
-1.76836e-06
-1.70173e-06
-1.74038e-06
-1.6979e-06
-1.75207e-06
-1.72112e-06
-1.77824e-06
-1.7669e-06
-1.81741e-06
-1.79561e-06
-1.85203e-06
-1.85421e-06
-1.91291e-06
-1.90101e-06
-1.96249e-06
-1.94317e-06
-1.98332e-06
-1.99343e-06
-2.09465e-06
-2.16103e-06
-2.33634e-06
-2.51766e-06
-2.85249e-06
-3.28879e-06
-3.98916e-06
-4.93396e-06
-6.27136e-06
-8.03426e-06
-1.05071e-05
-1.37764e-05
-1.86394e-05
-2.483e-05
-3.76366e-05
-5.99078e-05
-0.000170661
-0.000496025
-0.00179846
-0.00365053
-0.0876832
-0.0325028
-0.00711018
-0.000474359
0.000490063
-0.000277638
-0.000412279
-0.000516949
-0.000439999
-0.000385649
-0.000318441
-0.000268952
-0.000225019
-0.000190548
-0.000161966
-0.000138692
-0.000119423
-0.000103169
-8.93183e-05
-7.73803e-05
-6.7022e-05
-5.78549e-05
-4.98601e-05
-4.28063e-05
-3.67132e-05
-3.1339e-05
-2.67524e-05
-2.27131e-05
-1.92902e-05
-1.63124e-05
-1.38633e-05
-1.17169e-05
-9.98767e-06
-8.46646e-06
-7.28271e-06
-6.22428e-06
-5.43389e-06
-4.65683e-06
-4.10385e-06
-3.57181e-06
-3.30114e-06
-3.0031e-06
-2.85967e-06
-2.64375e-06
-2.53945e-06
-2.39041e-06
-2.33029e-06
-2.21123e-06
-2.21893e-06
-2.13014e-06
-2.17233e-06
-2.10814e-06
-2.13698e-06
-2.08608e-06
-2.13527e-06
-2.09595e-06
-2.14417e-06
-2.09551e-06
-2.14518e-06
-2.07532e-06
-2.09548e-06
-2.00457e-06
-2.02783e-06
-1.96986e-06
-2.00898e-06
-1.97022e-06
-2.01886e-06
-1.98824e-06
-2.03656e-06
-2.02638e-06
-2.0748e-06
-2.05552e-06
-2.10415e-06
-2.10287e-06
-2.15524e-06
-2.14218e-06
-2.20333e-06
-2.19147e-06
-2.22936e-06
-2.2359e-06
-2.32965e-06
-2.39388e-06
-2.55725e-06
-2.72643e-06
-3.03854e-06
-3.42409e-06
-4.08765e-06
-4.98387e-06
-6.24572e-06
-7.89584e-06
-1.01814e-05
-1.31554e-05
-1.74265e-05
-2.25612e-05
-3.27538e-05
-5.07343e-05
-0.000147082
-0.000446118
-0.00162567
-0.00331291
-0.0982888
-0.0321907
-0.00651941
-0.000498517
0.000476513
-0.000272851
-0.00037742
-0.000478112
-0.000403685
-0.000354191
-0.000291647
-0.000246148
-0.000205546
-0.000173734
-0.000147378
-0.00012599
-0.000108269
-9.33152e-05
-8.05424e-05
-6.95348e-05
-5.99778e-05
-5.15235e-05
-4.41362e-05
-3.75892e-05
-3.1893e-05
-2.68293e-05
-2.24682e-05
-1.86877e-05
-1.5623e-05
-1.29695e-05
-1.0797e-05
-8.90239e-06
-7.38167e-06
-6.05542e-06
-5.02719e-06
-4.11507e-06
-3.44501e-06
-2.79299e-06
-2.34595e-06
-1.89006e-06
-1.65511e-06
-1.39267e-06
-1.27111e-06
-1.08617e-06
-9.99113e-07
-8.72713e-07
-8.19668e-07
-7.09986e-07
-7.1931e-07
-6.43541e-07
-6.80095e-07
-6.24354e-07
-6.51907e-07
-6.03822e-07
-6.45728e-07
-6.09103e-07
-6.53001e-07
-6.11771e-07
-6.61057e-07
-6.00571e-07
-6.17204e-07
-5.3544e-07
-5.57491e-07
-5.07255e-07
-5.45185e-07
-5.12136e-07
-5.56105e-07
-5.2794e-07
-5.65967e-07
-5.55224e-07
-5.98682e-07
-5.83473e-07
-6.26083e-07
-6.22311e-07
-6.675e-07
-6.52293e-07
-7.08664e-07
-7.03875e-07
-7.40068e-07
-7.43419e-07
-8.26485e-07
-8.85899e-07
-1.03365e-06
-1.1861e-06
-1.46802e-06
-1.8093e-06
-2.39637e-06
-3.16168e-06
-4.26395e-06
-5.71834e-06
-7.72842e-06
-1.03138e-05
-1.38943e-05
-1.79094e-05
-2.56157e-05
-3.93854e-05
-0.000119332
-0.000383871
-0.00139851
-0.0028468
-0.109968
-0.0309654
-0.00569494
-0.000544437
0.000410876
-0.000293947
-0.00036693
-0.000461579
-0.000391888
-0.00034865
-0.000292133
-0.000251326
-0.000214298
-0.000185016
-0.000161288
-0.000142614
-0.000127158
-0.000114128
-0.000102981
-9.33916e-05
-8.50799e-05
-7.7753e-05
-7.13691e-05
-6.57144e-05
-6.07994e-05
-5.6434e-05
-5.26859e-05
-4.94572e-05
-4.68566e-05
-4.46096e-05
-4.27791e-05
-4.11925e-05
-3.99242e-05
-3.88273e-05
-3.79776e-05
-3.72266e-05
-3.66855e-05
-3.61632e-05
-3.58222e-05
-3.54666e-05
-3.52815e-05
-3.50575e-05
-3.49588e-05
-3.48087e-05
-3.47409e-05
-3.46417e-05
-3.46004e-05
-3.4504e-05
-3.45129e-05
-3.44506e-05
-3.44802e-05
-3.44344e-05
-3.4462e-05
-3.442e-05
-3.44534e-05
-3.44203e-05
-3.44574e-05
-3.44234e-05
-3.44703e-05
-3.44219e-05
-3.44361e-05
-3.43649e-05
-3.4384e-05
-3.43411e-05
-3.43758e-05
-3.43502e-05
-3.43893e-05
-3.43651e-05
-3.43919e-05
-3.438e-05
-3.44161e-05
-3.44055e-05
-3.44431e-05
-3.44376e-05
-3.44751e-05
-3.44584e-05
-3.45059e-05
-3.45069e-05
-3.45404e-05
-3.45408e-05
-3.46106e-05
-3.46617e-05
-3.47884e-05
-3.49184e-05
-3.51607e-05
-3.54466e-05
-3.59191e-05
-3.65482e-05
-3.74724e-05
-3.8698e-05
-4.03857e-05
-4.25257e-05
-4.53679e-05
-4.82684e-05
-5.32896e-05
-6.23648e-05
-0.000123581
-0.000349191
-0.00116815
-0.002297
-0.12329
-0.0286588
-0.00469008
-0.000698052
0.000187991
-0.000439987
-0.000478854
-0.000561947
-0.000501164
-0.000466942
-0.000420301
-0.000387295
-0.00035701
-0.00033311
-0.000313824
-0.000298765
-0.000286306
-0.000275822
-0.000266856
-0.000259171
-0.000252545
-0.000246751
-0.000241746
-0.000237351
-0.000233577
-0.000230274
-0.000227498
-0.000225092
-0.000223053
-0.000221287
-0.000219857
-0.000218627
-0.000217647
-0.000216803
-0.000216146
-0.000215563
-0.00021515
-0.000214753
-0.000214504
-0.000214239
-0.000214097
-0.000213919
-0.000213842
-0.000213731
-0.000213682
-0.000213612
-0.000213586
-0.000213508
-0.000213515
-0.000213468
-0.00021349
-0.000213458
-0.000213484
-0.000213452
-0.000213475
-0.000213447
-0.000213474
-0.000213448
-0.000213489
-0.000213454
-0.000213465
-0.000213408
-0.000213423
-0.000213388
-0.000213416
-0.0002134
-0.000213432
-0.000213413
-0.000213429
-0.000213417
-0.000213443
-0.000213438
-0.000213471
-0.000213463
-0.000213491
-0.000213476
-0.000213511
-0.000213515
-0.000213544
-0.000213541
-0.000213595
-0.000213637
-0.000213738
-0.000213841
-0.000214032
-0.000214257
-0.000214624
-0.000215123
-0.000215858
-0.000216825
-0.000218146
-0.000219791
-0.000221873
-0.000223739
-0.000226148
-0.000230541
-0.000271523
-0.000444074
-0.0010496
-0.00176925
-0.135901
-0.0244329
-0.00334246
-0.000822767
-0.000101095
-0.000606236
-0.000612479
-0.000676977
-0.000629485
-0.000606169
-0.000572557
-0.000549602
-0.000528332
-0.000511752
-0.00049841
-0.000487729
-0.000478866
-0.000471419
-0.000465041
-0.000459587
-0.000454902
-0.000450825
-0.000447324
-0.000444258
-0.000441641
-0.000439364
-0.000437466
-0.000435828
-0.000434429
-0.000433214
-0.00043224
-0.00043141
-0.00043075
-0.000430187
-0.000429744
-0.000429347
-0.000429073
-0.000428809
-0.000428652
-0.000428478
-0.000428386
-0.00042826
-0.000428209
-0.000428136
-0.000428106
-0.000428062
-0.000428053
-0.000427996
-0.000428002
-0.000427972
-0.000427986
-0.000427964
-0.000427988
-0.000427966
-0.00042798
-0.000427959
-0.000427978
-0.000427957
-0.000427988
-0.000427966
-0.000427975
-0.000427934
-0.000427946
-0.000427919
-0.00042794
-0.000427931
-0.000427956
-0.000427943
-0.00042795
-0.000427939
-0.000427956
-0.000427953
-0.00042798
-0.000427972
-0.000427991
-0.000427978
-0.000427999
-0.000428005
-0.000428027
-0.000428022
-0.000428058
-0.000428086
-0.000428157
-0.000428227
-0.000428359
-0.000428513
-0.000428764
-0.000429108
-0.000429617
-0.000430277
-0.000431176
-0.000432273
-0.000433589
-0.00043458
-0.000435243
-0.000436377
-0.000458786
-0.000569041
-0.000943051
-0.00117799
-0.128451
-0.0160052
-0.000986145
7.19809e-05
0.000506394
0.000191352
0.000202412
0.000164233
0.000193586
0.000206061
0.000225166
0.00023779
0.000249706
0.000258962
0.000266236
0.000272035
0.000276852
0.000280886
0.000284348
0.000287292
0.000289804
0.000291977
0.000293833
0.000295461
0.000296841
0.000298036
0.000299028
0.000299877
0.000300597
0.000301232
0.000301726
0.000302138
0.000302466
0.000302745
0.000302971
0.000303178
0.000303311
0.000303436
0.000303503
0.000303586
0.000303631
0.000303705
0.00030373
0.000303763
0.000303777
0.000303797
0.000303792
0.000303828
0.000303824
0.000303836
0.000303831
0.000303839
0.000303818
0.000303831
0.000303828
0.000303841
0.000303832
0.000303846
0.000303825
0.000303835
0.00030383
0.000303854
0.000303845
0.000303862
0.00030385
0.00030385
0.000303834
0.000303842
0.000303845
0.000303851
0.000303845
0.000303844
0.000303823
0.000303834
0.000303825
0.000303831
0.000303823
0.000303818
0.000303804
0.000303812
0.000303795
0.000303779
0.000303738
0.0003037
0.000303632
0.00030355
0.000303423
0.000303243
0.000302971
0.000302634
0.000302171
0.000301621
0.000301003
0.00030065
0.000300867
0.00030144
0.000293335
0.000239577
7.34755e-05
0.000219203
-0.0563959
-0.0035978
0.00176437
0.00200153
0.00213102
0.00203779
0.00204491
0.00203502
0.00204439
0.00204821
0.00205386
0.0020575
0.00206085
0.00206339
0.00206544
0.00206706
0.00206839
0.00206948
0.00207039
0.00207115
0.00207178
0.00207232
0.00207277
0.00207316
0.00207349
0.00207377
0.002074
0.0020742
0.00207436
0.00207451
0.00207462
0.00207471
0.00207479
0.00207485
0.0020749
0.00207495
0.00207498
0.00207501
0.00207502
0.00207504
0.00207504
0.00207506
0.00207507
0.00207508
0.00207508
0.00207509
0.00207508
0.00207509
0.00207509
0.00207509
0.00207509
0.00207509
0.00207509
0.00207509
0.00207509
0.00207509
0.00207509
0.0020751
0.00207509
0.00207509
0.00207509
0.0020751
0.00207509
0.0020751
0.00207509
0.00207509
0.00207509
0.00207509
0.00207509
0.0020751
0.00207509
0.0020751
0.00207509
0.00207509
0.00207509
0.00207509
0.00207509
0.00207509
0.00207508
0.00207509
0.00207508
0.00207508
0.00207506
0.00207505
0.00207503
0.00207501
0.00207497
0.00207492
0.00207485
0.00207476
0.00207463
0.00207449
0.00207436
0.00207434
0.00207463
0.00207528
0.00207439
0.00206119
0.0020212
0.00215161
)
;

boundaryField
{
    inlet
    {
        type            calculated;
        value           uniform 0;
    }
    outlet
    {
        type            calculated;
        value           nonuniform List<scalar> 
40
(
-0.00215161
-0.000219213
0.00117797
0.00176922
0.00229696
0.00284675
0.00331284
0.00365045
0.00385959
0.00394848
0.00392515
0.0037982
0.00357716
0.00327226
0.00289408
0.00245353
0.00196171
0.00142987
0.000869374
0.000291662
-0.000291793
-0.000869504
-0.00143
-0.00196184
-0.00245366
-0.00289421
-0.00327238
-0.00357728
-0.00379831
-0.00392526
-0.00394858
-0.00385968
-0.00365053
-0.00331291
-0.0028468
-0.002297
-0.00176925
-0.00117799
0.000219203
0.00215161
)
;
    }
    lowerWall
    {
        type            calculated;
        value           uniform 0;
    }
    upperWall
    {
        type            calculated;
        value           uniform 0;
    }
    frontAndBack
    {
        type            empty;
    }
}


// ************************************************************************* //
