/*--------------------------------*- C++ -*----------------------------------*\
| =========                 |                                                 |
| \\      /  F ield         | OpenFOAM: The Open Source CFD Toolbox           |
|  \\    /   O peration     | Version:  v1906                                 |
|   \\  /    A nd           | Web:      www.OpenFOAM.com                      |
|    \\/     M anipulation  |                                                 |
\*---------------------------------------------------------------------------*/
FoamFile
{
    version     2.0;
    format      ascii;
    class       volVectorField;
    location    "0.5";
    object      B;
}
// * * * * * * * * * * * * * * * * * * * * * * * * * * * * * * * * * * * * * //

dimensions      [1 0 -2 0 0 -1 0];


internalField   nonuniform List<vector> 
4000
(
(0.451406 20.0159 0)
(0.513543 19.9928 0)
(0.480282 19.9946 0)
(0.501589 19.9977 0)
(0.48886 19.9985 0)
(0.496865 19.9996 0)
(0.491775 19.9997 0)
(0.494853 20 0)
(0.492825 19.9999 0)
(0.494028 20 0)
(0.49323 20 0)
(0.493706 20 0)
(0.493394 20 0)
(0.493583 20 0)
(0.493461 20 0)
(0.493536 20 0)
(0.493488 20 0)
(0.493518 20 0)
(0.493499 20 0)
(0.493511 20 0)
(0.493504 20 0)
(0.493508 20 0)
(0.493505 20 0)
(0.493507 20 0)
(0.493506 20 0)
(0.493507 20 0)
(0.493506 20 0)
(0.493507 20 0)
(0.493506 20 0)
(0.493507 20 0)
(0.493507 20 0)
(0.493507 20 0)
(0.493506 20 0)
(0.493507 20 0)
(0.493506 20 0)
(0.493506 20 0)
(0.493507 20 0)
(0.493507 20 0)
(0.493506 20 0)
(0.493506 20 0)
(0.493507 20 0)
(0.493507 20 0)
(0.493507 20 0)
(0.493507 20 0)
(0.493507 20 0)
(0.493507 20 0)
(0.493506 20 0)
(0.493506 20 0)
(0.493507 20 0)
(0.493507 20 0)
(0.493507 20 0)
(0.493506 20 0)
(0.493506 20 0)
(0.493506 20 0)
(0.493506 20 0)
(0.493506 20 0)
(0.493506 20 0)
(0.493506 20 0)
(0.493506 20 0)
(0.493506 20 0)
(0.493506 20 0)
(0.493506 20 0)
(0.493506 20 0)
(0.493506 20 0)
(0.493506 20 0)
(0.493506 20 0)
(0.493506 20 0)
(0.493506 20 0)
(0.493506 20 0)
(0.493506 20 0)
(0.493506 20 0)
(0.493506 20 0)
(0.493506 20 0)
(0.493506 20 0)
(0.493506 20 0)
(0.493506 20 0)
(0.493506 20 0)
(0.493506 20 0)
(0.493506 20 0)
(0.493506 20 0)
(0.493506 20 0)
(0.493506 20 0)
(0.493506 20 0)
(0.493506 20 0)
(0.493506 20 0)
(0.493506 20 0)
(0.493506 20 0)
(0.493506 20 0)
(0.493506 20 0)
(0.493506 20 0)
(0.493506 20 0)
(0.493506 20 0)
(0.493506 20 0)
(0.493506 20 0)
(0.493505 20 0)
(0.493505 20 0)
(0.493508 20 0)
(0.493512 20 0)
(0.493595 20.0001 0)
(0.49327 20.0002 0)
(0.709933 19.9979 0)
(0.809239 19.9776 0)
(0.764052 19.9853 0)
(0.798107 19.994 0)
(0.779513 19.9968 0)
(0.79239 19.9998 0)
(0.784882 20.0002 0)
(0.78979 20.0011 0)
(0.786755 20.001 0)
(0.788647 20.0012 0)
(0.787439 20.0011 0)
(0.788179 20.0012 0)
(0.787703 20.0012 0)
(0.787996 20.0012 0)
(0.787809 20.0012 0)
(0.787924 20.0012 0)
(0.787851 20.0012 0)
(0.787896 20.0012 0)
(0.787868 20.0012 0)
(0.787886 20.0012 0)
(0.787874 20.0012 0)
(0.787881 20.0012 0)
(0.787877 20.0012 0)
(0.78788 20.0012 0)
(0.787878 20.0012 0)
(0.787879 20.0012 0)
(0.787878 20.0012 0)
(0.787879 20.0012 0)
(0.787879 20.0012 0)
(0.787879 20.0012 0)
(0.787879 20.0012 0)
(0.787879 20.0012 0)
(0.787879 20.0012 0)
(0.787879 20.0012 0)
(0.787879 20.0012 0)
(0.787879 20.0012 0)
(0.787879 20.0012 0)
(0.787879 20.0012 0)
(0.787879 20.0012 0)
(0.787879 20.0012 0)
(0.787879 20.0012 0)
(0.787879 20.0012 0)
(0.787879 20.0012 0)
(0.787879 20.0012 0)
(0.787879 20.0012 0)
(0.787879 20.0012 0)
(0.787879 20.0012 0)
(0.787879 20.0012 0)
(0.787879 20.0012 0)
(0.787879 20.0012 0)
(0.787879 20.0012 0)
(0.787879 20.0012 0)
(0.787879 20.0012 0)
(0.787879 20.0012 0)
(0.787879 20.0012 0)
(0.787879 20.0012 0)
(0.787879 20.0012 0)
(0.787879 20.0012 0)
(0.787879 20.0012 0)
(0.787879 20.0012 0)
(0.787879 20.0012 0)
(0.787879 20.0012 0)
(0.787879 20.0012 0)
(0.787879 20.0012 0)
(0.787879 20.0012 0)
(0.787879 20.0012 0)
(0.787879 20.0012 0)
(0.787879 20.0012 0)
(0.787879 20.0012 0)
(0.787879 20.0012 0)
(0.787879 20.0012 0)
(0.787879 20.0012 0)
(0.787879 20.0012 0)
(0.787879 20.0012 0)
(0.787879 20.0012 0)
(0.787879 20.0012 0)
(0.787879 20.0012 0)
(0.787879 20.0012 0)
(0.787879 20.0012 0)
(0.787879 20.0012 0)
(0.787879 20.0012 0)
(0.787879 20.0012 0)
(0.787879 20.0012 0)
(0.787879 20.0012 0)
(0.787879 20.0012 0)
(0.787879 20.0012 0)
(0.787879 20.0012 0)
(0.787879 20.0012 0)
(0.787879 20.0012 0)
(0.787879 20.0012 0)
(0.787878 20.0012 0)
(0.787879 20.0012 0)
(0.787878 20.0012 0)
(0.787879 20.0012 0)
(0.787879 20.0012 0)
(0.787885 20.0012 0)
(0.7879 20.0012 0)
(0.787945 20.0011 0)
(0.788146 20.0013 0)
(0.78789 20.0018 0)
(0.759067 19.9555 0)
(0.864152 19.9594 0)
(0.822264 19.975 0)
(0.859648 19.9886 0)
(0.841141 19.9939 0)
(0.855374 19.9985 0)
(0.847815 19.9996 0)
(0.853197 20.0008 0)
(0.850092 20.0008 0)
(0.85214 20.0011 0)
(0.850886 20.0011 0)
(0.85168 20.0011 0)
(0.851182 20.0011 0)
(0.851492 20.0011 0)
(0.851296 20.0011 0)
(0.851418 20.0011 0)
(0.851341 20.0011 0)
(0.851389 20.0011 0)
(0.851359 20.0011 0)
(0.851378 20.0011 0)
(0.851366 20.0011 0)
(0.851374 20.0011 0)
(0.851369 20.0011 0)
(0.851372 20.0011 0)
(0.85137 20.0011 0)
(0.851371 20.0011 0)
(0.85137 20.0011 0)
(0.851371 20.0011 0)
(0.851371 20.0011 0)
(0.851371 20.0011 0)
(0.851371 20.0011 0)
(0.851371 20.0011 0)
(0.851371 20.0011 0)
(0.851371 20.0011 0)
(0.851371 20.0011 0)
(0.851371 20.0011 0)
(0.851371 20.0011 0)
(0.851371 20.0011 0)
(0.851371 20.0011 0)
(0.851371 20.0011 0)
(0.851371 20.0011 0)
(0.851371 20.0011 0)
(0.851371 20.0011 0)
(0.851371 20.0011 0)
(0.851371 20.0011 0)
(0.851371 20.0011 0)
(0.851371 20.0011 0)
(0.851371 20.0011 0)
(0.851371 20.0011 0)
(0.851371 20.0011 0)
(0.851371 20.0011 0)
(0.851371 20.0011 0)
(0.851371 20.0011 0)
(0.851371 20.0011 0)
(0.851371 20.0011 0)
(0.851371 20.0011 0)
(0.851371 20.0011 0)
(0.851371 20.0011 0)
(0.851371 20.0011 0)
(0.851371 20.0011 0)
(0.851371 20.0011 0)
(0.851371 20.0011 0)
(0.851371 20.0011 0)
(0.851371 20.0011 0)
(0.851371 20.0011 0)
(0.851371 20.0011 0)
(0.851371 20.0011 0)
(0.851371 20.0011 0)
(0.851371 20.0011 0)
(0.851371 20.0011 0)
(0.851371 20.0011 0)
(0.851371 20.0011 0)
(0.851371 20.0011 0)
(0.851371 20.0011 0)
(0.851371 20.0011 0)
(0.851371 20.0011 0)
(0.851371 20.0011 0)
(0.851371 20.0011 0)
(0.851371 20.0011 0)
(0.851371 20.0011 0)
(0.851371 20.0011 0)
(0.851371 20.0011 0)
(0.851371 20.0011 0)
(0.851371 20.0011 0)
(0.851371 20.0011 0)
(0.851371 20.0011 0)
(0.851371 20.0011 0)
(0.851371 20.0011 0)
(0.851371 20.0011 0)
(0.851371 20.0011 0)
(0.85137 20.0011 0)
(0.851371 20.0011 0)
(0.851371 20.0011 0)
(0.851373 20.0011 0)
(0.851374 20.0011 0)
(0.851387 20.0011 0)
(0.851417 20.0011 0)
(0.851517 20.001 0)
(0.851841 20.0013 0)
(0.852279 20.0021 0)
(0.7405 19.9108 0)
(0.840864 19.94 0)
(0.805624 19.9646 0)
(0.843265 19.9827 0)
(0.826534 19.9908 0)
(0.840974 19.9968 0)
(0.834044 19.9987 0)
(0.839465 20.0002 0)
(0.836564 20.0004 0)
(0.838601 20.0007 0)
(0.837412 20.0007 0)
(0.838192 20.0008 0)
(0.837715 20.0007 0)
(0.838018 20.0008 0)
(0.837829 20.0007 0)
(0.837948 20.0008 0)
(0.837874 20.0007 0)
(0.83792 20.0008 0)
(0.837891 20.0008 0)
(0.83791 20.0008 0)
(0.837898 20.0008 0)
(0.837905 20.0008 0)
(0.837901 20.0008 0)
(0.837904 20.0008 0)
(0.837902 20.0008 0)
(0.837903 20.0008 0)
(0.837902 20.0008 0)
(0.837903 20.0008 0)
(0.837902 20.0008 0)
(0.837903 20.0008 0)
(0.837902 20.0008 0)
(0.837902 20.0008 0)
(0.837902 20.0008 0)
(0.837902 20.0008 0)
(0.837902 20.0008 0)
(0.837902 20.0008 0)
(0.837902 20.0008 0)
(0.837902 20.0008 0)
(0.837902 20.0008 0)
(0.837902 20.0008 0)
(0.837902 20.0008 0)
(0.837902 20.0008 0)
(0.837902 20.0008 0)
(0.837902 20.0008 0)
(0.837902 20.0008 0)
(0.837902 20.0008 0)
(0.837902 20.0008 0)
(0.837903 20.0008 0)
(0.837903 20.0008 0)
(0.837902 20.0008 0)
(0.837902 20.0008 0)
(0.837902 20.0008 0)
(0.837902 20.0008 0)
(0.837902 20.0008 0)
(0.837902 20.0008 0)
(0.837902 20.0008 0)
(0.837902 20.0008 0)
(0.837902 20.0008 0)
(0.837902 20.0008 0)
(0.837902 20.0008 0)
(0.837902 20.0008 0)
(0.837902 20.0008 0)
(0.837902 20.0008 0)
(0.837902 20.0008 0)
(0.837902 20.0008 0)
(0.837902 20.0008 0)
(0.837902 20.0008 0)
(0.837902 20.0008 0)
(0.837902 20.0008 0)
(0.837902 20.0008 0)
(0.837903 20.0008 0)
(0.837902 20.0008 0)
(0.837902 20.0008 0)
(0.837902 20.0008 0)
(0.837902 20.0008 0)
(0.837902 20.0008 0)
(0.837902 20.0008 0)
(0.837902 20.0008 0)
(0.837902 20.0008 0)
(0.837902 20.0008 0)
(0.837902 20.0008 0)
(0.837902 20.0008 0)
(0.837902 20.0008 0)
(0.837902 20.0008 0)
(0.837902 20.0008 0)
(0.837902 20.0008 0)
(0.837902 20.0008 0)
(0.837903 20.0008 0)
(0.837902 20.0008 0)
(0.837903 20.0008 0)
(0.837902 20.0008 0)
(0.837903 20.0008 0)
(0.837903 20.0008 0)
(0.837906 20.0008 0)
(0.83791 20.0007 0)
(0.837929 20.0007 0)
(0.837973 20.0007 0)
(0.838135 20.0006 0)
(0.838592 20.001 0)
(0.839999 20.0018 0)
(0.700547 19.87 0)
(0.793035 19.9208 0)
(0.764453 19.9545 0)
(0.801256 19.9769 0)
(0.786656 19.988 0)
(0.80089 19.9952 0)
(0.79474 19.9979 0)
(0.800049 19.9997 0)
(0.797421 20.0002 0)
(0.799392 20.0005 0)
(0.798297 20.0005 0)
(0.799043 20.0006 0)
(0.798599 20.0006 0)
(0.798888 20.0006 0)
(0.798711 20.0006 0)
(0.798824 20.0006 0)
(0.798754 20.0006 0)
(0.798798 20.0006 0)
(0.79877 20.0006 0)
(0.798788 20.0006 0)
(0.798777 20.0006 0)
(0.798784 20.0006 0)
(0.798779 20.0006 0)
(0.798782 20.0006 0)
(0.79878 20.0006 0)
(0.798781 20.0006 0)
(0.798781 20.0006 0)
(0.798781 20.0006 0)
(0.798781 20.0006 0)
(0.798781 20.0006 0)
(0.798781 20.0006 0)
(0.798781 20.0006 0)
(0.798781 20.0006 0)
(0.798781 20.0006 0)
(0.798781 20.0006 0)
(0.798781 20.0006 0)
(0.798781 20.0006 0)
(0.798781 20.0006 0)
(0.798781 20.0006 0)
(0.798781 20.0006 0)
(0.798781 20.0006 0)
(0.798781 20.0006 0)
(0.798781 20.0006 0)
(0.798781 20.0006 0)
(0.798781 20.0006 0)
(0.798781 20.0006 0)
(0.798781 20.0006 0)
(0.798781 20.0006 0)
(0.798781 20.0006 0)
(0.798781 20.0006 0)
(0.798781 20.0006 0)
(0.798781 20.0006 0)
(0.798781 20.0006 0)
(0.798781 20.0006 0)
(0.798781 20.0006 0)
(0.798781 20.0006 0)
(0.798781 20.0006 0)
(0.798781 20.0006 0)
(0.798781 20.0006 0)
(0.798781 20.0006 0)
(0.798781 20.0006 0)
(0.798781 20.0006 0)
(0.798781 20.0006 0)
(0.798781 20.0006 0)
(0.798781 20.0006 0)
(0.798781 20.0006 0)
(0.798781 20.0006 0)
(0.798781 20.0006 0)
(0.798781 20.0006 0)
(0.798781 20.0006 0)
(0.798781 20.0006 0)
(0.798781 20.0006 0)
(0.798781 20.0006 0)
(0.798781 20.0006 0)
(0.798781 20.0006 0)
(0.798781 20.0006 0)
(0.798781 20.0006 0)
(0.798781 20.0006 0)
(0.798781 20.0006 0)
(0.798781 20.0006 0)
(0.798781 20.0006 0)
(0.798781 20.0006 0)
(0.798781 20.0006 0)
(0.798781 20.0006 0)
(0.798781 20.0006 0)
(0.798781 20.0006 0)
(0.798781 20.0006 0)
(0.798781 20.0006 0)
(0.798781 20.0006 0)
(0.798781 20.0006 0)
(0.798781 20.0006 0)
(0.798782 20.0006 0)
(0.798782 20.0006 0)
(0.798786 20.0006 0)
(0.798792 20.0006 0)
(0.798818 20.0006 0)
(0.798875 20.0005 0)
(0.7991 20.0004 0)
(0.79969 20.0007 0)
(0.802056 20.0016 0)
(0.654339 19.8334 0)
(0.738309 19.9021 0)
(0.715539 19.9447 0)
(0.751026 19.9713 0)
(0.738502 19.9853 0)
(0.752343 19.9938 0)
(0.746964 19.9973 0)
(0.752098 19.9994 0)
(0.749746 20 0)
(0.751632 20.0004 0)
(0.750635 20.0005 0)
(0.751343 20.0006 0)
(0.750934 20.0006 0)
(0.751206 20.0006 0)
(0.751042 20.0006 0)
(0.751147 20.0006 0)
(0.751082 20.0006 0)
(0.751124 20.0006 0)
(0.751098 20.0006 0)
(0.751114 20.0006 0)
(0.751104 20.0006 0)
(0.751111 20.0006 0)
(0.751107 20.0006 0)
(0.751109 20.0006 0)
(0.751108 20.0006 0)
(0.751109 20.0006 0)
(0.751108 20.0006 0)
(0.751108 20.0006 0)
(0.751108 20.0006 0)
(0.751108 20.0006 0)
(0.751108 20.0006 0)
(0.751108 20.0006 0)
(0.751108 20.0006 0)
(0.751108 20.0006 0)
(0.751108 20.0006 0)
(0.751108 20.0006 0)
(0.751108 20.0006 0)
(0.751108 20.0006 0)
(0.751108 20.0006 0)
(0.751108 20.0006 0)
(0.751108 20.0006 0)
(0.751108 20.0006 0)
(0.751108 20.0006 0)
(0.751108 20.0006 0)
(0.751108 20.0006 0)
(0.751108 20.0006 0)
(0.751108 20.0006 0)
(0.751108 20.0006 0)
(0.751108 20.0006 0)
(0.751108 20.0006 0)
(0.751108 20.0006 0)
(0.751108 20.0006 0)
(0.751108 20.0006 0)
(0.751108 20.0006 0)
(0.751108 20.0006 0)
(0.751108 20.0006 0)
(0.751108 20.0006 0)
(0.751108 20.0006 0)
(0.751108 20.0006 0)
(0.751108 20.0006 0)
(0.751108 20.0006 0)
(0.751108 20.0006 0)
(0.751108 20.0006 0)
(0.751108 20.0006 0)
(0.751108 20.0006 0)
(0.751108 20.0006 0)
(0.751108 20.0006 0)
(0.751108 20.0006 0)
(0.751108 20.0006 0)
(0.751108 20.0006 0)
(0.751108 20.0006 0)
(0.751108 20.0006 0)
(0.751108 20.0006 0)
(0.751108 20.0006 0)
(0.751108 20.0006 0)
(0.751108 20.0006 0)
(0.751108 20.0006 0)
(0.751108 20.0006 0)
(0.751108 20.0006 0)
(0.751108 20.0006 0)
(0.751108 20.0006 0)
(0.751108 20.0006 0)
(0.751108 20.0006 0)
(0.751108 20.0006 0)
(0.751108 20.0006 0)
(0.751108 20.0006 0)
(0.751108 20.0006 0)
(0.751108 20.0006 0)
(0.751108 20.0006 0)
(0.751108 20.0006 0)
(0.751108 20.0006 0)
(0.751109 20.0006 0)
(0.75111 20.0006 0)
(0.751114 20.0006 0)
(0.751122 20.0005 0)
(0.751154 20.0005 0)
(0.751224 20.0005 0)
(0.751508 20.0003 0)
(0.75222 20.0006 0)
(0.755407 20.0012 0)
(0.60676 19.8004 0)
(0.682404 19.8841 0)
(0.664472 19.9352 0)
(0.698361 19.9658 0)
(0.687735 19.9827 0)
(0.701069 19.9923 0)
(0.696404 19.9967 0)
(0.701326 19.999 0)
(0.699237 19.9999 0)
(0.701028 20.0003 0)
(0.700127 20.0005 0)
(0.700793 20.0005 0)
(0.70042 20.0005 0)
(0.700673 20.0005 0)
(0.700523 20.0005 0)
(0.700621 20.0005 0)
(0.700561 20.0005 0)
(0.700599 20.0005 0)
(0.700576 20.0005 0)
(0.700591 20.0005 0)
(0.700581 20.0005 0)
(0.700587 20.0005 0)
(0.700584 20.0005 0)
(0.700586 20.0005 0)
(0.700585 20.0005 0)
(0.700585 20.0005 0)
(0.700585 20.0005 0)
(0.700585 20.0005 0)
(0.700585 20.0005 0)
(0.700585 20.0005 0)
(0.700585 20.0005 0)
(0.700585 20.0005 0)
(0.700585 20.0005 0)
(0.700585 20.0005 0)
(0.700585 20.0005 0)
(0.700585 20.0005 0)
(0.700585 20.0005 0)
(0.700585 20.0005 0)
(0.700585 20.0005 0)
(0.700585 20.0005 0)
(0.700585 20.0005 0)
(0.700585 20.0005 0)
(0.700585 20.0005 0)
(0.700585 20.0005 0)
(0.700585 20.0005 0)
(0.700585 20.0005 0)
(0.700585 20.0005 0)
(0.700585 20.0005 0)
(0.700585 20.0005 0)
(0.700585 20.0005 0)
(0.700585 20.0005 0)
(0.700585 20.0005 0)
(0.700585 20.0005 0)
(0.700585 20.0005 0)
(0.700585 20.0005 0)
(0.700585 20.0005 0)
(0.700585 20.0005 0)
(0.700585 20.0005 0)
(0.700585 20.0005 0)
(0.700585 20.0005 0)
(0.700585 20.0005 0)
(0.700585 20.0005 0)
(0.700585 20.0005 0)
(0.700585 20.0005 0)
(0.700585 20.0005 0)
(0.700585 20.0005 0)
(0.700585 20.0005 0)
(0.700585 20.0005 0)
(0.700585 20.0005 0)
(0.700585 20.0005 0)
(0.700585 20.0005 0)
(0.700585 20.0005 0)
(0.700585 20.0005 0)
(0.700585 20.0005 0)
(0.700585 20.0005 0)
(0.700585 20.0005 0)
(0.700585 20.0005 0)
(0.700585 20.0005 0)
(0.700585 20.0005 0)
(0.700585 20.0005 0)
(0.700585 20.0005 0)
(0.700585 20.0005 0)
(0.700585 20.0005 0)
(0.700585 20.0005 0)
(0.700585 20.0005 0)
(0.700585 20.0005 0)
(0.700585 20.0005 0)
(0.700585 20.0005 0)
(0.700585 20.0005 0)
(0.700585 20.0005 0)
(0.700585 20.0005 0)
(0.700586 20.0005 0)
(0.700587 20.0005 0)
(0.700593 20.0005 0)
(0.700602 20.0005 0)
(0.700639 20.0005 0)
(0.700719 20.0004 0)
(0.701057 20.0003 0)
(0.701874 20.0003 0)
(0.705702 20.0008 0)
(0.559316 19.771 0)
(0.627085 19.867 0)
(0.613097 19.9261 0)
(0.645174 19.9604 0)
(0.63624 19.9801 0)
(0.648972 19.9908 0)
(0.644954 19.9961 0)
(0.649637 19.9986 0)
(0.647792 19.9997 0)
(0.649482 20.0002 0)
(0.648671 20.0004 0)
(0.649294 20.0005 0)
(0.648955 20.0005 0)
(0.649191 20.0005 0)
(0.649054 20.0005 0)
(0.649145 20.0005 0)
(0.64909 20.0005 0)
(0.649125 20.0005 0)
(0.649103 20.0005 0)
(0.649117 20.0005 0)
(0.649109 20.0005 0)
(0.649114 20.0005 0)
(0.649111 20.0005 0)
(0.649113 20.0005 0)
(0.649111 20.0005 0)
(0.649112 20.0005 0)
(0.649112 20.0005 0)
(0.649112 20.0005 0)
(0.649112 20.0005 0)
(0.649112 20.0005 0)
(0.649112 20.0005 0)
(0.649112 20.0005 0)
(0.649112 20.0005 0)
(0.649112 20.0005 0)
(0.649112 20.0005 0)
(0.649112 20.0005 0)
(0.649112 20.0005 0)
(0.649112 20.0005 0)
(0.649112 20.0005 0)
(0.649112 20.0005 0)
(0.649112 20.0005 0)
(0.649112 20.0005 0)
(0.649112 20.0005 0)
(0.649112 20.0005 0)
(0.649112 20.0005 0)
(0.649112 20.0005 0)
(0.649112 20.0005 0)
(0.649112 20.0005 0)
(0.649112 20.0005 0)
(0.649112 20.0005 0)
(0.649112 20.0005 0)
(0.649112 20.0005 0)
(0.649112 20.0005 0)
(0.649112 20.0005 0)
(0.649112 20.0005 0)
(0.649112 20.0005 0)
(0.649112 20.0005 0)
(0.649112 20.0005 0)
(0.649112 20.0005 0)
(0.649112 20.0005 0)
(0.649112 20.0005 0)
(0.649112 20.0005 0)
(0.649112 20.0005 0)
(0.649112 20.0005 0)
(0.649112 20.0005 0)
(0.649112 20.0005 0)
(0.649112 20.0005 0)
(0.649112 20.0005 0)
(0.649112 20.0005 0)
(0.649112 20.0005 0)
(0.649112 20.0005 0)
(0.649112 20.0005 0)
(0.649112 20.0005 0)
(0.649112 20.0005 0)
(0.649112 20.0005 0)
(0.649112 20.0005 0)
(0.649112 20.0005 0)
(0.649112 20.0005 0)
(0.649112 20.0005 0)
(0.649112 20.0005 0)
(0.649112 20.0005 0)
(0.649112 20.0005 0)
(0.649112 20.0005 0)
(0.649112 20.0005 0)
(0.649112 20.0005 0)
(0.649112 20.0005 0)
(0.649112 20.0005 0)
(0.649112 20.0005 0)
(0.649112 20.0005 0)
(0.649112 20.0005 0)
(0.649112 20.0005 0)
(0.649113 20.0005 0)
(0.649114 20.0005 0)
(0.64912 20.0005 0)
(0.649131 20.0005 0)
(0.649172 20.0005 0)
(0.64926 20.0004 0)
(0.649644 20.0002 0)
(0.650544 20.0001 0)
(0.654831 20.0002 0)
(0.51241 19.7447 0)
(0.572809 19.8509 0)
(0.562 19.9175 0)
(0.592085 19.9553 0)
(0.584639 19.9777 0)
(0.596686 19.9893 0)
(0.593247 19.9955 0)
(0.597664 19.9983 0)
(0.596043 19.9996 0)
(0.597626 20.0001 0)
(0.596902 20.0004 0)
(0.597481 20.0004 0)
(0.597175 20.0005 0)
(0.597393 20.0005 0)
(0.597268 20.0005 0)
(0.597352 20.0005 0)
(0.597301 20.0005 0)
(0.597334 20.0005 0)
(0.597314 20.0005 0)
(0.597327 20.0005 0)
(0.597319 20.0005 0)
(0.597324 20.0005 0)
(0.597321 20.0005 0)
(0.597323 20.0005 0)
(0.597322 20.0005 0)
(0.597322 20.0005 0)
(0.597322 20.0005 0)
(0.597322 20.0005 0)
(0.597322 20.0005 0)
(0.597322 20.0005 0)
(0.597322 20.0005 0)
(0.597322 20.0005 0)
(0.597322 20.0005 0)
(0.597322 20.0005 0)
(0.597322 20.0005 0)
(0.597322 20.0005 0)
(0.597322 20.0005 0)
(0.597322 20.0005 0)
(0.597322 20.0005 0)
(0.597322 20.0005 0)
(0.597322 20.0005 0)
(0.597322 20.0005 0)
(0.597322 20.0005 0)
(0.597322 20.0005 0)
(0.597322 20.0005 0)
(0.597322 20.0005 0)
(0.597322 20.0005 0)
(0.597322 20.0005 0)
(0.597322 20.0005 0)
(0.597322 20.0005 0)
(0.597322 20.0005 0)
(0.597322 20.0005 0)
(0.597322 20.0005 0)
(0.597322 20.0005 0)
(0.597322 20.0005 0)
(0.597322 20.0005 0)
(0.597322 20.0005 0)
(0.597322 20.0005 0)
(0.597322 20.0005 0)
(0.597322 20.0005 0)
(0.597322 20.0005 0)
(0.597322 20.0005 0)
(0.597322 20.0005 0)
(0.597322 20.0005 0)
(0.597322 20.0005 0)
(0.597322 20.0005 0)
(0.597322 20.0005 0)
(0.597322 20.0005 0)
(0.597322 20.0005 0)
(0.597322 20.0005 0)
(0.597322 20.0005 0)
(0.597322 20.0005 0)
(0.597322 20.0005 0)
(0.597322 20.0005 0)
(0.597322 20.0005 0)
(0.597322 20.0005 0)
(0.597322 20.0005 0)
(0.597322 20.0005 0)
(0.597322 20.0005 0)
(0.597322 20.0005 0)
(0.597322 20.0005 0)
(0.597322 20.0005 0)
(0.597322 20.0005 0)
(0.597322 20.0005 0)
(0.597322 20.0005 0)
(0.597322 20.0005 0)
(0.597322 20.0005 0)
(0.597322 20.0005 0)
(0.597322 20.0005 0)
(0.597322 20.0005 0)
(0.597322 20.0005 0)
(0.597323 20.0005 0)
(0.597325 20.0005 0)
(0.597331 20.0005 0)
(0.597342 20.0005 0)
(0.597387 20.0004 0)
(0.597481 20.0003 0)
(0.597899 20.0001 0)
(0.598858 19.9998 0)
(0.60343 19.9996 0)
(0.466095 19.7215 0)
(0.519615 19.836 0)
(0.511349 19.9093 0)
(0.539282 19.9504 0)
(0.533132 19.9754 0)
(0.544414 19.9879 0)
(0.541492 19.9949 0)
(0.545618 19.9979 0)
(0.544203 19.9995 0)
(0.545673 20 0)
(0.545029 20.0003 0)
(0.545564 20.0004 0)
(0.545289 20.0005 0)
(0.54549 20.0005 0)
(0.545376 20.0005 0)
(0.545453 20.0005 0)
(0.545408 20.0005 0)
(0.545437 20.0005 0)
(0.545419 20.0005 0)
(0.545431 20.0005 0)
(0.545424 20.0005 0)
(0.545428 20.0005 0)
(0.545425 20.0005 0)
(0.545427 20.0005 0)
(0.545426 20.0005 0)
(0.545427 20.0005 0)
(0.545426 20.0005 0)
(0.545427 20.0005 0)
(0.545427 20.0005 0)
(0.545427 20.0005 0)
(0.545427 20.0005 0)
(0.545427 20.0005 0)
(0.545427 20.0005 0)
(0.545427 20.0005 0)
(0.545427 20.0005 0)
(0.545427 20.0005 0)
(0.545427 20.0005 0)
(0.545427 20.0005 0)
(0.545427 20.0005 0)
(0.545427 20.0005 0)
(0.545427 20.0005 0)
(0.545427 20.0005 0)
(0.545427 20.0005 0)
(0.545427 20.0005 0)
(0.545427 20.0005 0)
(0.545427 20.0005 0)
(0.545427 20.0005 0)
(0.545427 20.0005 0)
(0.545427 20.0005 0)
(0.545427 20.0005 0)
(0.545427 20.0005 0)
(0.545427 20.0005 0)
(0.545427 20.0005 0)
(0.545427 20.0005 0)
(0.545427 20.0005 0)
(0.545427 20.0005 0)
(0.545427 20.0005 0)
(0.545427 20.0005 0)
(0.545427 20.0005 0)
(0.545427 20.0005 0)
(0.545427 20.0005 0)
(0.545427 20.0005 0)
(0.545427 20.0005 0)
(0.545427 20.0005 0)
(0.545427 20.0005 0)
(0.545427 20.0005 0)
(0.545427 20.0005 0)
(0.545427 20.0005 0)
(0.545427 20.0005 0)
(0.545427 20.0005 0)
(0.545427 20.0005 0)
(0.545427 20.0005 0)
(0.545427 20.0005 0)
(0.545427 20.0005 0)
(0.545427 20.0005 0)
(0.545427 20.0005 0)
(0.545427 20.0005 0)
(0.545427 20.0005 0)
(0.545427 20.0005 0)
(0.545427 20.0005 0)
(0.545427 20.0005 0)
(0.545427 20.0005 0)
(0.545427 20.0005 0)
(0.545427 20.0005 0)
(0.545427 20.0005 0)
(0.545427 20.0005 0)
(0.545427 20.0005 0)
(0.545427 20.0005 0)
(0.545427 20.0005 0)
(0.545427 20.0005 0)
(0.545427 20.0005 0)
(0.545428 20.0005 0)
(0.54543 20.0005 0)
(0.545436 20.0005 0)
(0.545448 20.0005 0)
(0.545494 20.0004 0)
(0.545592 20.0003 0)
(0.546033 20 0)
(0.547024 19.9995 0)
(0.551721 19.9989 0)
(0.420319 19.701 0)
(0.467415 19.8223 0)
(0.461165 19.9017 0)
(0.486808 19.9459 0)
(0.481777 19.9732 0)
(0.49222 19.9866 0)
(0.489756 19.9943 0)
(0.493568 19.9975 0)
(0.492341 19.9993 0)
(0.493693 19.9999 0)
(0.493125 20.0003 0)
(0.493614 20.0004 0)
(0.493369 20.0004 0)
(0.493551 20.0004 0)
(0.49345 20.0005 0)
(0.49352 20.0005 0)
(0.493479 20.0005 0)
(0.493506 20.0005 0)
(0.493489 20.0005 0)
(0.4935 20.0005 0)
(0.493494 20.0005 0)
(0.493498 20.0005 0)
(0.493495 20.0005 0)
(0.493497 20.0005 0)
(0.493496 20.0005 0)
(0.493496 20.0005 0)
(0.493496 20.0005 0)
(0.493496 20.0005 0)
(0.493496 20.0005 0)
(0.493496 20.0005 0)
(0.493496 20.0005 0)
(0.493496 20.0005 0)
(0.493496 20.0005 0)
(0.493496 20.0005 0)
(0.493496 20.0005 0)
(0.493496 20.0005 0)
(0.493496 20.0005 0)
(0.493496 20.0005 0)
(0.493496 20.0005 0)
(0.493496 20.0005 0)
(0.493496 20.0005 0)
(0.493496 20.0005 0)
(0.493496 20.0005 0)
(0.493496 20.0005 0)
(0.493496 20.0005 0)
(0.493496 20.0005 0)
(0.493496 20.0005 0)
(0.493496 20.0005 0)
(0.493496 20.0005 0)
(0.493496 20.0005 0)
(0.493496 20.0005 0)
(0.493496 20.0005 0)
(0.493496 20.0005 0)
(0.493496 20.0005 0)
(0.493496 20.0005 0)
(0.493496 20.0005 0)
(0.493496 20.0005 0)
(0.493496 20.0005 0)
(0.493496 20.0005 0)
(0.493496 20.0005 0)
(0.493496 20.0005 0)
(0.493496 20.0005 0)
(0.493496 20.0005 0)
(0.493496 20.0005 0)
(0.493496 20.0005 0)
(0.493496 20.0005 0)
(0.493496 20.0005 0)
(0.493496 20.0005 0)
(0.493496 20.0005 0)
(0.493496 20.0005 0)
(0.493496 20.0005 0)
(0.493496 20.0005 0)
(0.493496 20.0005 0)
(0.493496 20.0005 0)
(0.493496 20.0005 0)
(0.493496 20.0005 0)
(0.493496 20.0005 0)
(0.493496 20.0005 0)
(0.493496 20.0005 0)
(0.493496 20.0005 0)
(0.493496 20.0005 0)
(0.493496 20.0005 0)
(0.493496 20.0005 0)
(0.493496 20.0005 0)
(0.493496 20.0005 0)
(0.493496 20.0005 0)
(0.493496 20.0005 0)
(0.493496 20.0005 0)
(0.493496 20.0005 0)
(0.493496 20.0005 0)
(0.493496 20.0005 0)
(0.493498 20.0005 0)
(0.493499 20.0005 0)
(0.493505 20.0005 0)
(0.493517 20.0004 0)
(0.493564 20.0004 0)
(0.493664 20.0002 0)
(0.494114 19.9999 0)
(0.49511 19.9991 0)
(0.499787 19.9982 0)
(0.375008 19.683 0)
(0.416087 19.81 0)
(0.411425 19.8948 0)
(0.434656 19.9417 0)
(0.430584 19.9711 0)
(0.440119 19.9853 0)
(0.438059 19.9938 0)
(0.441535 19.9972 0)
(0.440481 19.9992 0)
(0.441708 19.9998 0)
(0.441212 20.0003 0)
(0.441654 20.0003 0)
(0.441438 20.0004 0)
(0.441602 20.0004 0)
(0.441512 20.0005 0)
(0.441575 20.0004 0)
(0.441538 20.0005 0)
(0.441562 20.0005 0)
(0.441548 20.0005 0)
(0.441557 20.0005 0)
(0.441552 20.0005 0)
(0.441555 20.0005 0)
(0.441553 20.0005 0)
(0.441554 20.0005 0)
(0.441553 20.0005 0)
(0.441554 20.0005 0)
(0.441554 20.0005 0)
(0.441554 20.0005 0)
(0.441554 20.0005 0)
(0.441554 20.0005 0)
(0.441554 20.0005 0)
(0.441554 20.0005 0)
(0.441554 20.0005 0)
(0.441554 20.0005 0)
(0.441554 20.0005 0)
(0.441554 20.0005 0)
(0.441554 20.0005 0)
(0.441554 20.0005 0)
(0.441554 20.0005 0)
(0.441554 20.0005 0)
(0.441554 20.0005 0)
(0.441554 20.0005 0)
(0.441554 20.0005 0)
(0.441554 20.0005 0)
(0.441554 20.0005 0)
(0.441554 20.0005 0)
(0.441554 20.0005 0)
(0.441554 20.0005 0)
(0.441554 20.0005 0)
(0.441554 20.0005 0)
(0.441554 20.0005 0)
(0.441554 20.0005 0)
(0.441554 20.0005 0)
(0.441554 20.0005 0)
(0.441554 20.0005 0)
(0.441554 20.0005 0)
(0.441554 20.0005 0)
(0.441554 20.0005 0)
(0.441554 20.0005 0)
(0.441554 20.0005 0)
(0.441554 20.0005 0)
(0.441554 20.0005 0)
(0.441554 20.0005 0)
(0.441554 20.0005 0)
(0.441554 20.0005 0)
(0.441554 20.0005 0)
(0.441554 20.0005 0)
(0.441554 20.0005 0)
(0.441554 20.0005 0)
(0.441554 20.0005 0)
(0.441554 20.0005 0)
(0.441554 20.0005 0)
(0.441554 20.0005 0)
(0.441554 20.0005 0)
(0.441554 20.0005 0)
(0.441554 20.0005 0)
(0.441554 20.0005 0)
(0.441554 20.0005 0)
(0.441554 20.0005 0)
(0.441554 20.0005 0)
(0.441554 20.0005 0)
(0.441554 20.0005 0)
(0.441554 20.0005 0)
(0.441554 20.0005 0)
(0.441554 20.0005 0)
(0.441554 20.0005 0)
(0.441554 20.0005 0)
(0.441554 20.0005 0)
(0.441554 20.0005 0)
(0.441554 20.0005 0)
(0.441554 20.0005 0)
(0.441555 20.0005 0)
(0.441557 20.0004 0)
(0.441563 20.0004 0)
(0.441575 20.0004 0)
(0.441621 20.0004 0)
(0.441719 20.0002 0)
(0.442166 19.9998 0)
(0.44314 19.9988 0)
(0.447667 19.9975 0)
(0.330087 19.6674 0)
(0.365512 19.7989 0)
(0.362085 19.8885 0)
(0.382802 19.9378 0)
(0.379544 19.9693 0)
(0.38811 19.9842 0)
(0.386406 19.9933 0)
(0.389525 19.9968 0)
(0.388629 19.9991 0)
(0.389726 19.9997 0)
(0.389298 20.0002 0)
(0.389691 20.0003 0)
(0.389504 20.0004 0)
(0.389649 20.0004 0)
(0.389571 20.0004 0)
(0.389626 20.0004 0)
(0.389594 20.0004 0)
(0.389615 20.0004 0)
(0.389602 20.0004 0)
(0.389611 20.0004 0)
(0.389606 20.0004 0)
(0.389609 20.0004 0)
(0.389607 20.0004 0)
(0.389608 20.0004 0)
(0.389607 20.0004 0)
(0.389608 20.0004 0)
(0.389608 20.0004 0)
(0.389608 20.0004 0)
(0.389608 20.0004 0)
(0.389608 20.0004 0)
(0.389608 20.0004 0)
(0.389608 20.0004 0)
(0.389608 20.0004 0)
(0.389608 20.0004 0)
(0.389608 20.0004 0)
(0.389608 20.0004 0)
(0.389608 20.0004 0)
(0.389608 20.0004 0)
(0.389608 20.0004 0)
(0.389608 20.0004 0)
(0.389608 20.0004 0)
(0.389608 20.0004 0)
(0.389608 20.0004 0)
(0.389608 20.0004 0)
(0.389608 20.0004 0)
(0.389608 20.0004 0)
(0.389608 20.0004 0)
(0.389608 20.0004 0)
(0.389608 20.0004 0)
(0.389608 20.0004 0)
(0.389608 20.0004 0)
(0.389608 20.0004 0)
(0.389608 20.0004 0)
(0.389608 20.0004 0)
(0.389608 20.0004 0)
(0.389608 20.0004 0)
(0.389608 20.0004 0)
(0.389608 20.0004 0)
(0.389608 20.0004 0)
(0.389608 20.0004 0)
(0.389608 20.0004 0)
(0.389608 20.0004 0)
(0.389608 20.0004 0)
(0.389608 20.0004 0)
(0.389608 20.0004 0)
(0.389608 20.0004 0)
(0.389608 20.0004 0)
(0.389608 20.0004 0)
(0.389608 20.0004 0)
(0.389608 20.0004 0)
(0.389608 20.0004 0)
(0.389608 20.0004 0)
(0.389608 20.0004 0)
(0.389608 20.0004 0)
(0.389608 20.0004 0)
(0.389608 20.0004 0)
(0.389608 20.0004 0)
(0.389608 20.0004 0)
(0.389608 20.0004 0)
(0.389608 20.0004 0)
(0.389608 20.0004 0)
(0.389608 20.0004 0)
(0.389608 20.0004 0)
(0.389608 20.0004 0)
(0.389608 20.0004 0)
(0.389608 20.0004 0)
(0.389608 20.0004 0)
(0.389608 20.0004 0)
(0.389608 20.0004 0)
(0.389608 20.0004 0)
(0.389608 20.0004 0)
(0.389609 20.0004 0)
(0.389611 20.0004 0)
(0.389617 20.0004 0)
(0.389628 20.0004 0)
(0.389672 20.0003 0)
(0.389766 20.0001 0)
(0.390197 19.9997 0)
(0.391124 19.9985 0)
(0.395384 19.9968 0)
(0.285491 19.6541 0)
(0.315575 19.7892 0)
(0.3131 19.883 0)
(0.331215 19.9344 0)
(0.328645 19.9676 0)
(0.336184 19.9831 0)
(0.334795 19.9928 0)
(0.337538 19.9966 0)
(0.336787 19.9989 0)
(0.337749 19.9996 0)
(0.337386 20.0002 0)
(0.337729 20.0003 0)
(0.337569 20.0004 0)
(0.337695 20.0004 0)
(0.337628 20.0004 0)
(0.337676 20.0004 0)
(0.337648 20.0004 0)
(0.337667 20.0004 0)
(0.337656 20.0004 0)
(0.337663 20.0004 0)
(0.337659 20.0004 0)
(0.337661 20.0004 0)
(0.33766 20.0004 0)
(0.337661 20.0004 0)
(0.33766 20.0004 0)
(0.337661 20.0004 0)
(0.33766 20.0004 0)
(0.33766 20.0004 0)
(0.33766 20.0004 0)
(0.33766 20.0004 0)
(0.33766 20.0004 0)
(0.33766 20.0004 0)
(0.33766 20.0004 0)
(0.33766 20.0004 0)
(0.33766 20.0004 0)
(0.33766 20.0004 0)
(0.33766 20.0004 0)
(0.33766 20.0004 0)
(0.33766 20.0004 0)
(0.33766 20.0004 0)
(0.33766 20.0004 0)
(0.33766 20.0004 0)
(0.33766 20.0004 0)
(0.33766 20.0004 0)
(0.33766 20.0004 0)
(0.33766 20.0004 0)
(0.33766 20.0004 0)
(0.33766 20.0004 0)
(0.33766 20.0004 0)
(0.33766 20.0004 0)
(0.33766 20.0004 0)
(0.33766 20.0004 0)
(0.33766 20.0004 0)
(0.33766 20.0004 0)
(0.33766 20.0004 0)
(0.33766 20.0004 0)
(0.337661 20.0004 0)
(0.337661 20.0004 0)
(0.33766 20.0004 0)
(0.33766 20.0004 0)
(0.33766 20.0004 0)
(0.33766 20.0004 0)
(0.33766 20.0004 0)
(0.33766 20.0004 0)
(0.33766 20.0004 0)
(0.33766 20.0004 0)
(0.33766 20.0004 0)
(0.33766 20.0004 0)
(0.33766 20.0004 0)
(0.33766 20.0004 0)
(0.33766 20.0004 0)
(0.33766 20.0004 0)
(0.33766 20.0004 0)
(0.33766 20.0004 0)
(0.33766 20.0004 0)
(0.33766 20.0004 0)
(0.33766 20.0004 0)
(0.33766 20.0004 0)
(0.33766 20.0004 0)
(0.33766 20.0004 0)
(0.33766 20.0004 0)
(0.33766 20.0004 0)
(0.33766 20.0004 0)
(0.33766 20.0004 0)
(0.33766 20.0004 0)
(0.33766 20.0004 0)
(0.33766 20.0004 0)
(0.33766 20.0004 0)
(0.33766 20.0004 0)
(0.337661 20.0004 0)
(0.337661 20.0004 0)
(0.337662 20.0004 0)
(0.337663 20.0004 0)
(0.337669 20.0004 0)
(0.337679 20.0004 0)
(0.33772 20.0003 0)
(0.337808 20.0001 0)
(0.33821 19.9996 0)
(0.339066 19.9982 0)
(0.342959 19.9962 0)
(0.241159 19.6429 0)
(0.266171 19.7809 0)
(0.26442 19.8781 0)
(0.279861 19.9315 0)
(0.27787 19.9662 0)
(0.284334 19.9822 0)
(0.283221 19.9924 0)
(0.285572 19.9963 0)
(0.284955 19.9988 0)
(0.285778 19.9996 0)
(0.285475 20.0002 0)
(0.285769 20.0002 0)
(0.285634 20.0004 0)
(0.285742 20.0004 0)
(0.285685 20.0004 0)
(0.285726 20.0004 0)
(0.285703 20.0004 0)
(0.285718 20.0004 0)
(0.285709 20.0004 0)
(0.285715 20.0004 0)
(0.285711 20.0004 0)
(0.285714 20.0004 0)
(0.285712 20.0004 0)
(0.285713 20.0004 0)
(0.285712 20.0004 0)
(0.285713 20.0004 0)
(0.285713 20.0004 0)
(0.285713 20.0004 0)
(0.285713 20.0004 0)
(0.285713 20.0004 0)
(0.285713 20.0004 0)
(0.285713 20.0004 0)
(0.285713 20.0004 0)
(0.285713 20.0004 0)
(0.285713 20.0004 0)
(0.285713 20.0004 0)
(0.285713 20.0004 0)
(0.285713 20.0004 0)
(0.285713 20.0004 0)
(0.285713 20.0004 0)
(0.285713 20.0004 0)
(0.285713 20.0004 0)
(0.285713 20.0004 0)
(0.285713 20.0004 0)
(0.285713 20.0004 0)
(0.285713 20.0004 0)
(0.285713 20.0004 0)
(0.285713 20.0004 0)
(0.285713 20.0004 0)
(0.285713 20.0004 0)
(0.285713 20.0004 0)
(0.285713 20.0004 0)
(0.285713 20.0004 0)
(0.285713 20.0004 0)
(0.285713 20.0004 0)
(0.285713 20.0004 0)
(0.285713 20.0004 0)
(0.285713 20.0004 0)
(0.285713 20.0004 0)
(0.285713 20.0004 0)
(0.285713 20.0004 0)
(0.285713 20.0004 0)
(0.285713 20.0004 0)
(0.285713 20.0004 0)
(0.285713 20.0004 0)
(0.285713 20.0004 0)
(0.285713 20.0004 0)
(0.285713 20.0004 0)
(0.285713 20.0004 0)
(0.285713 20.0004 0)
(0.285713 20.0004 0)
(0.285713 20.0004 0)
(0.285713 20.0004 0)
(0.285713 20.0004 0)
(0.285713 20.0004 0)
(0.285713 20.0004 0)
(0.285713 20.0004 0)
(0.285713 20.0004 0)
(0.285713 20.0004 0)
(0.285713 20.0004 0)
(0.285713 20.0004 0)
(0.285713 20.0004 0)
(0.285713 20.0004 0)
(0.285713 20.0004 0)
(0.285713 20.0004 0)
(0.285713 20.0004 0)
(0.285713 20.0004 0)
(0.285713 20.0004 0)
(0.285713 20.0004 0)
(0.285713 20.0004 0)
(0.285713 20.0004 0)
(0.285714 20.0004 0)
(0.285715 20.0004 0)
(0.28572 20.0004 0)
(0.285729 20.0004 0)
(0.285766 20.0003 0)
(0.285845 20.0001 0)
(0.286206 19.9995 0)
(0.28697 19.9979 0)
(0.290409 19.9956 0)
(0.197041 19.6337 0)
(0.217205 19.774 0)
(0.215997 19.8741 0)
(0.228705 19.929 0)
(0.227201 19.9649 0)
(0.232548 19.9815 0)
(0.23168 19.9921 0)
(0.233624 19.9961 0)
(0.233132 19.9987 0)
(0.233811 19.9995 0)
(0.233567 20.0001 0)
(0.233809 20.0002 0)
(0.2337 20.0004 0)
(0.233788 20.0004 0)
(0.233742 20.0004 0)
(0.233775 20.0004 0)
(0.233757 20.0004 0)
(0.233769 20.0004 0)
(0.233762 20.0004 0)
(0.233767 20.0004 0)
(0.233764 20.0004 0)
(0.233766 20.0004 0)
(0.233764 20.0004 0)
(0.233765 20.0004 0)
(0.233765 20.0004 0)
(0.233765 20.0004 0)
(0.233765 20.0004 0)
(0.233765 20.0004 0)
(0.233765 20.0004 0)
(0.233765 20.0004 0)
(0.233765 20.0004 0)
(0.233765 20.0004 0)
(0.233765 20.0004 0)
(0.233765 20.0004 0)
(0.233765 20.0004 0)
(0.233765 20.0004 0)
(0.233765 20.0004 0)
(0.233765 20.0004 0)
(0.233765 20.0004 0)
(0.233765 20.0004 0)
(0.233765 20.0004 0)
(0.233765 20.0004 0)
(0.233765 20.0004 0)
(0.233765 20.0004 0)
(0.233765 20.0004 0)
(0.233765 20.0004 0)
(0.233765 20.0004 0)
(0.233765 20.0004 0)
(0.233765 20.0004 0)
(0.233765 20.0004 0)
(0.233765 20.0004 0)
(0.233765 20.0004 0)
(0.233765 20.0004 0)
(0.233765 20.0004 0)
(0.233765 20.0004 0)
(0.233765 20.0004 0)
(0.233765 20.0004 0)
(0.233765 20.0004 0)
(0.233765 20.0004 0)
(0.233765 20.0004 0)
(0.233765 20.0004 0)
(0.233765 20.0004 0)
(0.233765 20.0004 0)
(0.233765 20.0004 0)
(0.233765 20.0004 0)
(0.233765 20.0004 0)
(0.233765 20.0004 0)
(0.233765 20.0004 0)
(0.233765 20.0004 0)
(0.233765 20.0004 0)
(0.233765 20.0004 0)
(0.233765 20.0004 0)
(0.233765 20.0004 0)
(0.233765 20.0004 0)
(0.233765 20.0004 0)
(0.233765 20.0004 0)
(0.233765 20.0004 0)
(0.233765 20.0004 0)
(0.233765 20.0004 0)
(0.233765 20.0004 0)
(0.233765 20.0004 0)
(0.233765 20.0004 0)
(0.233765 20.0004 0)
(0.233765 20.0004 0)
(0.233765 20.0004 0)
(0.233765 20.0004 0)
(0.233765 20.0004 0)
(0.233765 20.0004 0)
(0.233765 20.0004 0)
(0.233765 20.0004 0)
(0.233765 20.0004 0)
(0.233766 20.0004 0)
(0.233767 20.0004 0)
(0.233771 20.0004 0)
(0.233779 20.0004 0)
(0.233811 20.0003 0)
(0.233878 20 0)
(0.234189 19.9994 0)
(0.234841 19.9976 0)
(0.237753 19.9951 0)
(0.153089 19.6264 0)
(0.168587 19.7684 0)
(0.167783 19.8708 0)
(0.177713 19.927 0)
(0.17662 19.9639 0)
(0.180815 19.9808 0)
(0.180167 19.9918 0)
(0.181691 19.9959 0)
(0.181317 19.9987 0)
(0.181849 19.9994 0)
(0.181661 20.0001 0)
(0.18185 20.0002 0)
(0.181766 20.0004 0)
(0.181835 20.0004 0)
(0.181799 20.0004 0)
(0.181825 20.0004 0)
(0.181811 20.0004 0)
(0.181821 20.0004 0)
(0.181815 20.0004 0)
(0.181818 20.0004 0)
(0.181816 20.0004 0)
(0.181818 20.0004 0)
(0.181817 20.0004 0)
(0.181817 20.0004 0)
(0.181817 20.0004 0)
(0.181817 20.0004 0)
(0.181817 20.0004 0)
(0.181817 20.0004 0)
(0.181817 20.0004 0)
(0.181817 20.0004 0)
(0.181817 20.0004 0)
(0.181817 20.0004 0)
(0.181817 20.0004 0)
(0.181817 20.0004 0)
(0.181817 20.0004 0)
(0.181817 20.0004 0)
(0.181817 20.0004 0)
(0.181817 20.0004 0)
(0.181817 20.0004 0)
(0.181817 20.0004 0)
(0.181817 20.0004 0)
(0.181817 20.0004 0)
(0.181817 20.0004 0)
(0.181817 20.0004 0)
(0.181817 20.0004 0)
(0.181817 20.0004 0)
(0.181817 20.0004 0)
(0.181817 20.0004 0)
(0.181817 20.0004 0)
(0.181817 20.0004 0)
(0.181817 20.0004 0)
(0.181817 20.0004 0)
(0.181817 20.0004 0)
(0.181817 20.0004 0)
(0.181817 20.0004 0)
(0.181817 20.0004 0)
(0.181817 20.0004 0)
(0.181817 20.0004 0)
(0.181817 20.0004 0)
(0.181817 20.0004 0)
(0.181817 20.0004 0)
(0.181817 20.0004 0)
(0.181817 20.0004 0)
(0.181817 20.0004 0)
(0.181817 20.0004 0)
(0.181817 20.0004 0)
(0.181817 20.0004 0)
(0.181817 20.0004 0)
(0.181817 20.0004 0)
(0.181817 20.0004 0)
(0.181817 20.0004 0)
(0.181817 20.0004 0)
(0.181817 20.0004 0)
(0.181817 20.0004 0)
(0.181817 20.0004 0)
(0.181817 20.0004 0)
(0.181817 20.0004 0)
(0.181817 20.0004 0)
(0.181817 20.0004 0)
(0.181817 20.0004 0)
(0.181817 20.0004 0)
(0.181817 20.0004 0)
(0.181817 20.0004 0)
(0.181817 20.0004 0)
(0.181817 20.0004 0)
(0.181817 20.0004 0)
(0.181817 20.0004 0)
(0.181817 20.0004 0)
(0.181817 20.0004 0)
(0.181817 20.0004 0)
(0.181817 20.0004 0)
(0.181818 20.0004 0)
(0.181819 20.0004 0)
(0.181822 20.0004 0)
(0.181829 20.0003 0)
(0.181854 20.0003 0)
(0.181908 20 0)
(0.18216 19.9994 0)
(0.182684 19.9974 0)
(0.18501 19.9947 0)
(0.109263 19.621 0)
(0.120234 19.7643 0)
(0.119731 19.8684 0)
(0.126847 19.9254 0)
(0.126108 19.9632 0)
(0.129123 19.9804 0)
(0.128675 19.9916 0)
(0.129771 19.9957 0)
(0.129508 19.9986 0)
(0.12989 19.9994 0)
(0.129757 20.0001 0)
(0.129892 20.0002 0)
(0.129832 20.0004 0)
(0.129882 20.0003 0)
(0.129857 20.0004 0)
(0.129875 20.0004 0)
(0.129865 20.0004 0)
(0.129872 20.0004 0)
(0.129868 20.0004 0)
(0.12987 20.0004 0)
(0.129869 20.0004 0)
(0.12987 20.0004 0)
(0.129869 20.0004 0)
(0.129869 20.0004 0)
(0.129869 20.0004 0)
(0.129869 20.0004 0)
(0.129869 20.0004 0)
(0.129869 20.0004 0)
(0.129869 20.0004 0)
(0.129869 20.0004 0)
(0.129869 20.0004 0)
(0.129869 20.0004 0)
(0.129869 20.0004 0)
(0.129869 20.0004 0)
(0.129869 20.0004 0)
(0.129869 20.0004 0)
(0.129869 20.0004 0)
(0.129869 20.0004 0)
(0.129869 20.0004 0)
(0.129869 20.0004 0)
(0.129869 20.0004 0)
(0.129869 20.0004 0)
(0.129869 20.0004 0)
(0.129869 20.0004 0)
(0.129869 20.0004 0)
(0.129869 20.0004 0)
(0.129869 20.0004 0)
(0.129869 20.0004 0)
(0.129869 20.0004 0)
(0.129869 20.0004 0)
(0.129869 20.0004 0)
(0.129869 20.0004 0)
(0.129869 20.0004 0)
(0.129869 20.0004 0)
(0.129869 20.0004 0)
(0.129869 20.0004 0)
(0.129869 20.0004 0)
(0.129869 20.0004 0)
(0.129869 20.0004 0)
(0.129869 20.0004 0)
(0.129869 20.0004 0)
(0.129869 20.0004 0)
(0.129869 20.0004 0)
(0.129869 20.0004 0)
(0.129869 20.0004 0)
(0.129869 20.0004 0)
(0.129869 20.0004 0)
(0.129869 20.0004 0)
(0.129869 20.0004 0)
(0.129869 20.0004 0)
(0.129869 20.0004 0)
(0.129869 20.0004 0)
(0.129869 20.0004 0)
(0.129869 20.0004 0)
(0.129869 20.0004 0)
(0.129869 20.0004 0)
(0.129869 20.0004 0)
(0.129869 20.0004 0)
(0.129869 20.0004 0)
(0.129869 20.0004 0)
(0.129869 20.0004 0)
(0.129869 20.0004 0)
(0.129869 20.0004 0)
(0.129869 20.0004 0)
(0.129869 20.0004 0)
(0.129869 20.0004 0)
(0.129869 20.0004 0)
(0.129869 20.0004 0)
(0.129869 20.0004 0)
(0.129869 20.0004 0)
(0.129869 20.0004 0)
(0.12987 20.0004 0)
(0.129871 20.0004 0)
(0.129873 20.0004 0)
(0.129878 20.0003 0)
(0.129897 20.0002 0)
(0.129936 20 0)
(0.130121 19.9993 0)
(0.130505 19.9973 0)
(0.132199 19.9943 0)
(0.0655237 19.6174 0)
(0.0720673 19.7615 0)
(0.071793 19.8667 0)
(0.076072 19.9244 0)
(0.0756448 19.9627 0)
(0.0774618 19.98 0)
(0.0771987 19.9914 0)
(0.0778588 19.9956 0)
(0.0777029 19.9986 0)
(0.0779329 19.9994 0)
(0.0778538 20.0001 0)
(0.0779351 20.0002 0)
(0.0778993 20.0003 0)
(0.0779291 20.0003 0)
(0.0779139 20.0004 0)
(0.077925 20.0004 0)
(0.0779187 20.0004 0)
(0.077923 20.0004 0)
(0.0779205 20.0004 0)
(0.0779221 20.0004 0)
(0.0779211 20.0004 0)
(0.0779218 20.0004 0)
(0.0779213 20.0004 0)
(0.0779215 20.0004 0)
(0.0779214 20.0004 0)
(0.0779215 20.0004 0)
(0.0779214 20.0004 0)
(0.0779215 20.0004 0)
(0.0779214 20.0004 0)
(0.0779214 20.0004 0)
(0.0779214 20.0004 0)
(0.0779215 20.0004 0)
(0.0779215 20.0004 0)
(0.0779215 20.0004 0)
(0.0779215 20.0004 0)
(0.0779215 20.0004 0)
(0.0779215 20.0004 0)
(0.0779215 20.0004 0)
(0.0779215 20.0004 0)
(0.0779215 20.0004 0)
(0.0779216 20.0004 0)
(0.0779216 20.0004 0)
(0.0779215 20.0004 0)
(0.0779215 20.0004 0)
(0.0779215 20.0004 0)
(0.0779215 20.0004 0)
(0.0779214 20.0004 0)
(0.0779214 20.0004 0)
(0.0779214 20.0004 0)
(0.0779214 20.0004 0)
(0.0779214 20.0004 0)
(0.0779214 20.0004 0)
(0.0779215 20.0004 0)
(0.0779215 20.0004 0)
(0.0779215 20.0004 0)
(0.0779216 20.0004 0)
(0.0779216 20.0004 0)
(0.0779216 20.0004 0)
(0.0779216 20.0004 0)
(0.0779215 20.0004 0)
(0.0779214 20.0004 0)
(0.0779214 20.0004 0)
(0.0779214 20.0004 0)
(0.0779214 20.0004 0)
(0.0779215 20.0004 0)
(0.0779215 20.0004 0)
(0.0779216 20.0004 0)
(0.0779215 20.0004 0)
(0.0779215 20.0004 0)
(0.0779215 20.0004 0)
(0.0779215 20.0004 0)
(0.0779214 20.0004 0)
(0.0779214 20.0004 0)
(0.0779214 20.0004 0)
(0.0779215 20.0004 0)
(0.0779216 20.0004 0)
(0.0779216 20.0004 0)
(0.0779215 20.0004 0)
(0.0779215 20.0004 0)
(0.0779215 20.0004 0)
(0.0779215 20.0004 0)
(0.0779215 20.0004 0)
(0.0779215 20.0004 0)
(0.0779215 20.0004 0)
(0.0779215 20.0004 0)
(0.0779215 20.0004 0)
(0.0779215 20.0004 0)
(0.0779215 20.0004 0)
(0.0779215 20.0004 0)
(0.0779215 20.0004 0)
(0.0779216 20.0004 0)
(0.0779218 20.0004 0)
(0.0779223 20.0004 0)
(0.0779238 20.0004 0)
(0.0779266 20.0003 0)
(0.0779381 20.0002 0)
(0.0779624 20 0)
(0.0780755 19.9993 0)
(0.0783094 19.9972 0)
(0.0793391 19.9941 0)
(0.0218363 19.6157 0)
(0.0240112 19.7601 0)
(0.0239241 19.8659 0)
(0.0253516 19.9239 0)
(0.0252116 19.9624 0)
(0.0258184 19.9799 0)
(0.0257318 19.9914 0)
(0.0259522 19.9956 0)
(0.0259006 19.9986 0)
(0.0259776 19.9993 0)
(0.0259513 20.0001 0)
(0.0259783 20.0002 0)
(0.0259664 20.0003 0)
(0.0259763 20.0003 0)
(0.0259713 20.0004 0)
(0.025975 20.0004 0)
(0.0259729 20.0004 0)
(0.0259743 20.0004 0)
(0.0259734 20.0004 0)
(0.025974 20.0004 0)
(0.0259737 20.0004 0)
(0.0259738 20.0004 0)
(0.0259737 20.0004 0)
(0.0259737 20.0004 0)
(0.0259736 20.0004 0)
(0.0259737 20.0004 0)
(0.0259737 20.0004 0)
(0.0259737 20.0004 0)
(0.0259737 20.0004 0)
(0.0259737 20.0004 0)
(0.0259737 20.0004 0)
(0.0259737 20.0004 0)
(0.0259737 20.0004 0)
(0.0259738 20.0004 0)
(0.0259738 20.0004 0)
(0.0259738 20.0004 0)
(0.0259737 20.0004 0)
(0.0259737 20.0004 0)
(0.0259737 20.0004 0)
(0.0259738 20.0004 0)
(0.0259738 20.0004 0)
(0.0259738 20.0004 0)
(0.0259738 20.0004 0)
(0.0259737 20.0004 0)
(0.0259737 20.0004 0)
(0.0259737 20.0004 0)
(0.0259737 20.0004 0)
(0.0259737 20.0004 0)
(0.0259737 20.0004 0)
(0.0259737 20.0004 0)
(0.0259737 20.0004 0)
(0.0259737 20.0004 0)
(0.0259737 20.0004 0)
(0.0259737 20.0004 0)
(0.0259738 20.0004 0)
(0.0259738 20.0004 0)
(0.0259738 20.0004 0)
(0.0259738 20.0004 0)
(0.0259738 20.0004 0)
(0.0259737 20.0004 0)
(0.0259737 20.0004 0)
(0.0259736 20.0004 0)
(0.0259736 20.0004 0)
(0.0259736 20.0004 0)
(0.0259737 20.0004 0)
(0.0259738 20.0004 0)
(0.0259738 20.0004 0)
(0.0259738 20.0004 0)
(0.0259737 20.0004 0)
(0.0259737 20.0004 0)
(0.0259737 20.0004 0)
(0.0259737 20.0004 0)
(0.0259736 20.0004 0)
(0.0259737 20.0004 0)
(0.0259737 20.0004 0)
(0.0259738 20.0004 0)
(0.0259738 20.0004 0)
(0.0259738 20.0004 0)
(0.0259737 20.0004 0)
(0.0259737 20.0004 0)
(0.0259737 20.0004 0)
(0.0259737 20.0004 0)
(0.0259737 20.0004 0)
(0.0259738 20.0004 0)
(0.0259738 20.0004 0)
(0.0259737 20.0004 0)
(0.0259737 20.0004 0)
(0.0259737 20.0004 0)
(0.0259737 20.0004 0)
(0.0259737 20.0004 0)
(0.0259737 20.0004 0)
(0.0259738 20.0004 0)
(0.025974 20.0004 0)
(0.0259745 20.0004 0)
(0.0259755 20.0003 0)
(0.0259792 20.0002 0)
(0.0259874 19.9999 0)
(0.0260255 19.9993 0)
(0.0261042 19.9971 0)
(0.0264496 19.994 0)
(-0.0218342 19.6157 0)
(-0.0240084 19.7601 0)
(-0.0239219 19.8659 0)
(-0.0253507 19.9239 0)
(-0.0252116 19.9624 0)
(-0.0258189 19.9799 0)
(-0.025732 19.9914 0)
(-0.0259526 19.9956 0)
(-0.0259007 19.9986 0)
(-0.0259772 19.9993 0)
(-0.025951 20.0001 0)
(-0.0259784 20.0002 0)
(-0.0259665 20.0003 0)
(-0.0259764 20.0003 0)
(-0.0259713 20.0004 0)
(-0.0259751 20.0004 0)
(-0.025973 20.0004 0)
(-0.0259745 20.0004 0)
(-0.0259736 20.0004 0)
(-0.0259742 20.0004 0)
(-0.0259738 20.0004 0)
(-0.0259741 20.0004 0)
(-0.025974 20.0004 0)
(-0.0259741 20.0004 0)
(-0.0259741 20.0004 0)
(-0.0259741 20.0004 0)
(-0.025974 20.0004 0)
(-0.0259741 20.0004 0)
(-0.0259741 20.0004 0)
(-0.0259741 20.0004 0)
(-0.0259741 20.0004 0)
(-0.0259741 20.0004 0)
(-0.025974 20.0004 0)
(-0.025974 20.0004 0)
(-0.025974 20.0004 0)
(-0.025974 20.0004 0)
(-0.025974 20.0004 0)
(-0.025974 20.0004 0)
(-0.025974 20.0004 0)
(-0.025974 20.0004 0)
(-0.025974 20.0004 0)
(-0.025974 20.0004 0)
(-0.025974 20.0004 0)
(-0.025974 20.0004 0)
(-0.025974 20.0004 0)
(-0.025974 20.0004 0)
(-0.0259741 20.0004 0)
(-0.0259741 20.0004 0)
(-0.0259741 20.0004 0)
(-0.0259741 20.0004 0)
(-0.0259741 20.0004 0)
(-0.0259741 20.0004 0)
(-0.0259741 20.0004 0)
(-0.025974 20.0004 0)
(-0.025974 20.0004 0)
(-0.025974 20.0004 0)
(-0.0259739 20.0004 0)
(-0.0259739 20.0004 0)
(-0.025974 20.0004 0)
(-0.025974 20.0004 0)
(-0.0259741 20.0004 0)
(-0.0259741 20.0004 0)
(-0.0259741 20.0004 0)
(-0.0259741 20.0004 0)
(-0.025974 20.0004 0)
(-0.025974 20.0004 0)
(-0.0259739 20.0004 0)
(-0.025974 20.0004 0)
(-0.025974 20.0004 0)
(-0.025974 20.0004 0)
(-0.025974 20.0004 0)
(-0.0259741 20.0004 0)
(-0.0259741 20.0004 0)
(-0.0259741 20.0004 0)
(-0.025974 20.0004 0)
(-0.0259739 20.0004 0)
(-0.025974 20.0004 0)
(-0.025974 20.0004 0)
(-0.025974 20.0004 0)
(-0.025974 20.0004 0)
(-0.025974 20.0004 0)
(-0.025974 20.0004 0)
(-0.025974 20.0004 0)
(-0.025974 20.0004 0)
(-0.025974 20.0004 0)
(-0.025974 20.0004 0)
(-0.0259741 20.0004 0)
(-0.0259741 20.0004 0)
(-0.0259741 20.0004 0)
(-0.0259741 20.0004 0)
(-0.0259741 20.0004 0)
(-0.0259742 20.0004 0)
(-0.0259742 20.0004 0)
(-0.0259747 20.0004 0)
(-0.0259758 20.0003 0)
(-0.0259798 20.0002 0)
(-0.025988 19.9999 0)
(-0.026026 19.9993 0)
(-0.0261044 19.9971 0)
(-0.0264497 19.994 0)
(-0.0655217 19.6174 0)
(-0.0720646 19.7615 0)
(-0.0717908 19.8667 0)
(-0.0760711 19.9244 0)
(-0.0756448 19.9627 0)
(-0.0774623 19.98 0)
(-0.0771989 19.9914 0)
(-0.0778591 19.9956 0)
(-0.077703 19.9986 0)
(-0.0779324 19.9994 0)
(-0.0778536 20.0001 0)
(-0.0779351 20.0002 0)
(-0.0778994 20.0003 0)
(-0.0779291 20.0003 0)
(-0.0779139 20.0004 0)
(-0.0779251 20.0004 0)
(-0.0779189 20.0004 0)
(-0.0779232 20.0004 0)
(-0.0779207 20.0004 0)
(-0.0779223 20.0004 0)
(-0.0779213 20.0004 0)
(-0.077922 20.0004 0)
(-0.0779216 20.0004 0)
(-0.0779219 20.0004 0)
(-0.0779218 20.0004 0)
(-0.0779218 20.0004 0)
(-0.0779218 20.0004 0)
(-0.0779218 20.0004 0)
(-0.0779218 20.0004 0)
(-0.0779218 20.0004 0)
(-0.0779218 20.0004 0)
(-0.0779218 20.0004 0)
(-0.0779218 20.0004 0)
(-0.0779217 20.0004 0)
(-0.0779217 20.0004 0)
(-0.0779218 20.0004 0)
(-0.0779218 20.0004 0)
(-0.0779218 20.0004 0)
(-0.0779218 20.0004 0)
(-0.0779217 20.0004 0)
(-0.0779217 20.0004 0)
(-0.0779217 20.0004 0)
(-0.0779217 20.0004 0)
(-0.0779218 20.0004 0)
(-0.0779218 20.0004 0)
(-0.0779218 20.0004 0)
(-0.0779218 20.0004 0)
(-0.0779218 20.0004 0)
(-0.0779218 20.0004 0)
(-0.0779218 20.0004 0)
(-0.0779218 20.0004 0)
(-0.0779218 20.0004 0)
(-0.0779218 20.0004 0)
(-0.0779218 20.0004 0)
(-0.0779217 20.0004 0)
(-0.0779217 20.0004 0)
(-0.0779217 20.0004 0)
(-0.0779217 20.0004 0)
(-0.0779217 20.0004 0)
(-0.0779218 20.0004 0)
(-0.0779218 20.0004 0)
(-0.0779219 20.0004 0)
(-0.0779219 20.0004 0)
(-0.0779219 20.0004 0)
(-0.0779218 20.0004 0)
(-0.0779217 20.0004 0)
(-0.0779217 20.0004 0)
(-0.0779217 20.0004 0)
(-0.0779218 20.0004 0)
(-0.0779218 20.0004 0)
(-0.0779218 20.0004 0)
(-0.0779218 20.0004 0)
(-0.0779219 20.0004 0)
(-0.0779218 20.0004 0)
(-0.0779218 20.0004 0)
(-0.0779217 20.0004 0)
(-0.0779217 20.0004 0)
(-0.0779217 20.0004 0)
(-0.0779218 20.0004 0)
(-0.0779218 20.0004 0)
(-0.0779218 20.0004 0)
(-0.0779218 20.0004 0)
(-0.0779218 20.0004 0)
(-0.0779218 20.0004 0)
(-0.0779217 20.0004 0)
(-0.0779218 20.0004 0)
(-0.0779218 20.0004 0)
(-0.0779218 20.0004 0)
(-0.0779218 20.0004 0)
(-0.0779219 20.0004 0)
(-0.0779219 20.0004 0)
(-0.0779221 20.0004 0)
(-0.0779225 20.0004 0)
(-0.077924 20.0004 0)
(-0.077927 20.0003 0)
(-0.0779386 20.0002 0)
(-0.077963 20 0)
(-0.078076 19.9993 0)
(-0.0783096 19.9972 0)
(-0.0793391 19.9941 0)
(-0.109261 19.621 0)
(-0.120231 19.7643 0)
(-0.119728 19.8684 0)
(-0.126846 19.9254 0)
(-0.126108 19.9632 0)
(-0.129124 19.9804 0)
(-0.128675 19.9916 0)
(-0.129771 19.9957 0)
(-0.129508 19.9986 0)
(-0.129889 19.9994 0)
(-0.129757 20.0001 0)
(-0.129892 20.0002 0)
(-0.129833 20.0004 0)
(-0.129882 20.0003 0)
(-0.129857 20.0004 0)
(-0.129875 20.0004 0)
(-0.129865 20.0004 0)
(-0.129872 20.0004 0)
(-0.129868 20.0004 0)
(-0.12987 20.0004 0)
(-0.129869 20.0004 0)
(-0.12987 20.0004 0)
(-0.129869 20.0004 0)
(-0.12987 20.0004 0)
(-0.129869 20.0004 0)
(-0.12987 20.0004 0)
(-0.12987 20.0004 0)
(-0.12987 20.0004 0)
(-0.12987 20.0004 0)
(-0.12987 20.0004 0)
(-0.12987 20.0004 0)
(-0.12987 20.0004 0)
(-0.12987 20.0004 0)
(-0.12987 20.0004 0)
(-0.12987 20.0004 0)
(-0.12987 20.0004 0)
(-0.12987 20.0004 0)
(-0.12987 20.0004 0)
(-0.12987 20.0004 0)
(-0.12987 20.0004 0)
(-0.12987 20.0004 0)
(-0.12987 20.0004 0)
(-0.12987 20.0004 0)
(-0.12987 20.0004 0)
(-0.12987 20.0004 0)
(-0.12987 20.0004 0)
(-0.12987 20.0004 0)
(-0.12987 20.0004 0)
(-0.12987 20.0004 0)
(-0.12987 20.0004 0)
(-0.12987 20.0004 0)
(-0.12987 20.0004 0)
(-0.12987 20.0004 0)
(-0.12987 20.0004 0)
(-0.12987 20.0004 0)
(-0.129869 20.0004 0)
(-0.129869 20.0004 0)
(-0.129869 20.0004 0)
(-0.129869 20.0004 0)
(-0.12987 20.0004 0)
(-0.12987 20.0004 0)
(-0.12987 20.0004 0)
(-0.12987 20.0004 0)
(-0.12987 20.0004 0)
(-0.12987 20.0004 0)
(-0.129869 20.0004 0)
(-0.129869 20.0004 0)
(-0.12987 20.0004 0)
(-0.12987 20.0004 0)
(-0.12987 20.0004 0)
(-0.12987 20.0004 0)
(-0.12987 20.0004 0)
(-0.12987 20.0004 0)
(-0.12987 20.0004 0)
(-0.12987 20.0004 0)
(-0.129869 20.0004 0)
(-0.129869 20.0004 0)
(-0.12987 20.0004 0)
(-0.12987 20.0004 0)
(-0.12987 20.0004 0)
(-0.12987 20.0004 0)
(-0.12987 20.0004 0)
(-0.12987 20.0004 0)
(-0.12987 20.0004 0)
(-0.12987 20.0004 0)
(-0.12987 20.0004 0)
(-0.12987 20.0004 0)
(-0.12987 20.0004 0)
(-0.12987 20.0004 0)
(-0.12987 20.0004 0)
(-0.12987 20.0004 0)
(-0.12987 20.0004 0)
(-0.129871 20.0004 0)
(-0.129873 20.0004 0)
(-0.129878 20.0003 0)
(-0.129897 20.0002 0)
(-0.129937 20 0)
(-0.130122 19.9993 0)
(-0.130505 19.9973 0)
(-0.132199 19.9943 0)
(-0.153087 19.6264 0)
(-0.168584 19.7684 0)
(-0.167781 19.8708 0)
(-0.177712 19.927 0)
(-0.17662 19.9639 0)
(-0.180815 19.9808 0)
(-0.180167 19.9918 0)
(-0.181691 19.9959 0)
(-0.181317 19.9987 0)
(-0.181848 19.9994 0)
(-0.181661 20.0001 0)
(-0.18185 20.0002 0)
(-0.181766 20.0004 0)
(-0.181835 20.0004 0)
(-0.181799 20.0004 0)
(-0.181825 20.0004 0)
(-0.181811 20.0004 0)
(-0.181821 20.0004 0)
(-0.181815 20.0004 0)
(-0.181819 20.0004 0)
(-0.181816 20.0004 0)
(-0.181818 20.0004 0)
(-0.181817 20.0004 0)
(-0.181818 20.0004 0)
(-0.181817 20.0004 0)
(-0.181817 20.0004 0)
(-0.181817 20.0004 0)
(-0.181817 20.0004 0)
(-0.181817 20.0004 0)
(-0.181817 20.0004 0)
(-0.181817 20.0004 0)
(-0.181817 20.0004 0)
(-0.181817 20.0004 0)
(-0.181817 20.0004 0)
(-0.181817 20.0004 0)
(-0.181817 20.0004 0)
(-0.181817 20.0004 0)
(-0.181817 20.0004 0)
(-0.181817 20.0004 0)
(-0.181817 20.0004 0)
(-0.181817 20.0004 0)
(-0.181817 20.0004 0)
(-0.181817 20.0004 0)
(-0.181817 20.0004 0)
(-0.181817 20.0004 0)
(-0.181817 20.0004 0)
(-0.181817 20.0004 0)
(-0.181817 20.0004 0)
(-0.181817 20.0004 0)
(-0.181817 20.0004 0)
(-0.181817 20.0004 0)
(-0.181817 20.0004 0)
(-0.181817 20.0004 0)
(-0.181817 20.0004 0)
(-0.181817 20.0004 0)
(-0.181817 20.0004 0)
(-0.181817 20.0004 0)
(-0.181817 20.0004 0)
(-0.181817 20.0004 0)
(-0.181817 20.0004 0)
(-0.181817 20.0004 0)
(-0.181817 20.0004 0)
(-0.181817 20.0004 0)
(-0.181817 20.0004 0)
(-0.181817 20.0004 0)
(-0.181817 20.0004 0)
(-0.181817 20.0004 0)
(-0.181817 20.0004 0)
(-0.181817 20.0004 0)
(-0.181817 20.0004 0)
(-0.181817 20.0004 0)
(-0.181817 20.0004 0)
(-0.181817 20.0004 0)
(-0.181817 20.0004 0)
(-0.181817 20.0004 0)
(-0.181817 20.0004 0)
(-0.181817 20.0004 0)
(-0.181817 20.0004 0)
(-0.181817 20.0004 0)
(-0.181817 20.0004 0)
(-0.181817 20.0004 0)
(-0.181817 20.0004 0)
(-0.181817 20.0004 0)
(-0.181817 20.0004 0)
(-0.181817 20.0004 0)
(-0.181817 20.0004 0)
(-0.181817 20.0004 0)
(-0.181817 20.0004 0)
(-0.181817 20.0004 0)
(-0.181818 20.0004 0)
(-0.181818 20.0004 0)
(-0.181818 20.0004 0)
(-0.181819 20.0004 0)
(-0.181822 20.0004 0)
(-0.181829 20.0003 0)
(-0.181855 20.0003 0)
(-0.181909 20 0)
(-0.18216 19.9994 0)
(-0.182684 19.9974 0)
(-0.18501 19.9947 0)
(-0.197039 19.6337 0)
(-0.217202 19.774 0)
(-0.215995 19.8741 0)
(-0.228705 19.929 0)
(-0.227201 19.9649 0)
(-0.232548 19.9815 0)
(-0.23168 19.9921 0)
(-0.233624 19.9961 0)
(-0.233132 19.9987 0)
(-0.233811 19.9995 0)
(-0.233567 20.0001 0)
(-0.233809 20.0002 0)
(-0.2337 20.0004 0)
(-0.233788 20.0004 0)
(-0.233742 20.0004 0)
(-0.233776 20.0004 0)
(-0.233757 20.0004 0)
(-0.233769 20.0004 0)
(-0.233762 20.0004 0)
(-0.233767 20.0004 0)
(-0.233764 20.0004 0)
(-0.233766 20.0004 0)
(-0.233765 20.0004 0)
(-0.233765 20.0004 0)
(-0.233765 20.0004 0)
(-0.233765 20.0004 0)
(-0.233765 20.0004 0)
(-0.233765 20.0004 0)
(-0.233765 20.0004 0)
(-0.233765 20.0004 0)
(-0.233765 20.0004 0)
(-0.233765 20.0004 0)
(-0.233765 20.0004 0)
(-0.233765 20.0004 0)
(-0.233765 20.0004 0)
(-0.233765 20.0004 0)
(-0.233765 20.0004 0)
(-0.233765 20.0004 0)
(-0.233765 20.0004 0)
(-0.233765 20.0004 0)
(-0.233765 20.0004 0)
(-0.233765 20.0004 0)
(-0.233765 20.0004 0)
(-0.233765 20.0004 0)
(-0.233765 20.0004 0)
(-0.233765 20.0004 0)
(-0.233765 20.0004 0)
(-0.233765 20.0004 0)
(-0.233765 20.0004 0)
(-0.233765 20.0004 0)
(-0.233765 20.0004 0)
(-0.233765 20.0004 0)
(-0.233765 20.0004 0)
(-0.233765 20.0004 0)
(-0.233765 20.0004 0)
(-0.233765 20.0004 0)
(-0.233765 20.0004 0)
(-0.233765 20.0004 0)
(-0.233765 20.0004 0)
(-0.233765 20.0004 0)
(-0.233765 20.0004 0)
(-0.233765 20.0004 0)
(-0.233765 20.0004 0)
(-0.233765 20.0004 0)
(-0.233765 20.0004 0)
(-0.233765 20.0004 0)
(-0.233765 20.0004 0)
(-0.233765 20.0004 0)
(-0.233765 20.0004 0)
(-0.233765 20.0004 0)
(-0.233765 20.0004 0)
(-0.233765 20.0004 0)
(-0.233765 20.0004 0)
(-0.233765 20.0004 0)
(-0.233765 20.0004 0)
(-0.233765 20.0004 0)
(-0.233765 20.0004 0)
(-0.233765 20.0004 0)
(-0.233765 20.0004 0)
(-0.233765 20.0004 0)
(-0.233765 20.0004 0)
(-0.233765 20.0004 0)
(-0.233765 20.0004 0)
(-0.233765 20.0004 0)
(-0.233765 20.0004 0)
(-0.233765 20.0004 0)
(-0.233765 20.0004 0)
(-0.233765 20.0004 0)
(-0.233765 20.0004 0)
(-0.233765 20.0004 0)
(-0.233765 20.0004 0)
(-0.233766 20.0004 0)
(-0.233767 20.0004 0)
(-0.233771 20.0004 0)
(-0.233779 20.0004 0)
(-0.233811 20.0003 0)
(-0.233879 20 0)
(-0.23419 19.9994 0)
(-0.234841 19.9976 0)
(-0.237753 19.9951 0)
(-0.241157 19.6429 0)
(-0.266169 19.7809 0)
(-0.264418 19.8781 0)
(-0.27986 19.9315 0)
(-0.27787 19.9662 0)
(-0.284334 19.9822 0)
(-0.283221 19.9924 0)
(-0.285572 19.9963 0)
(-0.284955 19.9988 0)
(-0.285777 19.9996 0)
(-0.285475 20.0002 0)
(-0.285769 20.0002 0)
(-0.285634 20.0004 0)
(-0.285742 20.0004 0)
(-0.285685 20.0004 0)
(-0.285726 20.0004 0)
(-0.285703 20.0004 0)
(-0.285718 20.0004 0)
(-0.285709 20.0004 0)
(-0.285715 20.0004 0)
(-0.285711 20.0004 0)
(-0.285714 20.0004 0)
(-0.285712 20.0004 0)
(-0.285713 20.0004 0)
(-0.285713 20.0004 0)
(-0.285713 20.0004 0)
(-0.285713 20.0004 0)
(-0.285713 20.0004 0)
(-0.285713 20.0004 0)
(-0.285713 20.0004 0)
(-0.285713 20.0004 0)
(-0.285713 20.0004 0)
(-0.285713 20.0004 0)
(-0.285713 20.0004 0)
(-0.285713 20.0004 0)
(-0.285713 20.0004 0)
(-0.285713 20.0004 0)
(-0.285713 20.0004 0)
(-0.285713 20.0004 0)
(-0.285713 20.0004 0)
(-0.285713 20.0004 0)
(-0.285713 20.0004 0)
(-0.285713 20.0004 0)
(-0.285713 20.0004 0)
(-0.285713 20.0004 0)
(-0.285713 20.0004 0)
(-0.285713 20.0004 0)
(-0.285713 20.0004 0)
(-0.285713 20.0004 0)
(-0.285713 20.0004 0)
(-0.285713 20.0004 0)
(-0.285713 20.0004 0)
(-0.285713 20.0004 0)
(-0.285713 20.0004 0)
(-0.285713 20.0004 0)
(-0.285713 20.0004 0)
(-0.285713 20.0004 0)
(-0.285713 20.0004 0)
(-0.285713 20.0004 0)
(-0.285713 20.0004 0)
(-0.285713 20.0004 0)
(-0.285713 20.0004 0)
(-0.285713 20.0004 0)
(-0.285713 20.0004 0)
(-0.285713 20.0004 0)
(-0.285713 20.0004 0)
(-0.285713 20.0004 0)
(-0.285713 20.0004 0)
(-0.285713 20.0004 0)
(-0.285713 20.0004 0)
(-0.285713 20.0004 0)
(-0.285713 20.0004 0)
(-0.285713 20.0004 0)
(-0.285713 20.0004 0)
(-0.285713 20.0004 0)
(-0.285713 20.0004 0)
(-0.285713 20.0004 0)
(-0.285713 20.0004 0)
(-0.285713 20.0004 0)
(-0.285713 20.0004 0)
(-0.285713 20.0004 0)
(-0.285713 20.0004 0)
(-0.285713 20.0004 0)
(-0.285713 20.0004 0)
(-0.285713 20.0004 0)
(-0.285713 20.0004 0)
(-0.285713 20.0004 0)
(-0.285713 20.0004 0)
(-0.285713 20.0004 0)
(-0.285713 20.0004 0)
(-0.285713 20.0004 0)
(-0.285714 20.0004 0)
(-0.285715 20.0004 0)
(-0.28572 20.0004 0)
(-0.28573 20.0004 0)
(-0.285767 20.0003 0)
(-0.285845 20.0001 0)
(-0.286207 19.9995 0)
(-0.28697 19.9979 0)
(-0.290409 19.9956 0)
(-0.285489 19.6541 0)
(-0.315573 19.7892 0)
(-0.313098 19.883 0)
(-0.331214 19.9344 0)
(-0.328645 19.9676 0)
(-0.336184 19.9831 0)
(-0.334794 19.9928 0)
(-0.337538 19.9966 0)
(-0.336787 19.9989 0)
(-0.337749 19.9996 0)
(-0.337385 20.0002 0)
(-0.337729 20.0003 0)
(-0.337569 20.0004 0)
(-0.337695 20.0004 0)
(-0.337628 20.0004 0)
(-0.337676 20.0004 0)
(-0.337649 20.0004 0)
(-0.337667 20.0004 0)
(-0.337656 20.0004 0)
(-0.337663 20.0004 0)
(-0.337659 20.0004 0)
(-0.337662 20.0004 0)
(-0.33766 20.0004 0)
(-0.337661 20.0004 0)
(-0.33766 20.0004 0)
(-0.337661 20.0004 0)
(-0.33766 20.0004 0)
(-0.337661 20.0004 0)
(-0.337661 20.0004 0)
(-0.337661 20.0004 0)
(-0.337661 20.0004 0)
(-0.337661 20.0004 0)
(-0.337661 20.0004 0)
(-0.337661 20.0004 0)
(-0.337661 20.0004 0)
(-0.337661 20.0004 0)
(-0.337661 20.0004 0)
(-0.337661 20.0004 0)
(-0.337661 20.0004 0)
(-0.337661 20.0004 0)
(-0.337661 20.0004 0)
(-0.337661 20.0004 0)
(-0.337661 20.0004 0)
(-0.337661 20.0004 0)
(-0.337661 20.0004 0)
(-0.337661 20.0004 0)
(-0.337661 20.0004 0)
(-0.337661 20.0004 0)
(-0.337661 20.0004 0)
(-0.337661 20.0004 0)
(-0.337661 20.0004 0)
(-0.337661 20.0004 0)
(-0.337661 20.0004 0)
(-0.337661 20.0004 0)
(-0.337661 20.0004 0)
(-0.337661 20.0004 0)
(-0.337661 20.0004 0)
(-0.337661 20.0004 0)
(-0.337661 20.0004 0)
(-0.337661 20.0004 0)
(-0.337661 20.0004 0)
(-0.337661 20.0004 0)
(-0.337661 20.0004 0)
(-0.337661 20.0004 0)
(-0.337661 20.0004 0)
(-0.337661 20.0004 0)
(-0.337661 20.0004 0)
(-0.337661 20.0004 0)
(-0.337661 20.0004 0)
(-0.337661 20.0004 0)
(-0.337661 20.0004 0)
(-0.337661 20.0004 0)
(-0.337661 20.0004 0)
(-0.337661 20.0004 0)
(-0.337661 20.0004 0)
(-0.337661 20.0004 0)
(-0.337661 20.0004 0)
(-0.337661 20.0004 0)
(-0.337661 20.0004 0)
(-0.337661 20.0004 0)
(-0.337661 20.0004 0)
(-0.337661 20.0004 0)
(-0.337661 20.0004 0)
(-0.337661 20.0004 0)
(-0.337661 20.0004 0)
(-0.337661 20.0004 0)
(-0.337661 20.0004 0)
(-0.337661 20.0004 0)
(-0.337661 20.0004 0)
(-0.337661 20.0004 0)
(-0.337661 20.0004 0)
(-0.337662 20.0004 0)
(-0.337663 20.0004 0)
(-0.337669 20.0004 0)
(-0.337679 20.0004 0)
(-0.337721 20.0003 0)
(-0.337808 20.0001 0)
(-0.33821 19.9996 0)
(-0.339066 19.9982 0)
(-0.342959 19.9962 0)
(-0.330086 19.6674 0)
(-0.36551 19.7989 0)
(-0.362084 19.8885 0)
(-0.382801 19.9378 0)
(-0.379544 19.9693 0)
(-0.38811 19.9842 0)
(-0.386406 19.9933 0)
(-0.389525 19.9969 0)
(-0.388629 19.9991 0)
(-0.389726 19.9997 0)
(-0.389298 20.0002 0)
(-0.389691 20.0003 0)
(-0.389504 20.0004 0)
(-0.389649 20.0004 0)
(-0.389571 20.0004 0)
(-0.389626 20.0004 0)
(-0.389594 20.0004 0)
(-0.389615 20.0004 0)
(-0.389603 20.0004 0)
(-0.389611 20.0004 0)
(-0.389606 20.0004 0)
(-0.389609 20.0004 0)
(-0.389607 20.0004 0)
(-0.389608 20.0004 0)
(-0.389608 20.0004 0)
(-0.389608 20.0004 0)
(-0.389608 20.0004 0)
(-0.389608 20.0004 0)
(-0.389608 20.0004 0)
(-0.389608 20.0004 0)
(-0.389608 20.0004 0)
(-0.389608 20.0004 0)
(-0.389608 20.0004 0)
(-0.389608 20.0004 0)
(-0.389608 20.0004 0)
(-0.389608 20.0004 0)
(-0.389608 20.0004 0)
(-0.389608 20.0004 0)
(-0.389608 20.0004 0)
(-0.389608 20.0004 0)
(-0.389608 20.0004 0)
(-0.389608 20.0004 0)
(-0.389608 20.0004 0)
(-0.389608 20.0004 0)
(-0.389608 20.0004 0)
(-0.389608 20.0004 0)
(-0.389608 20.0004 0)
(-0.389608 20.0004 0)
(-0.389608 20.0004 0)
(-0.389608 20.0004 0)
(-0.389608 20.0004 0)
(-0.389608 20.0004 0)
(-0.389608 20.0004 0)
(-0.389608 20.0004 0)
(-0.389608 20.0004 0)
(-0.389608 20.0004 0)
(-0.389608 20.0004 0)
(-0.389608 20.0004 0)
(-0.389608 20.0004 0)
(-0.389608 20.0004 0)
(-0.389608 20.0004 0)
(-0.389608 20.0004 0)
(-0.389608 20.0004 0)
(-0.389608 20.0004 0)
(-0.389608 20.0004 0)
(-0.389608 20.0004 0)
(-0.389608 20.0004 0)
(-0.389608 20.0004 0)
(-0.389608 20.0004 0)
(-0.389608 20.0004 0)
(-0.389608 20.0004 0)
(-0.389608 20.0004 0)
(-0.389608 20.0004 0)
(-0.389608 20.0004 0)
(-0.389608 20.0004 0)
(-0.389608 20.0004 0)
(-0.389608 20.0004 0)
(-0.389608 20.0004 0)
(-0.389608 20.0004 0)
(-0.389608 20.0004 0)
(-0.389608 20.0004 0)
(-0.389608 20.0004 0)
(-0.389608 20.0004 0)
(-0.389608 20.0004 0)
(-0.389608 20.0004 0)
(-0.389608 20.0004 0)
(-0.389608 20.0004 0)
(-0.389608 20.0004 0)
(-0.389608 20.0004 0)
(-0.389608 20.0004 0)
(-0.389608 20.0004 0)
(-0.389609 20.0004 0)
(-0.389611 20.0004 0)
(-0.389617 20.0004 0)
(-0.389628 20.0004 0)
(-0.389672 20.0003 0)
(-0.389766 20.0001 0)
(-0.390197 19.9997 0)
(-0.391124 19.9985 0)
(-0.395384 19.9968 0)
(-0.375007 19.683 0)
(-0.416086 19.8099 0)
(-0.411423 19.8948 0)
(-0.434655 19.9417 0)
(-0.430583 19.9711 0)
(-0.440119 19.9853 0)
(-0.438059 19.9938 0)
(-0.441535 19.9972 0)
(-0.440481 19.9992 0)
(-0.441707 19.9998 0)
(-0.441212 20.0003 0)
(-0.441654 20.0003 0)
(-0.441438 20.0004 0)
(-0.441602 20.0004 0)
(-0.441512 20.0005 0)
(-0.441575 20.0004 0)
(-0.441538 20.0005 0)
(-0.441562 20.0005 0)
(-0.441548 20.0005 0)
(-0.441557 20.0005 0)
(-0.441552 20.0005 0)
(-0.441555 20.0005 0)
(-0.441553 20.0005 0)
(-0.441555 20.0005 0)
(-0.441554 20.0005 0)
(-0.441554 20.0005 0)
(-0.441554 20.0005 0)
(-0.441554 20.0005 0)
(-0.441554 20.0005 0)
(-0.441554 20.0005 0)
(-0.441554 20.0005 0)
(-0.441554 20.0005 0)
(-0.441554 20.0005 0)
(-0.441554 20.0005 0)
(-0.441554 20.0005 0)
(-0.441554 20.0005 0)
(-0.441554 20.0005 0)
(-0.441554 20.0005 0)
(-0.441554 20.0005 0)
(-0.441554 20.0005 0)
(-0.441554 20.0005 0)
(-0.441554 20.0005 0)
(-0.441554 20.0005 0)
(-0.441554 20.0005 0)
(-0.441554 20.0005 0)
(-0.441554 20.0005 0)
(-0.441554 20.0005 0)
(-0.441554 20.0005 0)
(-0.441554 20.0005 0)
(-0.441554 20.0005 0)
(-0.441554 20.0005 0)
(-0.441554 20.0005 0)
(-0.441554 20.0005 0)
(-0.441554 20.0005 0)
(-0.441554 20.0005 0)
(-0.441554 20.0005 0)
(-0.441554 20.0005 0)
(-0.441554 20.0005 0)
(-0.441554 20.0005 0)
(-0.441554 20.0005 0)
(-0.441554 20.0005 0)
(-0.441554 20.0005 0)
(-0.441554 20.0005 0)
(-0.441554 20.0005 0)
(-0.441554 20.0005 0)
(-0.441554 20.0005 0)
(-0.441554 20.0005 0)
(-0.441554 20.0005 0)
(-0.441554 20.0005 0)
(-0.441554 20.0005 0)
(-0.441554 20.0005 0)
(-0.441554 20.0005 0)
(-0.441554 20.0005 0)
(-0.441554 20.0005 0)
(-0.441554 20.0005 0)
(-0.441554 20.0005 0)
(-0.441554 20.0005 0)
(-0.441554 20.0005 0)
(-0.441554 20.0005 0)
(-0.441554 20.0005 0)
(-0.441554 20.0005 0)
(-0.441554 20.0005 0)
(-0.441554 20.0005 0)
(-0.441554 20.0005 0)
(-0.441554 20.0005 0)
(-0.441554 20.0005 0)
(-0.441554 20.0005 0)
(-0.441554 20.0005 0)
(-0.441554 20.0005 0)
(-0.441554 20.0005 0)
(-0.441554 20.0005 0)
(-0.441555 20.0005 0)
(-0.441557 20.0004 0)
(-0.441563 20.0004 0)
(-0.441575 20.0004 0)
(-0.441621 20.0004 0)
(-0.441719 20.0002 0)
(-0.442167 19.9998 0)
(-0.44314 19.9988 0)
(-0.447667 19.9975 0)
(-0.420318 19.701 0)
(-0.467413 19.8223 0)
(-0.461164 19.9017 0)
(-0.486807 19.9459 0)
(-0.481777 19.9732 0)
(-0.49222 19.9866 0)
(-0.489755 19.9943 0)
(-0.493568 19.9975 0)
(-0.492341 19.9993 0)
(-0.493692 19.9999 0)
(-0.493125 20.0003 0)
(-0.493614 20.0004 0)
(-0.493369 20.0004 0)
(-0.493551 20.0004 0)
(-0.49345 20.0005 0)
(-0.49352 20.0005 0)
(-0.493479 20.0005 0)
(-0.493506 20.0005 0)
(-0.49349 20.0005 0)
(-0.4935 20.0005 0)
(-0.493494 20.0005 0)
(-0.493498 20.0005 0)
(-0.493495 20.0005 0)
(-0.493497 20.0005 0)
(-0.493496 20.0005 0)
(-0.493496 20.0005 0)
(-0.493496 20.0005 0)
(-0.493496 20.0005 0)
(-0.493496 20.0005 0)
(-0.493496 20.0005 0)
(-0.493496 20.0005 0)
(-0.493496 20.0005 0)
(-0.493496 20.0005 0)
(-0.493496 20.0005 0)
(-0.493496 20.0005 0)
(-0.493496 20.0005 0)
(-0.493496 20.0005 0)
(-0.493496 20.0005 0)
(-0.493496 20.0005 0)
(-0.493496 20.0005 0)
(-0.493496 20.0005 0)
(-0.493496 20.0005 0)
(-0.493496 20.0005 0)
(-0.493496 20.0005 0)
(-0.493496 20.0005 0)
(-0.493496 20.0005 0)
(-0.493496 20.0005 0)
(-0.493496 20.0005 0)
(-0.493496 20.0005 0)
(-0.493496 20.0005 0)
(-0.493496 20.0005 0)
(-0.493496 20.0005 0)
(-0.493496 20.0005 0)
(-0.493496 20.0005 0)
(-0.493496 20.0005 0)
(-0.493496 20.0005 0)
(-0.493496 20.0005 0)
(-0.493496 20.0005 0)
(-0.493496 20.0005 0)
(-0.493496 20.0005 0)
(-0.493496 20.0005 0)
(-0.493496 20.0005 0)
(-0.493496 20.0005 0)
(-0.493496 20.0005 0)
(-0.493496 20.0005 0)
(-0.493496 20.0005 0)
(-0.493496 20.0005 0)
(-0.493496 20.0005 0)
(-0.493496 20.0005 0)
(-0.493496 20.0005 0)
(-0.493496 20.0005 0)
(-0.493496 20.0005 0)
(-0.493496 20.0005 0)
(-0.493496 20.0005 0)
(-0.493496 20.0005 0)
(-0.493496 20.0005 0)
(-0.493496 20.0005 0)
(-0.493496 20.0005 0)
(-0.493496 20.0005 0)
(-0.493496 20.0005 0)
(-0.493496 20.0005 0)
(-0.493496 20.0005 0)
(-0.493496 20.0005 0)
(-0.493496 20.0005 0)
(-0.493496 20.0005 0)
(-0.493496 20.0005 0)
(-0.493496 20.0005 0)
(-0.493496 20.0005 0)
(-0.493496 20.0005 0)
(-0.493496 20.0005 0)
(-0.493497 20.0005 0)
(-0.493498 20.0005 0)
(-0.493499 20.0005 0)
(-0.493505 20.0005 0)
(-0.493517 20.0004 0)
(-0.493564 20.0004 0)
(-0.493664 20.0002 0)
(-0.494114 19.9999 0)
(-0.49511 19.9991 0)
(-0.499787 19.9982 0)
(-0.466094 19.7215 0)
(-0.519614 19.836 0)
(-0.511348 19.9093 0)
(-0.539281 19.9504 0)
(-0.533132 19.9754 0)
(-0.544414 19.9879 0)
(-0.541491 19.9949 0)
(-0.545618 19.9979 0)
(-0.544203 19.9995 0)
(-0.545673 20 0)
(-0.545029 20.0003 0)
(-0.545564 20.0004 0)
(-0.545289 20.0005 0)
(-0.545489 20.0005 0)
(-0.545376 20.0005 0)
(-0.545453 20.0005 0)
(-0.545408 20.0005 0)
(-0.545437 20.0005 0)
(-0.545419 20.0005 0)
(-0.545431 20.0005 0)
(-0.545424 20.0005 0)
(-0.545428 20.0005 0)
(-0.545426 20.0005 0)
(-0.545427 20.0005 0)
(-0.545426 20.0005 0)
(-0.545427 20.0005 0)
(-0.545426 20.0005 0)
(-0.545427 20.0005 0)
(-0.545427 20.0005 0)
(-0.545427 20.0005 0)
(-0.545427 20.0005 0)
(-0.545427 20.0005 0)
(-0.545427 20.0005 0)
(-0.545427 20.0005 0)
(-0.545427 20.0005 0)
(-0.545427 20.0005 0)
(-0.545427 20.0005 0)
(-0.545427 20.0005 0)
(-0.545427 20.0005 0)
(-0.545427 20.0005 0)
(-0.545427 20.0005 0)
(-0.545427 20.0005 0)
(-0.545427 20.0005 0)
(-0.545427 20.0005 0)
(-0.545427 20.0005 0)
(-0.545427 20.0005 0)
(-0.545427 20.0005 0)
(-0.545427 20.0005 0)
(-0.545427 20.0005 0)
(-0.545427 20.0005 0)
(-0.545427 20.0005 0)
(-0.545427 20.0005 0)
(-0.545427 20.0005 0)
(-0.545427 20.0005 0)
(-0.545427 20.0005 0)
(-0.545427 20.0005 0)
(-0.545427 20.0005 0)
(-0.545427 20.0005 0)
(-0.545427 20.0005 0)
(-0.545427 20.0005 0)
(-0.545427 20.0005 0)
(-0.545427 20.0005 0)
(-0.545427 20.0005 0)
(-0.545427 20.0005 0)
(-0.545427 20.0005 0)
(-0.545427 20.0005 0)
(-0.545427 20.0005 0)
(-0.545427 20.0005 0)
(-0.545427 20.0005 0)
(-0.545427 20.0005 0)
(-0.545427 20.0005 0)
(-0.545427 20.0005 0)
(-0.545427 20.0005 0)
(-0.545427 20.0005 0)
(-0.545427 20.0005 0)
(-0.545427 20.0005 0)
(-0.545427 20.0005 0)
(-0.545427 20.0005 0)
(-0.545427 20.0005 0)
(-0.545427 20.0005 0)
(-0.545427 20.0005 0)
(-0.545427 20.0005 0)
(-0.545427 20.0005 0)
(-0.545427 20.0005 0)
(-0.545427 20.0005 0)
(-0.545427 20.0005 0)
(-0.545427 20.0005 0)
(-0.545427 20.0005 0)
(-0.545427 20.0005 0)
(-0.545427 20.0005 0)
(-0.545427 20.0005 0)
(-0.545428 20.0005 0)
(-0.54543 20.0005 0)
(-0.545436 20.0005 0)
(-0.545448 20.0005 0)
(-0.545494 20.0004 0)
(-0.545592 20.0003 0)
(-0.546033 20 0)
(-0.547024 19.9995 0)
(-0.551721 19.9989 0)
(-0.512409 19.7447 0)
(-0.572809 19.8509 0)
(-0.561999 19.9175 0)
(-0.592084 19.9553 0)
(-0.584638 19.9777 0)
(-0.596685 19.9893 0)
(-0.593246 19.9955 0)
(-0.597664 19.9983 0)
(-0.596043 19.9996 0)
(-0.597626 20.0001 0)
(-0.596901 20.0004 0)
(-0.597481 20.0004 0)
(-0.597175 20.0005 0)
(-0.597393 20.0005 0)
(-0.597268 20.0005 0)
(-0.597352 20.0005 0)
(-0.597301 20.0005 0)
(-0.597334 20.0005 0)
(-0.597314 20.0005 0)
(-0.597327 20.0005 0)
(-0.597319 20.0005 0)
(-0.597324 20.0005 0)
(-0.597321 20.0005 0)
(-0.597323 20.0005 0)
(-0.597322 20.0005 0)
(-0.597322 20.0005 0)
(-0.597322 20.0005 0)
(-0.597322 20.0005 0)
(-0.597322 20.0005 0)
(-0.597322 20.0005 0)
(-0.597322 20.0005 0)
(-0.597322 20.0005 0)
(-0.597322 20.0005 0)
(-0.597322 20.0005 0)
(-0.597322 20.0005 0)
(-0.597322 20.0005 0)
(-0.597322 20.0005 0)
(-0.597322 20.0005 0)
(-0.597322 20.0005 0)
(-0.597322 20.0005 0)
(-0.597322 20.0005 0)
(-0.597322 20.0005 0)
(-0.597322 20.0005 0)
(-0.597322 20.0005 0)
(-0.597322 20.0005 0)
(-0.597322 20.0005 0)
(-0.597322 20.0005 0)
(-0.597322 20.0005 0)
(-0.597322 20.0005 0)
(-0.597322 20.0005 0)
(-0.597322 20.0005 0)
(-0.597322 20.0005 0)
(-0.597322 20.0005 0)
(-0.597322 20.0005 0)
(-0.597322 20.0005 0)
(-0.597322 20.0005 0)
(-0.597322 20.0005 0)
(-0.597322 20.0005 0)
(-0.597322 20.0005 0)
(-0.597322 20.0005 0)
(-0.597322 20.0005 0)
(-0.597322 20.0005 0)
(-0.597322 20.0005 0)
(-0.597322 20.0005 0)
(-0.597322 20.0005 0)
(-0.597322 20.0005 0)
(-0.597322 20.0005 0)
(-0.597322 20.0005 0)
(-0.597322 20.0005 0)
(-0.597322 20.0005 0)
(-0.597322 20.0005 0)
(-0.597322 20.0005 0)
(-0.597322 20.0005 0)
(-0.597322 20.0005 0)
(-0.597322 20.0005 0)
(-0.597322 20.0005 0)
(-0.597322 20.0005 0)
(-0.597322 20.0005 0)
(-0.597322 20.0005 0)
(-0.597322 20.0005 0)
(-0.597322 20.0005 0)
(-0.597322 20.0005 0)
(-0.597322 20.0005 0)
(-0.597322 20.0005 0)
(-0.597322 20.0005 0)
(-0.597322 20.0005 0)
(-0.597322 20.0005 0)
(-0.597322 20.0005 0)
(-0.597322 20.0005 0)
(-0.597322 20.0005 0)
(-0.597322 20.0005 0)
(-0.597323 20.0005 0)
(-0.597325 20.0005 0)
(-0.597331 20.0005 0)
(-0.597342 20.0005 0)
(-0.597387 20.0004 0)
(-0.597481 20.0003 0)
(-0.597899 20.0001 0)
(-0.598858 19.9998 0)
(-0.60343 19.9996 0)
(-0.559315 19.771 0)
(-0.627085 19.867 0)
(-0.613096 19.9261 0)
(-0.645173 19.9604 0)
(-0.636239 19.9801 0)
(-0.648971 19.9908 0)
(-0.644953 19.9961 0)
(-0.649636 19.9986 0)
(-0.647791 19.9997 0)
(-0.649481 20.0002 0)
(-0.648671 20.0004 0)
(-0.649294 20.0005 0)
(-0.648955 20.0005 0)
(-0.649191 20.0005 0)
(-0.649053 20.0005 0)
(-0.649145 20.0005 0)
(-0.649089 20.0005 0)
(-0.649125 20.0005 0)
(-0.649103 20.0005 0)
(-0.649117 20.0005 0)
(-0.649108 20.0005 0)
(-0.649114 20.0005 0)
(-0.649111 20.0005 0)
(-0.649113 20.0005 0)
(-0.649111 20.0005 0)
(-0.649112 20.0005 0)
(-0.649112 20.0005 0)
(-0.649112 20.0005 0)
(-0.649112 20.0005 0)
(-0.649112 20.0005 0)
(-0.649112 20.0005 0)
(-0.649112 20.0005 0)
(-0.649112 20.0005 0)
(-0.649112 20.0005 0)
(-0.649112 20.0005 0)
(-0.649112 20.0005 0)
(-0.649112 20.0005 0)
(-0.649112 20.0005 0)
(-0.649112 20.0005 0)
(-0.649112 20.0005 0)
(-0.649112 20.0005 0)
(-0.649112 20.0005 0)
(-0.649112 20.0005 0)
(-0.649112 20.0005 0)
(-0.649112 20.0005 0)
(-0.649112 20.0005 0)
(-0.649112 20.0005 0)
(-0.649112 20.0005 0)
(-0.649112 20.0005 0)
(-0.649112 20.0005 0)
(-0.649112 20.0005 0)
(-0.649112 20.0005 0)
(-0.649112 20.0005 0)
(-0.649112 20.0005 0)
(-0.649112 20.0005 0)
(-0.649112 20.0005 0)
(-0.649112 20.0005 0)
(-0.649112 20.0005 0)
(-0.649112 20.0005 0)
(-0.649112 20.0005 0)
(-0.649112 20.0005 0)
(-0.649112 20.0005 0)
(-0.649112 20.0005 0)
(-0.649112 20.0005 0)
(-0.649112 20.0005 0)
(-0.649112 20.0005 0)
(-0.649112 20.0005 0)
(-0.649112 20.0005 0)
(-0.649112 20.0005 0)
(-0.649112 20.0005 0)
(-0.649112 20.0005 0)
(-0.649112 20.0005 0)
(-0.649112 20.0005 0)
(-0.649112 20.0005 0)
(-0.649112 20.0005 0)
(-0.649112 20.0005 0)
(-0.649112 20.0005 0)
(-0.649112 20.0005 0)
(-0.649112 20.0005 0)
(-0.649112 20.0005 0)
(-0.649112 20.0005 0)
(-0.649112 20.0005 0)
(-0.649112 20.0005 0)
(-0.649112 20.0005 0)
(-0.649112 20.0005 0)
(-0.649112 20.0005 0)
(-0.649112 20.0005 0)
(-0.649112 20.0005 0)
(-0.649112 20.0005 0)
(-0.649112 20.0005 0)
(-0.649112 20.0005 0)
(-0.649113 20.0005 0)
(-0.649114 20.0005 0)
(-0.64912 20.0005 0)
(-0.649131 20.0005 0)
(-0.649172 20.0005 0)
(-0.64926 20.0004 0)
(-0.649644 20.0002 0)
(-0.650544 20.0001 0)
(-0.65483 20.0002 0)
(-0.606759 19.8004 0)
(-0.682404 19.8841 0)
(-0.664471 19.9352 0)
(-0.69836 19.9658 0)
(-0.687734 19.9827 0)
(-0.701067 19.9923 0)
(-0.696403 19.9967 0)
(-0.701325 19.999 0)
(-0.699237 19.9999 0)
(-0.701028 20.0003 0)
(-0.700127 20.0005 0)
(-0.700793 20.0005 0)
(-0.700419 20.0005 0)
(-0.700673 20.0005 0)
(-0.700523 20.0005 0)
(-0.700621 20.0005 0)
(-0.700561 20.0005 0)
(-0.700599 20.0005 0)
(-0.700576 20.0005 0)
(-0.700591 20.0005 0)
(-0.700581 20.0005 0)
(-0.700587 20.0005 0)
(-0.700584 20.0005 0)
(-0.700586 20.0005 0)
(-0.700584 20.0005 0)
(-0.700585 20.0005 0)
(-0.700585 20.0005 0)
(-0.700585 20.0005 0)
(-0.700585 20.0005 0)
(-0.700585 20.0005 0)
(-0.700585 20.0005 0)
(-0.700585 20.0005 0)
(-0.700585 20.0005 0)
(-0.700585 20.0005 0)
(-0.700585 20.0005 0)
(-0.700585 20.0005 0)
(-0.700585 20.0005 0)
(-0.700585 20.0005 0)
(-0.700585 20.0005 0)
(-0.700585 20.0005 0)
(-0.700585 20.0005 0)
(-0.700585 20.0005 0)
(-0.700585 20.0005 0)
(-0.700585 20.0005 0)
(-0.700585 20.0005 0)
(-0.700585 20.0005 0)
(-0.700585 20.0005 0)
(-0.700585 20.0005 0)
(-0.700585 20.0005 0)
(-0.700585 20.0005 0)
(-0.700585 20.0005 0)
(-0.700585 20.0005 0)
(-0.700585 20.0005 0)
(-0.700585 20.0005 0)
(-0.700585 20.0005 0)
(-0.700585 20.0005 0)
(-0.700585 20.0005 0)
(-0.700585 20.0005 0)
(-0.700585 20.0005 0)
(-0.700585 20.0005 0)
(-0.700585 20.0005 0)
(-0.700585 20.0005 0)
(-0.700585 20.0005 0)
(-0.700585 20.0005 0)
(-0.700585 20.0005 0)
(-0.700585 20.0005 0)
(-0.700585 20.0005 0)
(-0.700585 20.0005 0)
(-0.700585 20.0005 0)
(-0.700585 20.0005 0)
(-0.700585 20.0005 0)
(-0.700585 20.0005 0)
(-0.700585 20.0005 0)
(-0.700585 20.0005 0)
(-0.700585 20.0005 0)
(-0.700585 20.0005 0)
(-0.700585 20.0005 0)
(-0.700585 20.0005 0)
(-0.700585 20.0005 0)
(-0.700585 20.0005 0)
(-0.700585 20.0005 0)
(-0.700585 20.0005 0)
(-0.700585 20.0005 0)
(-0.700585 20.0005 0)
(-0.700585 20.0005 0)
(-0.700585 20.0005 0)
(-0.700585 20.0005 0)
(-0.700585 20.0005 0)
(-0.700585 20.0005 0)
(-0.700585 20.0005 0)
(-0.700585 20.0005 0)
(-0.700586 20.0005 0)
(-0.700587 20.0005 0)
(-0.700592 20.0005 0)
(-0.700602 20.0005 0)
(-0.700639 20.0005 0)
(-0.700719 20.0004 0)
(-0.701057 20.0003 0)
(-0.701874 20.0003 0)
(-0.705702 20.0008 0)
(-0.654339 19.8334 0)
(-0.738309 19.9021 0)
(-0.715538 19.9447 0)
(-0.751025 19.9713 0)
(-0.7385 19.9853 0)
(-0.752342 19.9938 0)
(-0.746963 19.9973 0)
(-0.752097 19.9994 0)
(-0.749746 20 0)
(-0.751632 20.0004 0)
(-0.750635 20.0005 0)
(-0.751343 20.0006 0)
(-0.750934 20.0006 0)
(-0.751206 20.0006 0)
(-0.751042 20.0006 0)
(-0.751147 20.0006 0)
(-0.751082 20.0006 0)
(-0.751124 20.0006 0)
(-0.751098 20.0006 0)
(-0.751114 20.0006 0)
(-0.751104 20.0006 0)
(-0.75111 20.0006 0)
(-0.751106 20.0006 0)
(-0.751109 20.0006 0)
(-0.751107 20.0006 0)
(-0.751108 20.0006 0)
(-0.751108 20.0006 0)
(-0.751108 20.0006 0)
(-0.751108 20.0006 0)
(-0.751108 20.0006 0)
(-0.751108 20.0006 0)
(-0.751108 20.0006 0)
(-0.751108 20.0006 0)
(-0.751108 20.0006 0)
(-0.751108 20.0006 0)
(-0.751108 20.0006 0)
(-0.751108 20.0006 0)
(-0.751108 20.0006 0)
(-0.751108 20.0006 0)
(-0.751108 20.0006 0)
(-0.751108 20.0006 0)
(-0.751108 20.0006 0)
(-0.751108 20.0006 0)
(-0.751108 20.0006 0)
(-0.751108 20.0006 0)
(-0.751108 20.0006 0)
(-0.751108 20.0006 0)
(-0.751108 20.0006 0)
(-0.751108 20.0006 0)
(-0.751108 20.0006 0)
(-0.751108 20.0006 0)
(-0.751108 20.0006 0)
(-0.751108 20.0006 0)
(-0.751108 20.0006 0)
(-0.751108 20.0006 0)
(-0.751108 20.0006 0)
(-0.751108 20.0006 0)
(-0.751108 20.0006 0)
(-0.751108 20.0006 0)
(-0.751108 20.0006 0)
(-0.751108 20.0006 0)
(-0.751108 20.0006 0)
(-0.751108 20.0006 0)
(-0.751108 20.0006 0)
(-0.751108 20.0006 0)
(-0.751108 20.0006 0)
(-0.751108 20.0006 0)
(-0.751108 20.0006 0)
(-0.751108 20.0006 0)
(-0.751108 20.0006 0)
(-0.751108 20.0006 0)
(-0.751108 20.0006 0)
(-0.751108 20.0006 0)
(-0.751108 20.0006 0)
(-0.751108 20.0006 0)
(-0.751108 20.0006 0)
(-0.751108 20.0006 0)
(-0.751108 20.0006 0)
(-0.751108 20.0006 0)
(-0.751108 20.0006 0)
(-0.751108 20.0006 0)
(-0.751108 20.0006 0)
(-0.751108 20.0006 0)
(-0.751108 20.0006 0)
(-0.751108 20.0006 0)
(-0.751108 20.0006 0)
(-0.751108 20.0006 0)
(-0.751108 20.0006 0)
(-0.751108 20.0006 0)
(-0.751108 20.0006 0)
(-0.751108 20.0006 0)
(-0.751109 20.0006 0)
(-0.75111 20.0006 0)
(-0.751114 20.0006 0)
(-0.751122 20.0005 0)
(-0.751154 20.0005 0)
(-0.751224 20.0005 0)
(-0.751508 20.0003 0)
(-0.75222 20.0006 0)
(-0.755407 20.0012 0)
(-0.700547 19.87 0)
(-0.793035 19.9208 0)
(-0.764452 19.9545 0)
(-0.801255 19.9769 0)
(-0.786654 19.988 0)
(-0.800888 19.9952 0)
(-0.794739 19.9979 0)
(-0.800048 19.9998 0)
(-0.79742 20.0002 0)
(-0.799391 20.0005 0)
(-0.798296 20.0005 0)
(-0.799043 20.0006 0)
(-0.798599 20.0006 0)
(-0.798888 20.0006 0)
(-0.798711 20.0006 0)
(-0.798823 20.0006 0)
(-0.798753 20.0006 0)
(-0.798798 20.0006 0)
(-0.79877 20.0006 0)
(-0.798787 20.0006 0)
(-0.798776 20.0006 0)
(-0.798783 20.0006 0)
(-0.798779 20.0006 0)
(-0.798782 20.0006 0)
(-0.79878 20.0006 0)
(-0.798781 20.0006 0)
(-0.79878 20.0006 0)
(-0.798781 20.0006 0)
(-0.798781 20.0006 0)
(-0.798781 20.0006 0)
(-0.798781 20.0006 0)
(-0.798781 20.0006 0)
(-0.798781 20.0006 0)
(-0.798781 20.0006 0)
(-0.798781 20.0006 0)
(-0.798781 20.0006 0)
(-0.798781 20.0006 0)
(-0.798781 20.0006 0)
(-0.798781 20.0006 0)
(-0.798781 20.0006 0)
(-0.798781 20.0006 0)
(-0.798781 20.0006 0)
(-0.798781 20.0006 0)
(-0.798781 20.0006 0)
(-0.798781 20.0006 0)
(-0.798781 20.0006 0)
(-0.798781 20.0006 0)
(-0.798781 20.0006 0)
(-0.798781 20.0006 0)
(-0.798781 20.0006 0)
(-0.798781 20.0006 0)
(-0.798781 20.0006 0)
(-0.798781 20.0006 0)
(-0.798781 20.0006 0)
(-0.798781 20.0006 0)
(-0.798781 20.0006 0)
(-0.798781 20.0006 0)
(-0.798781 20.0006 0)
(-0.798781 20.0006 0)
(-0.798781 20.0006 0)
(-0.798781 20.0006 0)
(-0.798781 20.0006 0)
(-0.798781 20.0006 0)
(-0.798781 20.0006 0)
(-0.798781 20.0006 0)
(-0.798781 20.0006 0)
(-0.798781 20.0006 0)
(-0.798781 20.0006 0)
(-0.798781 20.0006 0)
(-0.798781 20.0006 0)
(-0.798781 20.0006 0)
(-0.798781 20.0006 0)
(-0.798781 20.0006 0)
(-0.798781 20.0006 0)
(-0.798781 20.0006 0)
(-0.798781 20.0006 0)
(-0.798781 20.0006 0)
(-0.798781 20.0006 0)
(-0.798781 20.0006 0)
(-0.798781 20.0006 0)
(-0.798781 20.0006 0)
(-0.798781 20.0006 0)
(-0.798781 20.0006 0)
(-0.798781 20.0006 0)
(-0.798781 20.0006 0)
(-0.798781 20.0006 0)
(-0.798781 20.0006 0)
(-0.798781 20.0006 0)
(-0.798781 20.0006 0)
(-0.798781 20.0006 0)
(-0.798781 20.0006 0)
(-0.798781 20.0006 0)
(-0.798782 20.0006 0)
(-0.798786 20.0006 0)
(-0.798792 20.0006 0)
(-0.798818 20.0006 0)
(-0.798875 20.0005 0)
(-0.7991 20.0004 0)
(-0.799689 20.0007 0)
(-0.802056 20.0016 0)
(-0.740499 19.9108 0)
(-0.840864 19.94 0)
(-0.805624 19.9646 0)
(-0.843265 19.9827 0)
(-0.826532 19.9908 0)
(-0.840973 19.9968 0)
(-0.834043 19.9987 0)
(-0.839464 20.0002 0)
(-0.836563 20.0004 0)
(-0.838601 20.0007 0)
(-0.837412 20.0007 0)
(-0.838192 20.0008 0)
(-0.837715 20.0007 0)
(-0.838018 20.0008 0)
(-0.837829 20.0007 0)
(-0.837948 20.0008 0)
(-0.837873 20.0007 0)
(-0.83792 20.0008 0)
(-0.837891 20.0008 0)
(-0.837909 20.0008 0)
(-0.837898 20.0008 0)
(-0.837905 20.0008 0)
(-0.8379 20.0008 0)
(-0.837903 20.0008 0)
(-0.837902 20.0008 0)
(-0.837903 20.0008 0)
(-0.837902 20.0008 0)
(-0.837902 20.0008 0)
(-0.837902 20.0008 0)
(-0.837902 20.0008 0)
(-0.837902 20.0008 0)
(-0.837902 20.0008 0)
(-0.837902 20.0008 0)
(-0.837902 20.0008 0)
(-0.837902 20.0008 0)
(-0.837902 20.0008 0)
(-0.837902 20.0008 0)
(-0.837902 20.0008 0)
(-0.837902 20.0008 0)
(-0.837902 20.0008 0)
(-0.837902 20.0008 0)
(-0.837902 20.0008 0)
(-0.837902 20.0008 0)
(-0.837902 20.0008 0)
(-0.837902 20.0008 0)
(-0.837902 20.0008 0)
(-0.837902 20.0008 0)
(-0.837902 20.0008 0)
(-0.837902 20.0008 0)
(-0.837902 20.0008 0)
(-0.837902 20.0008 0)
(-0.837902 20.0008 0)
(-0.837902 20.0008 0)
(-0.837902 20.0008 0)
(-0.837902 20.0008 0)
(-0.837902 20.0008 0)
(-0.837902 20.0008 0)
(-0.837902 20.0008 0)
(-0.837902 20.0008 0)
(-0.837902 20.0008 0)
(-0.837902 20.0008 0)
(-0.837902 20.0008 0)
(-0.837902 20.0008 0)
(-0.837902 20.0008 0)
(-0.837902 20.0008 0)
(-0.837902 20.0008 0)
(-0.837902 20.0008 0)
(-0.837902 20.0008 0)
(-0.837902 20.0008 0)
(-0.837902 20.0008 0)
(-0.837902 20.0008 0)
(-0.837902 20.0008 0)
(-0.837902 20.0008 0)
(-0.837902 20.0008 0)
(-0.837902 20.0008 0)
(-0.837902 20.0008 0)
(-0.837902 20.0008 0)
(-0.837902 20.0008 0)
(-0.837902 20.0008 0)
(-0.837902 20.0008 0)
(-0.837902 20.0008 0)
(-0.837902 20.0008 0)
(-0.837902 20.0008 0)
(-0.837902 20.0008 0)
(-0.837902 20.0008 0)
(-0.837902 20.0008 0)
(-0.837902 20.0008 0)
(-0.837902 20.0008 0)
(-0.837902 20.0008 0)
(-0.837902 20.0008 0)
(-0.837902 20.0008 0)
(-0.837903 20.0008 0)
(-0.837903 20.0008 0)
(-0.837906 20.0008 0)
(-0.83791 20.0007 0)
(-0.837929 20.0007 0)
(-0.837973 20.0007 0)
(-0.838135 20.0006 0)
(-0.838592 20.001 0)
(-0.839999 20.0018 0)
(-0.759066 19.9555 0)
(-0.864153 19.9594 0)
(-0.822264 19.975 0)
(-0.859647 19.9886 0)
(-0.841139 19.9939 0)
(-0.855372 19.9985 0)
(-0.847814 19.9996 0)
(-0.853196 20.0008 0)
(-0.850091 20.0008 0)
(-0.85214 20.0011 0)
(-0.850886 20.0011 0)
(-0.851679 20.0011 0)
(-0.851181 20.0011 0)
(-0.851492 20.0011 0)
(-0.851296 20.0011 0)
(-0.851418 20.0011 0)
(-0.851341 20.0011 0)
(-0.851389 20.0011 0)
(-0.851359 20.0011 0)
(-0.851378 20.0011 0)
(-0.851366 20.0011 0)
(-0.851373 20.0011 0)
(-0.851369 20.0011 0)
(-0.851371 20.0011 0)
(-0.85137 20.0011 0)
(-0.851371 20.0011 0)
(-0.85137 20.0011 0)
(-0.85137 20.0011 0)
(-0.85137 20.0011 0)
(-0.85137 20.0011 0)
(-0.85137 20.0011 0)
(-0.85137 20.0011 0)
(-0.85137 20.0011 0)
(-0.85137 20.0011 0)
(-0.85137 20.0011 0)
(-0.85137 20.0011 0)
(-0.85137 20.0011 0)
(-0.85137 20.0011 0)
(-0.85137 20.0011 0)
(-0.85137 20.0011 0)
(-0.85137 20.0011 0)
(-0.85137 20.0011 0)
(-0.85137 20.0011 0)
(-0.85137 20.0011 0)
(-0.85137 20.0011 0)
(-0.85137 20.0011 0)
(-0.85137 20.0011 0)
(-0.85137 20.0011 0)
(-0.85137 20.0011 0)
(-0.85137 20.0011 0)
(-0.85137 20.0011 0)
(-0.85137 20.0011 0)
(-0.85137 20.0011 0)
(-0.85137 20.0011 0)
(-0.85137 20.0011 0)
(-0.85137 20.0011 0)
(-0.85137 20.0011 0)
(-0.85137 20.0011 0)
(-0.85137 20.0011 0)
(-0.85137 20.0011 0)
(-0.85137 20.0011 0)
(-0.85137 20.0011 0)
(-0.85137 20.0011 0)
(-0.85137 20.0011 0)
(-0.85137 20.0011 0)
(-0.85137 20.0011 0)
(-0.85137 20.0011 0)
(-0.85137 20.0011 0)
(-0.85137 20.0011 0)
(-0.85137 20.0011 0)
(-0.85137 20.0011 0)
(-0.85137 20.0011 0)
(-0.85137 20.0011 0)
(-0.85137 20.0011 0)
(-0.85137 20.0011 0)
(-0.85137 20.0011 0)
(-0.85137 20.0011 0)
(-0.85137 20.0011 0)
(-0.85137 20.0011 0)
(-0.85137 20.0011 0)
(-0.85137 20.0011 0)
(-0.85137 20.0011 0)
(-0.85137 20.0011 0)
(-0.85137 20.0011 0)
(-0.85137 20.0011 0)
(-0.85137 20.0011 0)
(-0.85137 20.0011 0)
(-0.85137 20.0011 0)
(-0.85137 20.0011 0)
(-0.85137 20.0011 0)
(-0.85137 20.0011 0)
(-0.851371 20.0011 0)
(-0.85137 20.0011 0)
(-0.851372 20.0011 0)
(-0.851374 20.0011 0)
(-0.851387 20.0011 0)
(-0.851416 20.0011 0)
(-0.851517 20.001 0)
(-0.851841 20.0013 0)
(-0.852278 20.0021 0)
(-0.709932 19.9979 0)
(-0.80924 19.9776 0)
(-0.764052 19.9853 0)
(-0.798108 19.994 0)
(-0.779513 19.9968 0)
(-0.792389 19.9998 0)
(-0.784881 20.0002 0)
(-0.789788 20.0011 0)
(-0.786754 20.001 0)
(-0.788647 20.0012 0)
(-0.787438 20.0011 0)
(-0.788179 20.0012 0)
(-0.787703 20.0012 0)
(-0.787995 20.0012 0)
(-0.787809 20.0012 0)
(-0.787924 20.0012 0)
(-0.787851 20.0012 0)
(-0.787896 20.0012 0)
(-0.787867 20.0012 0)
(-0.787885 20.0012 0)
(-0.787874 20.0012 0)
(-0.787881 20.0012 0)
(-0.787877 20.0012 0)
(-0.787879 20.0012 0)
(-0.787878 20.0012 0)
(-0.787879 20.0012 0)
(-0.787878 20.0012 0)
(-0.787879 20.0012 0)
(-0.787878 20.0012 0)
(-0.787878 20.0012 0)
(-0.787878 20.0012 0)
(-0.787878 20.0012 0)
(-0.787878 20.0012 0)
(-0.787878 20.0012 0)
(-0.787878 20.0012 0)
(-0.787878 20.0012 0)
(-0.787878 20.0012 0)
(-0.787878 20.0012 0)
(-0.787878 20.0012 0)
(-0.787878 20.0012 0)
(-0.787878 20.0012 0)
(-0.787878 20.0012 0)
(-0.787878 20.0012 0)
(-0.787878 20.0012 0)
(-0.787878 20.0012 0)
(-0.787878 20.0012 0)
(-0.787878 20.0012 0)
(-0.787878 20.0012 0)
(-0.787878 20.0012 0)
(-0.787878 20.0012 0)
(-0.787878 20.0012 0)
(-0.787878 20.0012 0)
(-0.787878 20.0012 0)
(-0.787878 20.0012 0)
(-0.787878 20.0012 0)
(-0.787878 20.0012 0)
(-0.787878 20.0012 0)
(-0.787878 20.0012 0)
(-0.787878 20.0012 0)
(-0.787878 20.0012 0)
(-0.787878 20.0012 0)
(-0.787878 20.0012 0)
(-0.787878 20.0012 0)
(-0.787878 20.0012 0)
(-0.787878 20.0012 0)
(-0.787878 20.0012 0)
(-0.787878 20.0012 0)
(-0.787878 20.0012 0)
(-0.787878 20.0012 0)
(-0.787878 20.0012 0)
(-0.787878 20.0012 0)
(-0.787878 20.0012 0)
(-0.787878 20.0012 0)
(-0.787878 20.0012 0)
(-0.787878 20.0012 0)
(-0.787878 20.0012 0)
(-0.787878 20.0012 0)
(-0.787878 20.0012 0)
(-0.787878 20.0012 0)
(-0.787878 20.0012 0)
(-0.787878 20.0012 0)
(-0.787878 20.0012 0)
(-0.787878 20.0012 0)
(-0.787878 20.0012 0)
(-0.787878 20.0012 0)
(-0.787878 20.0012 0)
(-0.787878 20.0012 0)
(-0.787878 20.0012 0)
(-0.787878 20.0012 0)
(-0.787878 20.0012 0)
(-0.787878 20.0012 0)
(-0.787879 20.0012 0)
(-0.787878 20.0012 0)
(-0.787879 20.0012 0)
(-0.787878 20.0012 0)
(-0.787884 20.0012 0)
(-0.7879 20.0012 0)
(-0.787945 20.0011 0)
(-0.788146 20.0013 0)
(-0.78789 20.0018 0)
(-0.451404 20.0159 0)
(-0.513543 19.9928 0)
(-0.480281 19.9946 0)
(-0.501589 19.9977 0)
(-0.488858 19.9985 0)
(-0.496863 19.9996 0)
(-0.491773 19.9997 0)
(-0.494852 20 0)
(-0.492824 19.9999 0)
(-0.494027 20 0)
(-0.49323 20 0)
(-0.493706 20 0)
(-0.493394 20 0)
(-0.493583 20 0)
(-0.493461 20 0)
(-0.493536 20 0)
(-0.493488 20 0)
(-0.493518 20 0)
(-0.493499 20 0)
(-0.493511 20 0)
(-0.493503 20 0)
(-0.493508 20 0)
(-0.493505 20 0)
(-0.493507 20 0)
(-0.493506 20 0)
(-0.493507 20 0)
(-0.493506 20 0)
(-0.493506 20 0)
(-0.493506 20 0)
(-0.493506 20 0)
(-0.493506 20 0)
(-0.493506 20 0)
(-0.493506 20 0)
(-0.493506 20 0)
(-0.493506 20 0)
(-0.493506 20 0)
(-0.493506 20 0)
(-0.493506 20 0)
(-0.493506 20 0)
(-0.493506 20 0)
(-0.493506 20 0)
(-0.493506 20 0)
(-0.493506 20 0)
(-0.493506 20 0)
(-0.493506 20 0)
(-0.493506 20 0)
(-0.493506 20 0)
(-0.493506 20 0)
(-0.493506 20 0)
(-0.493506 20 0)
(-0.493506 20 0)
(-0.493506 20 0)
(-0.493506 20 0)
(-0.493506 20 0)
(-0.493506 20 0)
(-0.493506 20 0)
(-0.493506 20 0)
(-0.493506 20 0)
(-0.493506 20 0)
(-0.493506 20 0)
(-0.493506 20 0)
(-0.493506 20 0)
(-0.493506 20 0)
(-0.493506 20 0)
(-0.493506 20 0)
(-0.493506 20 0)
(-0.493506 20 0)
(-0.493506 20 0)
(-0.493506 20 0)
(-0.493506 20 0)
(-0.493506 20 0)
(-0.493506 20 0)
(-0.493506 20 0)
(-0.493506 20 0)
(-0.493506 20 0)
(-0.493506 20 0)
(-0.493506 20 0)
(-0.493506 20 0)
(-0.493506 20 0)
(-0.493506 20 0)
(-0.493506 20 0)
(-0.493506 20 0)
(-0.493506 20 0)
(-0.493506 20 0)
(-0.493506 20 0)
(-0.493506 20 0)
(-0.493506 20 0)
(-0.493506 20 0)
(-0.493506 20 0)
(-0.493506 20 0)
(-0.493506 20 0)
(-0.493506 20 0)
(-0.493506 20 0)
(-0.493506 20 0)
(-0.493504 20 0)
(-0.493505 20 0)
(-0.493508 20 0)
(-0.493512 20 0)
(-0.493595 20.0001 0)
(-0.49327 20.0002 0)
)
;

boundaryField
{
    inlet
    {
        type            zeroGradient;
    }
    outlet
    {
        type            zeroGradient;
    }
    lowerWall
    {
        type            fixedValue;
        value           uniform (0 20 0);
    }
    upperWall
    {
        type            fixedValue;
        value           uniform (0 20 0);
    }
    frontAndBack
    {
        type            empty;
    }
}


// ************************************************************************* //
