/*--------------------------------*- C++ -*----------------------------------*\
| =========                 |                                                 |
| \\      /  F ield         | OpenFOAM: The Open Source CFD Toolbox           |
|  \\    /   O peration     | Version:  v1906                                 |
|   \\  /    A nd           | Web:      www.OpenFOAM.com                      |
|    \\/     M anipulation  |                                                 |
\*---------------------------------------------------------------------------*/
FoamFile
{
    version     2.0;
    format      ascii;
    class       surfaceScalarField;
    location    "0.5";
    object      phi;
}
// * * * * * * * * * * * * * * * * * * * * * * * * * * * * * * * * * * * * * //

dimensions      [0 3 -1 0 0 0 0];
oriented        oriented;


internalField   nonuniform List<scalar> 
7860
(
0.00283464
0.00216536
0.00262142
0.00021321
0.0026088
1.26205e-05
0.00260604
2.77019e-06
0.00260851
-2.46996e-06
0.00260701
1.49719e-06
0.0026057
1.30832e-06
0.00260394
1.76118e-06
0.00260255
1.38453e-06
0.00260134
1.21316e-06
0.00260039
9.52719e-07
0.00259962
7.67867e-07
0.00259902
5.93699e-07
0.00259857
4.57175e-07
0.00259823
3.39879e-07
0.00259798
2.49383e-07
0.0025978
1.81234e-07
0.00259767
1.28318e-07
0.00259758
8.67154e-08
0.00259752
5.96173e-08
0.00259748
4.16741e-08
0.00259745
2.82566e-08
0.00259743
1.73756e-08
0.00259742
1.1359e-08
0.00259741
7.4134e-09
0.00259741
5.32045e-09
0.00259741
3.54254e-09
0.0025974
2.15535e-09
0.0025974
1.00559e-09
0.0025974
8.00292e-10
0.0025974
8.74067e-10
0.0025974
7.13983e-10
0.0025974
6.89544e-11
0.0025974
2.902e-10
0.0025974
1.88067e-10
0.0025974
4.36523e-11
0.0025974
1.48048e-10
0.0025974
3.20366e-10
0.0025974
1.87108e-10
0.0025974
-8.16428e-11
0.0025974
-2.3464e-10
0.0025974
5.06284e-10
0.0025974
9.18957e-11
0.0025974
-1.57618e-10
0.0025974
-2.71201e-10
0.0025974
1.5794e-10
0.0025974
2.67814e-11
0.0025974
-1.84079e-10
0.0025974
-2.23029e-10
0.0025974
-2.0482e-12
0.0025974
1.29888e-12
0.0025974
1.12327e-10
0.0025974
-9.00288e-11
0.0025974
2.15771e-11
0.0025974
-2.58555e-11
0.0025974
2.53724e-10
0.0025974
1.87872e-10
0.0025974
1.50433e-10
0.0025974
-1.31456e-10
0.0025974
1.46318e-10
0.0025974
2.36377e-10
0.0025974
1.91996e-10
0.0025974
4.05069e-12
0.0025974
-3.75307e-12
0.0025974
5.72331e-11
0.0025974
6.12419e-11
0.0025974
-7.77958e-11
0.0025974
-1.73668e-10
0.0025974
-8.43905e-11
0.0025974
2.00544e-11
0.0025974
3.40358e-11
0.0025974
-7.38432e-11
0.0025974
-4.68278e-11
0.0025974
3.99368e-11
0.0025974
-8.68114e-11
0.0025974
9.30828e-13
0.0025974
-6.04068e-11
0.0025974
-3.59661e-11
0.0025974
-2.17869e-11
0.0025974
8.70313e-11
0.0025974
1.1707e-10
0.0025974
2.64518e-10
0.0025974
4.74338e-10
0.0025974
7.85298e-10
0.00259739
1.21269e-09
0.00259739
1.88678e-09
0.00259739
3.05614e-09
0.00259738
4.95309e-09
0.00259738
7.5829e-09
0.00259737
1.15038e-08
0.00259735
1.709e-08
0.00259733
2.39902e-08
0.00259729
3.18796e-08
0.00259726
3.66011e-08
0.00259722
3.37813e-08
0.0025972
2.46159e-08
0.00259709
1.06287e-07
0.00259639
7.04002e-07
0.00259377
2.61637e-06
-1.17777e-06
0.00456827
0.00259709
0.00437572
0.000405769
0.00434651
4.18258e-05
0.00434238
6.89965e-06
0.00434504
-5.13028e-06
0.00434319
3.34446e-06
0.00434127
3.23025e-06
0.00433879
4.24307e-06
0.00433675
3.41842e-06
0.00433497
2.99211e-06
0.00433355
2.37188e-06
0.0043324
1.91619e-06
0.00433151
1.48946e-06
0.00433081
1.14989e-06
0.00433029
8.62576e-07
0.00432991
6.36555e-07
0.00432963
4.59121e-07
0.00432943
3.26449e-07
0.00432929
2.26861e-07
0.00432919
1.56625e-07
0.00432913
1.06549e-07
0.00432908
7.10361e-08
0.00432905
4.56727e-08
0.00432903
3.0776e-08
0.00432902
2.04914e-08
0.00432901
1.40167e-08
0.00432901
8.61464e-09
0.00432901
5.06525e-09
0.004329
3.18941e-09
0.004329
2.50344e-09
0.004329
1.89981e-09
0.004329
1.65064e-09
0.004329
7.02099e-10
0.004329
9.25714e-10
0.004329
6.71674e-10
0.004329
3.09388e-10
0.004329
3.0975e-11
0.004329
3.66617e-10
0.004329
3.20916e-10
0.004329
1.69737e-10
0.004329
-2.54513e-10
0.004329
5.97947e-10
0.004329
1.58031e-10
0.004329
1.31559e-10
0.004329
-3.4606e-10
0.004329
-8.81977e-11
0.004329
-3.77869e-10
0.004329
-5.2555e-10
0.004329
-6.11775e-10
0.004329
-1.65126e-10
0.004329
-4.06222e-10
0.004329
-1.4268e-10
0.004329
-1.20707e-10
0.004329
2.56489e-10
0.004329
-1.02031e-10
0.004329
2.59542e-10
0.004329
1.85076e-10
0.004329
3.79914e-10
0.004329
-8.7698e-11
0.004329
2.19645e-10
0.004329
2.94549e-10
0.004329
4.38445e-10
0.004329
1.54583e-10
0.004329
1.72384e-10
0.004329
3.70092e-11
0.004329
1.0493e-10
0.004329
-1.45926e-10
0.004329
-1.40578e-10
0.004329
-2.36409e-10
0.004329
-6.9605e-11
0.004329
-1.16812e-10
0.004329
-5.53697e-11
0.004329
-1.8475e-10
0.004329
-1.39271e-11
0.004329
-2.14822e-10
0.004329
1.46396e-11
0.004329
-1.37807e-10
0.004329
-5.35169e-11
0.004329
-6.51758e-11
0.004329
2.32103e-10
0.004329
3.42127e-10
0.004329
7.32573e-10
0.00432899
1.14416e-09
0.00432899
2.0134e-09
0.00432899
3.13673e-09
0.00432899
5.02622e-09
0.00432898
7.92759e-09
0.00432898
1.27173e-08
0.00432896
1.95684e-08
0.00432895
2.95272e-08
0.00432892
4.35433e-08
0.00432888
6.12147e-08
0.00432883
8.23667e-08
0.00432877
9.82819e-08
0.0043287
1.06064e-07
0.00432861
1.16508e-07
0.00432828
4.29164e-07
0.00432694
2.04798e-06
0.00432234
7.21629e-06
7.93996e-06
0.00507266
0.00252443
0.00495578
0.000522652
0.00492272
7.48809e-05
0.00492014
9.48125e-06
0.00492166
-6.64663e-06
0.00492023
4.78194e-06
0.00491828
5.17792e-06
0.00491594
6.58015e-06
0.00491394
5.4197e-06
0.00491221
4.72859e-06
0.0049108
3.77881e-06
0.00490966
3.05788e-06
0.00490876
2.38877e-06
0.00490807
1.8474e-06
0.00490754
1.39276e-06
0.00490714
1.0324e-06
0.00490685
7.45599e-07
0.00490665
5.31069e-07
0.0049065
3.72458e-07
0.0049064
2.5796e-07
0.00490633
1.74887e-07
0.00490629
1.16409e-07
0.00490626
7.5967e-08
0.00490624
5.12315e-08
0.00490622
3.36903e-08
0.00490621
2.23041e-08
0.00490621
1.36925e-08
0.00490621
8.21323e-09
0.0049062
5.50756e-09
0.0049062
4.14082e-09
0.0049062
2.76088e-09
0.0049062
2.35185e-09
0.0049062
1.34223e-09
0.0049062
1.41703e-09
0.0049062
9.02328e-10
0.0049062
3.683e-10
0.0049062
-1.31517e-10
0.0049062
2.56301e-10
0.0049062
2.66502e-10
0.0049062
3.74201e-10
0.0049062
-1.06276e-10
0.0049062
6.14225e-10
0.0049062
1.65111e-10
0.0049062
2.51352e-10
0.0049062
-3.90369e-10
0.0049062
-3.38808e-10
0.0049062
-7.38956e-10
0.0049062
-8.31144e-10
0.0049062
-1.03488e-09
0.0049062
-3.77404e-10
0.0049062
-6.27647e-10
0.0049062
-3.34057e-10
0.0049062
-2.74187e-10
0.0049062
3.24676e-10
0.0049062
-1.41196e-10
0.0049062
1.96415e-10
0.0049062
1.42067e-11
0.0049062
3.98517e-10
0.0049062
-3.39342e-11
0.0049062
3.34418e-10
0.0049062
3.81029e-10
0.0049062
6.33259e-10
0.0049062
3.0848e-10
0.0049062
3.71567e-10
0.0049062
3.46854e-11
0.0049062
1.14246e-10
0.0049062
-2.62092e-10
0.0049062
-1.37079e-10
0.0049062
-3.37021e-10
0.0049062
-9.80357e-11
0.0049062
-2.40698e-10
0.0049062
-6.17406e-13
0.0049062
-2.36025e-10
0.0049062
-1.26298e-11
0.0049062
-2.80614e-10
0.0049062
-1.53868e-12
0.0049062
-1.94222e-10
0.0049062
-4.22151e-11
0.0049062
-7.26816e-11
0.00490619
3.9047e-10
0.00490619
6.40187e-10
0.00490619
1.32806e-09
0.00490619
1.98616e-09
0.00490619
3.39064e-09
0.00490619
5.23524e-09
0.00490619
8.42248e-09
0.00490618
1.31443e-08
0.00490617
2.08469e-08
0.00490616
3.20394e-08
0.00490614
4.81801e-08
0.00490612
7.08444e-08
0.00490608
9.98315e-08
0.00490602
1.36142e-07
0.00490595
1.68136e-07
0.00490586
2.03522e-07
0.00490571
2.65655e-07
0.00490522
9.10578e-07
0.00490359
3.67987e-06
0.00489773
1.30788e-05
2.27855e-05
0.00521043
0.00231401
0.00513984
0.000593234
0.00511247
0.000102261
0.00511107
1.08833e-05
0.00511192
-7.50056e-06
0.00511086
5.84399e-06
0.00510917
6.87135e-06
0.0051072
8.54769e-06
0.00510547
7.1509e-06
0.00510397
6.23134e-06
0.00510273
5.01159e-06
0.00510173
4.06321e-06
0.00510093
3.18777e-06
0.0051003
2.47324e-06
0.00509983
1.86947e-06
0.00509947
1.39101e-06
0.00509921
1.00788e-06
0.00509902
7.19568e-07
0.00509888
5.06907e-07
0.00509879
3.51977e-07
0.00509873
2.39032e-07
0.00509868
1.59531e-07
0.00509865
1.04716e-07
0.00509863
7.04019e-08
0.00509862
4.59825e-08
0.00509861
3.00685e-08
0.00509861
1.87894e-08
0.0050986
1.15623e-08
0.0050986
7.72016e-09
0.0050986
5.54736e-09
0.0050986
3.61626e-09
0.0050986
3.09899e-09
0.0050986
2.03707e-09
0.0050986
1.91754e-09
0.0050986
1.11197e-09
0.0050986
3.22041e-10
0.0050986
-2.20736e-10
0.0050986
2.89934e-10
0.0050986
3.01476e-10
0.0050986
4.97415e-10
0.0050986
3.87426e-11
0.0050986
7.11691e-10
0.0050986
2.9924e-10
0.0050986
3.45428e-10
0.0050986
-4.54815e-10
0.0050986
-5.13257e-10
0.0050986
-9.90906e-10
0.0050986
-1.09208e-09
0.0050986
-1.42867e-09
0.0050986
-6.79088e-10
0.0050986
-8.05008e-10
0.0050986
-4.46942e-10
0.0050986
-4.11432e-10
0.0050986
2.76348e-10
0.0050986
-1.77474e-10
0.0050986
1.62335e-10
0.0050986
-1.0272e-10
0.0050986
3.83798e-10
0.0050986
1.55222e-11
0.0050986
4.5168e-10
0.0050986
5.48347e-10
0.0050986
8.4447e-10
0.0050986
4.74362e-10
0.0050986
5.43208e-10
0.00509859
8.0195e-11
0.0050986
1.38644e-10
0.00509859
-3.33015e-10
0.0050986
-1.84342e-10
0.0050986
-4.16921e-10
0.0050986
-1.2049e-10
0.0050986
-3.24106e-10
0.0050986
-3.94559e-12
0.0050986
-2.75664e-10
0.0050986
-1.7613e-11
0.00509859
-3.08285e-10
0.00509859
-3.59118e-11
0.00509859
-2.4663e-10
0.00509859
-3.16468e-11
0.00509859
-4.71609e-11
0.00509859
5.32266e-10
0.00509859
9.34008e-10
0.00509859
1.8854e-09
0.00509859
2.83186e-09
0.00509859
4.71248e-09
0.00509859
7.251e-09
0.00509859
1.16343e-08
0.00509858
1.80821e-08
0.00509857
2.84362e-08
0.00509856
4.3588e-08
0.00509855
6.53423e-08
0.00509852
9.59787e-08
0.00509849
1.35709e-07
0.00509843
1.87759e-07
0.00509836
2.3968e-07
0.00509825
3.16601e-07
0.00509806
4.54234e-07
0.00509749
1.48502e-06
0.00509582
5.34355e-06
0.00508954
1.93604e-05
3.78761e-05
0.00523368
0.00208033
0.00519439
0.000632525
0.00517351
0.000123143
0.00517299
1.14013e-05
0.00517345
-7.95829e-06
0.00517275
6.53782e-06
0.00517139
8.23006e-06
0.00516985
1.00966e-05
0.00516845
8.54571e-06
0.00516723
7.4482e-06
0.00516622
6.02258e-06
0.00516539
4.89437e-06
0.00516472
3.85482e-06
0.0051642
2.9951e-06
0.0051638
2.27312e-06
0.00516349
1.6971e-06
0.00516327
1.23382e-06
0.0051631
8.83207e-07
0.00516299
6.24185e-07
0.0051629
4.34536e-07
0.00516285
2.95908e-07
0.00516281
1.97958e-07
0.00516278
1.30349e-07
0.00516276
8.74093e-08
0.00516275
5.71022e-08
0.00516275
3.73289e-08
0.00516274
2.36559e-08
0.00516274
1.4757e-08
0.00516274
9.7376e-09
0.00516273
6.80977e-09
0.00516273
4.50797e-09
0.00516273
3.92379e-09
0.00516273
2.73472e-09
0.00516273
2.34835e-09
0.00516273
1.34111e-09
0.00516273
3.28502e-10
0.00516273
-2.68333e-10
0.00516273
3.46147e-10
0.00516273
4.01179e-10
0.00516273
6.42301e-10
0.00516273
1.85635e-10
0.00516273
8.07874e-10
0.00516273
4.73761e-10
0.00516273
4.99408e-10
0.00516273
-4.90377e-10
0.00516273
-6.65998e-10
0.00516273
-1.19947e-09
0.00516273
-1.32802e-09
0.00516273
-1.77103e-09
0.00516273
-1.00136e-09
0.00516273
-1.00282e-09
0.00516273
-5.49051e-10
0.00516273
-5.22656e-10
0.00516273
1.96736e-10
0.00516273
-2.16057e-10
0.00516273
1.33032e-10
0.00516273
-1.9958e-10
0.00516273
3.73797e-10
0.00516273
8.45353e-11
0.00516273
5.63849e-10
0.00516273
7.33556e-10
0.00516273
1.06965e-09
0.00516273
6.63709e-10
0.00516273
7.11256e-10
0.00516273
1.48876e-10
0.00516273
1.78924e-10
0.00516273
-3.57848e-10
0.00516273
-2.36572e-10
0.00516273
-4.93371e-10
0.00516273
-1.52084e-10
0.00516273
-3.8902e-10
0.00516273
-4.3915e-11
0.00516273
-3.28826e-10
0.00516273
-4.35768e-11
0.00516273
-3.25747e-10
0.00516273
-8.21446e-11
0.00516273
-3.08265e-10
0.00516273
-3.65032e-11
0.00516273
-1.96705e-11
0.00516273
6.49792e-10
0.00516273
1.1961e-09
0.00516273
2.36883e-09
0.00516273
3.58735e-09
0.00516273
5.88889e-09
0.00516272
9.05652e-09
0.00516272
1.44909e-08
0.00516272
2.24731e-08
0.00516271
3.5089e-08
0.0051627
5.36488e-08
0.00516269
8.02275e-08
0.00516266
1.17816e-07
0.00516263
1.67276e-07
0.00516258
2.34826e-07
0.00516252
3.09204e-07
0.0051624
4.36852e-07
0.00516218
6.64771e-07
0.00516159
2.07492e-06
0.00516002
6.91916e-06
0.00515412
2.52589e-05
5.10195e-05
0.00522288
0.00185745
0.00520672
0.00064868
0.00519184
0.000138023
0.00519193
1.13089e-05
0.00519217
-8.19162e-06
0.0051918
6.90483e-06
0.00519079
9.24006e-06
0.00518965
1.12289e-05
0.0051886
9.59708e-06
0.00518768
8.37138e-06
0.0051869
6.80208e-06
0.00518625
5.54113e-06
0.00518573
4.37954e-06
0.00518531
3.41024e-06
0.00518499
2.5965e-06
0.00518474
1.94515e-06
0.00518456
1.41866e-06
0.00518442
1.01823e-06
0.00518432
7.21869e-07
0.00518425
5.03469e-07
0.00518421
3.43296e-07
0.00518417
2.3045e-07
0.00518415
1.52098e-07
0.00518414
1.01889e-07
0.00518413
6.67679e-08
0.00518412
4.38145e-08
0.00518412
2.80266e-08
0.00518411
1.75366e-08
0.00518411
1.14908e-08
0.00518411
7.99511e-09
0.00518411
5.38174e-09
0.00518411
4.70369e-09
0.00518411
3.35105e-09
0.00518411
2.66573e-09
0.00518411
1.5024e-09
0.00518411
3.8274e-10
0.00518411
-2.90472e-10
0.00518411
3.56097e-10
0.00518411
4.85855e-10
0.00518411
7.98568e-10
0.00518411
3.26509e-10
0.00518411
8.78125e-10
0.00518411
5.83e-10
0.00518411
6.70134e-10
0.00518411
-4.77528e-10
0.00518411
-7.9776e-10
0.00518411
-1.40351e-09
0.00518411
-1.52452e-09
0.00518411
-2.02965e-09
0.00518411
-1.28325e-09
0.00518411
-1.19654e-09
0.00518411
-6.50522e-10
0.00518411
-6.13112e-10
0.00518411
1.18548e-10
0.00518411
-2.72763e-10
0.00518411
8.54447e-11
0.00518411
-3.01317e-10
0.00518411
3.4375e-10
0.00518411
1.61258e-10
0.00518411
6.77299e-10
0.00518411
9.00765e-10
0.00518411
1.2808e-09
0.00518411
8.5293e-10
0.00518411
8.72382e-10
0.00518411
2.14799e-10
0.00518411
2.12021e-10
0.00518411
-3.64688e-10
0.00518411
-2.79313e-10
0.00518411
-5.6606e-10
0.00518411
-1.84975e-10
0.00518411
-4.30332e-10
0.00518411
-8.54464e-11
0.00518411
-3.80199e-10
0.00518411
-7.81744e-11
0.00518411
-3.45014e-10
0.00518411
-1.25442e-10
0.00518411
-3.76276e-10
0.00518411
-5.71411e-11
0.00518411
9.43752e-12
0.00518411
7.50791e-10
0.00518411
1.4219e-09
0.00518411
2.78017e-09
0.0051841
4.23269e-09
0.0051841
6.8927e-09
0.0051841
1.05985e-08
0.0051841
1.69037e-08
0.0051841
2.61937e-08
0.00518409
4.06163e-08
0.00518408
6.1947e-08
0.00518407
9.24859e-08
0.00518405
1.35873e-07
0.00518403
1.938e-07
0.00518398
2.76008e-07
0.00518392
3.73107e-07
0.0051838
5.56118e-07
0.00518359
8.78308e-07
0.00518301
2.64997e-06
0.00518163
8.30506e-06
0.00517657
3.03151e-05
6.16622e-05
0.00520414
0.00165331
0.00520562
0.000647201
0.00519612
0.000147516
0.00519662
1.08089e-05
0.00519672
-8.29174e-06
0.00519663
6.99267e-06
0.00519596
9.91306e-06
0.00519522
1.19704e-05
0.0051945
1.03173e-05
0.00519386
9.01023e-06
0.00519331
7.35377e-06
0.00519284
6.00459e-06
0.00519246
4.76131e-06
0.00519216
3.71678e-06
0.00519192
2.83773e-06
0.00519173
2.1326e-06
0.00519159
1.55986e-06
0.00519148
1.12232e-06
0.00519141
7.97969e-07
0.00519135
5.57703e-07
0.00519131
3.80835e-07
0.00519129
2.56223e-07
0.00519127
1.69532e-07
0.00519126
1.13634e-07
0.00519125
7.47248e-08
0.00519125
4.92403e-08
0.00519124
3.15929e-08
0.00519124
1.98241e-08
0.00519124
1.29619e-08
0.00519124
9.08555e-09
0.00519124
6.18428e-09
0.00519124
5.3594e-09
0.00519124
3.85488e-09
0.00519124
2.88429e-09
0.00519124
1.5674e-09
0.00519124
4.29285e-10
0.00519124
-2.89574e-10
0.00519124
3.27915e-10
0.00519124
5.18681e-10
0.00519124
9.25302e-10
0.00519124
4.51745e-10
0.00519124
9.29587e-10
0.00519124
6.09864e-10
0.00519123
8.10067e-10
0.00519123
-4.22213e-10
0.00519123
-8.99321e-10
0.00519123
-1.59609e-09
0.00519123
-1.67545e-09
0.00519123
-2.19237e-09
0.00519123
-1.49699e-09
0.00519123
-1.36992e-09
0.00519123
-7.47123e-10
0.00519123
-6.87305e-10
0.00519123
4.57315e-11
0.00519123
-3.4943e-10
0.00519123
2.12273e-11
0.00519123
-4.07451e-10
0.00519123
2.84234e-10
0.00519123
2.27807e-10
0.00519123
7.89777e-10
0.00519123
1.04071e-09
0.00519123
1.4564e-09
0.00519123
1.02255e-09
0.00519123
1.01915e-09
0.00519123
2.69238e-10
0.00519123
2.26863e-10
0.00519123
-3.65719e-10
0.00519123
-3.05976e-10
0.00519123
-6.27413e-10
0.00519123
-2.14789e-10
0.00519123
-4.48006e-10
0.00519123
-1.11381e-10
0.00519123
-4.19352e-10
0.00519123
-1.13438e-10
0.00519123
-3.65242e-10
0.00519123
-1.59445e-10
0.00519123
-4.41465e-10
0.00519123
-8.67244e-11
0.00519123
4.34105e-11
0.00519123
8.41668e-10
0.00519123
1.61217e-09
0.00519123
3.12288e-09
0.00519123
4.76272e-09
0.00519123
7.70705e-09
0.00519123
1.18414e-08
0.00519123
1.88259e-08
0.00519122
2.90678e-08
0.00519122
4.49525e-08
0.00519121
6.83677e-08
0.0051912
1.0197e-07
0.00519119
1.49932e-07
0.00519117
2.1487e-07
0.00519114
3.10228e-07
0.00519108
4.29484e-07
0.00519097
6.67494e-07
0.00519077
1.08098e-06
0.00519024
3.17104e-06
0.00518911
9.44297e-06
0.0051851
3.43191e-05
6.97064e-05
0.00518548
0.00146783
0.00520065
0.000632035
0.00519592
0.000152242
0.00519667
1.00544e-05
0.00519668
-8.29608e-06
0.00519682
6.85165e-06
0.00519646
1.02718e-05
0.00519608
1.23528e-05
0.00519567
1.07263e-05
0.0051953
9.38001e-06
0.00519497
7.68664e-06
0.00519468
6.29057e-06
0.00519444
5.00301e-06
0.00519424
3.91515e-06
0.00519408
2.9968e-06
0.00519396
2.25862e-06
0.00519386
1.6564e-06
0.00519379
1.19439e-06
0.00519374
8.51438e-07
0.0051937
5.96422e-07
0.00519367
4.0791e-07
0.00519365
2.74898e-07
0.00519364
1.82364e-07
0.00519363
1.22446e-07
0.00519362
8.07736e-08
0.00519362
5.32879e-08
0.00519362
3.42534e-08
0.00519362
2.16159e-08
0.00519361
1.41512e-08
0.00519361
1.00433e-08
0.00519361
6.88867e-09
0.00519361
5.86269e-09
0.00519361
4.22796e-09
0.00519361
3.01985e-09
0.00519361
1.56416e-09
0.00519361
4.32788e-10
0.00519361
-2.81082e-10
0.00519361
2.75238e-10
0.00519361
5.04159e-10
0.00519361
1.00129e-09
0.00519361
5.54479e-10
0.00519361
9.75667e-10
0.00519361
5.84767e-10
0.00519361
8.8543e-10
0.00519361
-3.40747e-10
0.00519361
-9.5682e-10
0.00519361
-1.75043e-09
0.00519361
-1.78739e-09
0.00519361
-2.2762e-09
0.00519361
-1.63987e-09
0.00519361
-1.51142e-09
0.00519361
-8.41495e-10
0.00519361
-7.56434e-10
0.00519361
-2.60151e-11
0.00519361
-4.38229e-10
0.00519361
-5.86348e-11
0.00519361
-5.13112e-10
0.00519361
1.92709e-10
0.00519361
2.70756e-10
0.00519361
8.95491e-10
0.00519361
1.15857e-09
0.00519361
1.5873e-09
0.00519361
1.16288e-09
0.00519361
1.1494e-09
0.00519361
3.22116e-10
0.00519361
2.24621e-10
0.00519361
-3.6421e-10
0.00519361
-3.13016e-10
0.00519361
-6.65993e-10
0.00519361
-2.40254e-10
0.00519361
-4.5071e-10
0.00519361
-1.24321e-10
0.00519361
-4.41548e-10
0.00519361
-1.46318e-10
0.00519361
-3.89045e-10
0.00519361
-1.87987e-10
0.00519361
-4.93624e-10
0.00519361
-1.21519e-10
0.00519361
7.94393e-11
0.00519361
9.21028e-10
0.00519361
1.76449e-09
0.00519361
3.39274e-09
0.00519361
5.17438e-09
0.00519361
8.31421e-09
0.00519361
1.27517e-08
0.0051936
2.02263e-08
0.0051936
3.11002e-08
0.0051936
4.79439e-08
0.0051936
7.28726e-08
0.00519359
1.08611e-07
0.00519358
1.59875e-07
0.00519356
2.30196e-07
0.00519354
3.36657e-07
0.00519349
4.76029e-07
0.00519339
7.64594e-07
0.00519322
1.25958e-06
0.00519278
3.60687e-06
0.00519192
1.03003e-05
0.00518906
3.7184e-05
7.51792e-05
0.00516897
0.00129886
0.00519496
0.000606051
0.00519442
0.000152777
0.00519531
9.15973e-06
0.00519523
-8.21169e-06
0.00519555
6.53146e-06
0.00519548
1.03434e-05
0.00519542
1.24089e-05
0.0051953
1.08467e-05
0.00519518
9.49834e-06
0.00519506
7.8122e-06
0.00519494
6.40705e-06
0.00519484
5.10948e-06
0.00519475
4.00789e-06
0.00519467
3.07505e-06
0.0051946
2.32355e-06
0.00519455
1.7081e-06
0.00519451
1.23406e-06
0.00519448
8.81855e-07
0.00519446
6.19125e-07
0.00519444
4.24052e-07
0.00519443
2.86214e-07
0.00519442
1.90374e-07
0.00519442
1.28099e-07
0.00519441
8.47266e-08
0.00519441
5.59283e-08
0.00519441
3.60409e-08
0.00519441
2.28356e-08
0.00519441
1.50663e-08
0.00519441
1.08253e-08
0.00519441
7.46903e-09
0.00519441
6.21893e-09
0.00519441
4.47773e-09
0.00519441
3.08323e-09
0.00519441
1.53344e-09
0.00519441
3.9356e-10
0.00519441
-2.81937e-10
0.00519441
2.07394e-10
0.00519441
4.64283e-10
0.0051944
1.03782e-09
0.0051944
6.37495e-10
0.0051944
1.02002e-09
0.0051944
5.43772e-10
0.0051944
8.95639e-10
0.0051944
-2.48364e-10
0.0051944
-9.65808e-10
0.0051944
-1.85021e-09
0.0051944
-1.86884e-09
0.0051944
-2.30928e-09
0.0051944
-1.72985e-09
0.0051944
-1.62247e-09
0.0051944
-9.38445e-10
0.0051944
-8.28675e-10
0.0051944
-1.06039e-10
0.0051944
-5.35484e-10
0.0051944
-1.56259e-10
0.0051944
-6.14916e-10
0.0051944
7.49578e-11
0.0051944
2.84715e-10
0.0051944
9.89741e-10
0.0051944
1.26374e-09
0.0051944
1.6789e-09
0.0051944
1.2713e-09
0.0051944
1.26464e-09
0.0051944
3.88629e-10
0.0051944
2.18204e-10
0.0051944
-3.58298e-10
0.0051944
-3.00439e-10
0.0051944
-6.75676e-10
0.0051944
-2.62677e-10
0.0051944
-4.48591e-10
0.0051944
-1.34483e-10
0.0051944
-4.50145e-10
0.0051944
-1.75963e-10
0.0051944
-4.18283e-10
0.0051944
-2.20088e-10
0.0051944
-5.28874e-10
0.0051944
-1.58262e-10
0.0051944
1.11451e-10
0.0051944
9.82912e-10
0.0051944
1.86823e-09
0.0051944
3.5751e-09
0.0051944
5.45723e-09
0.0051944
8.69687e-09
0.0051944
1.33169e-08
0.0051944
2.10238e-08
0.0051944
3.23077e-08
0.0051944
4.96777e-08
0.00519439
7.54178e-08
0.00519439
1.12365e-07
0.00519438
1.65628e-07
0.00519438
2.39564e-07
0.00519436
3.54542e-07
0.00519432
5.10627e-07
0.00519425
8.41832e-07
0.0051941
1.40317e-06
0.00519377
3.93546e-06
0.00519322
1.08582e-05
0.00519151
3.88869e-05
7.81761e-05
0.00515488
0.00114398
0.00518952
0.000571406
0.00519267
0.000149634
0.00519362
8.2048e-06
0.00519344
-8.03109e-06
0.0051939
6.07815e-06
0.00519408
1.01567e-05
0.00519432
1.21709e-05
0.00519447
1.07019e-05
0.00519458
9.38407e-06
0.00519465
7.74367e-06
0.00519469
6.36367e-06
0.00519471
5.08726e-06
0.00519472
3.99913e-06
0.00519472
3.07508e-06
0.00519472
2.3289e-06
0.00519471
1.7157e-06
0.0051947
1.24166e-06
0.0051947
8.89256e-07
0.00519469
6.25698e-07
0.00519468
4.29105e-07
0.00519468
2.90024e-07
0.00519468
1.93418e-07
0.00519468
1.30447e-07
0.00519467
8.64883e-08
0.00519467
5.71228e-08
0.00519467
3.69459e-08
0.00519467
2.35744e-08
0.00519467
1.56831e-08
0.00519467
1.13855e-08
0.00519467
7.88521e-09
0.00519467
6.43157e-09
0.00519467
4.61977e-09
0.00519467
3.07721e-09
0.00519467
1.49153e-09
0.00519467
3.27758e-10
0.00519467
-2.91019e-10
0.00519467
1.3142e-10
0.00519467
4.09317e-10
0.00519467
1.04928e-09
0.00519467
7.04879e-10
0.00519467
1.06229e-09
0.00519467
5.05149e-10
0.00519467
8.53605e-10
0.00519467
-1.58146e-10
0.00519467
-9.36437e-10
0.00519467
-1.8899e-09
0.00519467
-1.9228e-09
0.00519467
-2.31551e-09
0.00519467
-1.78707e-09
0.00519467
-1.71385e-09
0.00519467
-1.04344e-09
0.00519467
-9.07939e-10
0.00519467
-1.98614e-10
0.00519467
-6.41008e-10
0.00519467
-2.71168e-10
0.00519467
-7.08983e-10
0.00519467
-5.63487e-11
0.00519467
2.70328e-10
0.00519467
1.06684e-09
0.00519467
1.36509e-09
0.00519467
1.74535e-09
0.00519467
1.35134e-09
0.00519467
1.36183e-09
0.00519467
4.71171e-10
0.00519467
2.20791e-10
0.00519467
-3.4775e-10
0.00519467
-2.73284e-10
0.00519467
-6.55951e-10
0.00519467
-2.82123e-10
0.00519467
-4.49362e-10
0.00519467
-1.51021e-10
0.00519467
-4.52788e-10
0.00519467
-2.02146e-10
0.00519467
-4.50604e-10
0.00519467
-2.61995e-10
0.00519467
-5.49903e-10
0.00519467
-1.93105e-10
0.00519467
1.31142e-10
0.00519467
1.01871e-09
0.00519467
1.91473e-09
0.00519467
3.6572e-09
0.00519467
5.57594e-09
0.00519467
8.85723e-09
0.00519467
1.35282e-08
0.00519467
2.12852e-08
0.00519467
3.26833e-08
0.00519467
5.01491e-08
0.00519466
7.60217e-08
0.00519466
1.13243e-07
0.00519466
1.67184e-07
0.00519466
2.42859e-07
0.00519465
3.63304e-07
0.00519463
5.31613e-07
0.00519458
8.94782e-07
0.00519448
1.50354e-06
0.00519427
4.1422e-06
0.00519402
1.11083e-05
0.00519346
3.94464e-05
7.88376e-05
0.005143
0.00100098
0.00518463
0.000529775
0.005191
0.000143264
0.00519196
7.2411e-06
0.00519167
-7.74184e-06
0.00519222
5.53222e-06
0.00519263
9.74088e-06
0.00519313
1.16698e-05
0.00519352
1.03158e-05
0.00519385
9.05701e-06
0.0051941
7.49569e-06
0.00519429
6.17142e-06
0.00519443
4.94434e-06
0.00519454
3.89433e-06
0.00519461
3.00057e-06
0.00519466
2.27714e-06
0.0051947
1.68065e-06
0.00519472
1.21808e-06
0.00519474
8.7415e-07
0.00519475
6.16403e-07
0.00519475
4.23206e-07
0.00519476
2.86342e-07
0.00519476
1.91452e-07
0.00519476
1.29451e-07
0.00519476
8.60339e-08
0.00519476
5.68831e-08
0.00519476
3.69798e-08
0.00519476
2.38218e-08
0.00519476
1.59596e-08
0.00519476
1.16808e-08
0.00519476
8.11696e-09
0.00519476
6.51703e-09
0.00519476
4.66684e-09
0.00519476
3.0007e-09
0.00519476
1.41632e-09
0.00519476
2.57047e-10
0.00519476
-3.00664e-10
0.00519476
6.62046e-11
0.00519476
3.37943e-10
0.00519476
1.03716e-09
0.00519476
7.60132e-10
0.00519476
1.10138e-09
0.00519476
4.72649e-10
0.00519476
7.80979e-10
0.00519476
-9.38793e-11
0.00519476
-8.75532e-10
0.00519476
-1.87569e-09
0.00519476
-1.9441e-09
0.00519476
-2.30359e-09
0.00519476
-1.81848e-09
0.00519476
-1.79838e-09
0.00519476
-1.15385e-09
0.00519476
-1.00007e-09
0.00519476
-3.03411e-10
0.00519476
-7.58668e-10
0.00519476
-3.95835e-10
0.00519476
-7.92901e-10
0.00519476
-1.80144e-10
0.00519476
2.30169e-10
0.00519476
1.12455e-09
0.00519476
1.46712e-09
0.00519476
1.80449e-09
0.00519476
1.41148e-09
0.00519476
1.43788e-09
0.00519476
5.644e-10
0.00519476
2.39835e-10
0.00519476
-3.36313e-10
0.00519476
-2.33095e-10
0.00519476
-6.12535e-10
0.00519476
-2.90299e-10
0.00519476
-4.57165e-10
0.00519476
-1.72889e-10
0.00519476
-4.57912e-10
0.00519476
-2.25062e-10
0.00519476
-4.81819e-10
0.00519476
-3.13628e-10
0.00519476
-5.61591e-10
0.00519476
-2.20932e-10
0.00519476
1.29327e-10
0.00519476
1.0232e-09
0.00519476
1.90208e-09
0.00519476
3.6324e-09
0.00519476
5.54697e-09
0.00519476
8.78088e-09
0.00519476
1.33868e-08
0.00519476
2.10137e-08
0.00519476
3.22383e-08
0.00519476
4.93806e-08
0.00519476
7.47412e-08
0.00519476
1.11318e-07
0.00519476
1.64613e-07
0.00519477
2.40079e-07
0.00519477
3.62596e-07
0.00519476
5.37824e-07
0.00519474
9.20298e-07
0.00519468
1.5551e-06
0.00519461
4.21873e-06
0.00519467
1.10504e-05
0.0051952
3.89099e-05
7.73324e-05
0.00513304
0.000867938
0.00518032
0.000482492
0.00518951
0.000134077
0.00519045
6.29894e-06
0.00519004
-7.33214e-06
0.00519064
4.92782e-06
0.00519126
9.12469e-06
0.00519199
1.09361e-05
0.0051926
9.71286e-06
0.00519311
8.53768e-06
0.00519353
7.08409e-06
0.00519385
5.84245e-06
0.00519411
4.68985e-06
0.0051943
3.7001e-06
0.00519445
2.85616e-06
0.00519455
2.17157e-06
0.00519463
1.60516e-06
0.00519468
1.16477e-06
0.00519472
8.375e-07
0.00519474
5.91823e-07
0.00519476
4.06727e-07
0.00519477
2.75366e-07
0.00519478
1.84543e-07
0.00519478
1.25176e-07
0.00519479
8.34295e-08
0.00519479
5.52589e-08
0.00519479
3.6146e-08
0.00519479
2.35424e-08
0.00519479
1.58482e-08
0.00519479
1.16732e-08
0.00519479
8.14174e-09
0.00519479
6.47447e-09
0.00519479
4.62249e-09
0.00519479
2.85801e-09
0.00519479
1.30046e-09
0.00519479
1.74267e-10
0.00519479
-3.08964e-10
0.00519479
1.99034e-11
0.00519479
2.58864e-10
0.00519479
1.00436e-09
0.00519479
7.93066e-10
0.00519479
1.13343e-09
0.00519479
4.46552e-10
0.00519479
6.85283e-10
0.00519479
-4.96937e-11
0.00519479
-7.9315e-10
0.00519479
-1.81443e-09
0.00519479
-1.93404e-09
0.00519479
-2.28234e-09
0.00519479
-1.8348e-09
0.00519479
-1.86953e-09
0.00519479
-1.26981e-09
0.00519479
-1.10238e-09
0.00519479
-4.15698e-10
0.00519479
-8.82529e-10
0.00519479
-5.34776e-10
0.00519479
-8.66684e-10
0.00519479
-2.83625e-10
0.00519479
1.83139e-10
0.00519479
1.16138e-09
0.00519479
1.56227e-09
0.00519479
1.86051e-09
0.00519479
1.45071e-09
0.00519479
1.48975e-09
0.00519479
6.58562e-10
0.00519479
2.74886e-10
0.00519479
-3.19117e-10
0.00519479
-1.88256e-10
0.00519479
-5.49682e-10
0.00519479
-2.89182e-10
0.00519479
-4.66962e-10
0.00519479
-1.98859e-10
0.00519479
-4.67276e-10
0.00519479
-2.4628e-10
0.00519479
-5.08953e-10
0.00519479
-3.71484e-10
0.00519479
-5.68654e-10
0.00519479
-2.38287e-10
0.00519479
1.15182e-10
0.00519479
9.97638e-10
0.00519479
1.83125e-09
0.00519479
3.5081e-09
0.00519479
5.37469e-09
0.00519479
8.47829e-09
0.00519479
1.29029e-08
0.00519479
2.02231e-08
0.00519479
3.1002e-08
0.00519479
4.74233e-08
0.00519479
7.16656e-08
0.0051948
1.0671e-07
0.00519481
1.58052e-07
0.00519482
2.3134e-07
0.00519483
3.52326e-07
0.00519483
5.28633e-07
0.00519484
9.16533e-07
0.00519484
1.55476e-06
0.0051949
4.16235e-06
0.00519525
1.06926e-05
0.00519682
3.73461e-05
7.3847e-05
0.00512474
0.000743199
0.00517659
0.00043064
0.00518822
0.000122447
0.00518912
5.39379e-06
0.00518858
-6.79399e-06
0.00518922
4.29248e-06
0.00519001
8.33608e-06
0.00519094
9.99919e-06
0.00519174
8.91762e-06
0.00519243
7.84708e-06
0.00519298
6.52561e-06
0.00519344
5.38994e-06
0.00519379
4.33393e-06
0.00519407
3.4241e-06
0.00519428
2.6474e-06
0.00519443
2.01626e-06
0.00519455
1.49205e-06
0.00519463
1.08367e-06
0.00519468
7.80682e-07
0.00519472
5.52838e-07
0.00519475
3.80244e-07
0.00519477
2.5748e-07
0.00519478
1.72901e-07
0.00519479
1.1776e-07
0.00519479
7.8792e-08
0.0051948
5.23262e-08
0.0051948
3.44473e-08
0.0051948
2.27053e-08
0.0051948
1.53261e-08
0.0051948
1.13396e-08
0.0051948
7.94687e-09
0.0051948
6.29679e-09
0.0051948
4.48309e-09
0.0051948
2.65745e-09
0.0051948
1.13938e-09
0.0051948
7.57042e-11
0.0051948
-3.17055e-10
0.0051948
-4.20569e-13
0.0051948
1.85038e-10
0.0051948
9.51875e-10
0.0051948
7.96346e-10
0.0051948
1.15385e-09
0.0051948
4.25779e-10
0.0051948
5.8031e-10
0.0051948
-2.5768e-11
0.0051948
-6.92692e-10
0.0051948
-1.70547e-09
0.0051948
-1.89148e-09
0.0051948
-2.25367e-09
0.0051948
-1.84391e-09
0.0051948
-1.92839e-09
0.0051948
-1.38831e-09
0.0051948
-1.21466e-09
0.0051948
-5.30959e-10
0.0051948
-1.00545e-09
0.0051948
-6.83913e-10
0.0051948
-9.34445e-10
0.0051948
-3.58429e-10
0.0051948
1.43214e-10
0.0051948
1.17961e-09
0.0051948
1.6427e-09
0.0051948
1.9132e-09
0.0051948
1.47143e-09
0.0051948
1.51242e-09
0.0051948
7.43586e-10
0.0051948
3.25195e-10
0.0051948
-2.92773e-10
0.0051948
-1.4086e-10
0.0051948
-4.72618e-10
0.0051948
-2.78093e-10
0.0051948
-4.76964e-10
0.0051948
-2.27159e-10
0.0051948
-4.81473e-10
0.0051948
-2.6704e-10
0.0051948
-5.2857e-10
0.0051948
-4.28015e-10
0.0051948
-5.71809e-10
0.0051948
-2.39967e-10
0.0051948
9.61194e-11
0.0051948
9.48152e-10
0.0051948
1.71015e-09
0.0051948
3.28979e-09
0.0051948
5.06983e-09
0.0051948
7.97162e-09
0.0051948
1.20997e-08
0.0051948
1.89442e-08
0.0051948
2.90188e-08
0.00519481
4.4347e-08
0.00519481
6.69105e-08
0.00519482
9.95843e-08
0.00519483
1.47703e-07
0.00519484
2.16875e-07
0.00519486
3.32661e-07
0.00519489
5.03957e-07
0.00519492
8.82928e-07
0.00519497
1.50178e-06
0.00519516
3.97544e-06
0.0051958
1.005e-05
0.00519831
3.48397e-05
6.85803e-05
0.00511787
0.000625329
0.0051734
0.000375109
0.00518712
0.000108725
0.00518798
4.53107e-06
0.00518731
-6.12495e-06
0.00518796
3.64707e-06
0.00518889
7.40165e-06
0.00519
8.88751e-06
0.00519096
7.95472e-06
0.00519181
7.00639e-06
0.00519249
5.83759e-06
0.00519306
4.82781e-06
0.0051935
3.88753e-06
0.00519385
3.07483e-06
0.00519412
2.38063e-06
0.00519432
1.81591e-06
0.00519447
1.34474e-06
0.00519457
9.77194e-07
0.00519465
7.05424e-07
0.0051947
5.00616e-07
0.00519474
3.44523e-07
0.00519476
2.33222e-07
0.00519478
1.56873e-07
0.00519479
1.07411e-07
0.00519479
7.22602e-08
0.0051948
4.81699e-08
0.0051948
3.19063e-08
0.0051948
2.12918e-08
0.0051948
1.43935e-08
0.0051948
1.06839e-08
0.00519481
7.5352e-09
0.00519481
5.98178e-09
0.00519481
4.24697e-09
0.00519481
2.40124e-09
0.00519481
9.40001e-10
0.00519481
-4.06085e-11
0.00519481
-3.27494e-10
0.00519481
6.18714e-12
0.00519481
1.32164e-10
0.0051948
8.84571e-10
0.0051948
7.6871e-10
0.0051948
1.15661e-09
0.0051948
4.16459e-10
0.0051948
4.76688e-10
0.0051948
-2.05527e-11
0.0051948
-5.80647e-10
0.0051948
-1.55234e-09
0.0051948
-1.81442e-09
0.0051948
-2.2164e-09
0.0051948
-1.85369e-09
0.0051948
-1.97814e-09
0.0051948
-1.50562e-09
0.0051948
-1.33803e-09
0.0051948
-6.49956e-10
0.0051948
-1.12062e-09
0.0051948
-8.37018e-10
0.0051948
-9.97994e-10
0.0051948
-4.07641e-10
0.0051948
1.19066e-10
0.0051948
1.17813e-09
0.0051948
1.69995e-09
0.0051948
1.95796e-09
0.0051948
1.47663e-09
0.0051948
1.5026e-09
0.0051948
8.11136e-10
0.0051948
3.88636e-10
0.0051948
-2.53754e-10
0.0051948
-9.24796e-11
0.0051948
-3.86438e-10
0.0051948
-2.57811e-10
0.0051948
-4.87688e-10
0.0051948
-2.59192e-10
0.0051948
-5.01994e-10
0.0051948
-2.90069e-10
0.0051948
-5.3721e-10
0.0051948
-4.72574e-10
0.0051948
-5.64884e-10
0.0051948
-2.24278e-10
0.0051948
8.00365e-11
0.0051948
8.81774e-10
0.0051948
1.55299e-09
0.0051948
2.99203e-09
0.0051948
4.64692e-09
0.0051948
7.28385e-09
0.0051948
1.10077e-08
0.00519481
1.72191e-08
0.00519481
2.63482e-08
0.00519481
4.02384e-08
0.00519482
6.06143e-08
0.00519483
9.01448e-08
0.00519484
1.33838e-07
0.00519486
1.97037e-07
0.00519489
3.04037e-07
0.00519493
4.64272e-07
0.00519499
8.20162e-07
0.0051951
1.39761e-06
0.00519541
3.66483e-06
0.00519631
9.14432e-06
0.00519967
3.14877e-05
6.17405e-05
0.00511226
0.000513073
0.00517072
0.000316644
0.0051862
9.32389e-05
0.00518703
3.70975e-06
0.00518623
-5.32907e-06
0.00518687
3.00604e-06
0.00518793
6.34629e-06
0.00518918
7.62831e-06
0.00519029
6.84856e-06
0.00519126
6.03689e-06
0.00519206
5.03773e-06
0.00519272
4.17057e-06
0.00519324
3.36229e-06
0.00519366
2.6615e-06
0.00519397
2.06289e-06
0.00519421
1.57585e-06
0.00519439
1.16714e-06
0.00519452
8.48162e-07
0.00519461
6.13748e-07
0.00519468
4.36581e-07
0.00519472
3.00503e-07
0.00519475
2.03245e-07
0.00519477
1.36903e-07
0.00519478
9.43983e-08
0.00519479
6.39885e-08
0.0051948
4.28822e-08
0.0051948
2.85729e-08
0.0051948
1.93136e-08
0.00519481
1.3073e-08
0.00519481
9.73049e-09
0.00519481
6.91921e-09
0.00519481
5.52963e-09
0.00519481
3.91782e-09
0.00519481
2.09914e-09
0.00519481
7.16577e-10
0.00519481
-1.72869e-10
0.00519481
-3.45465e-10
0.00519481
3.44448e-11
0.00519481
1.15206e-10
0.00519481
8.14527e-10
0.00519481
7.12612e-10
0.00519481
1.13316e-09
0.00519481
4.19937e-10
0.00519481
3.89895e-10
0.00519481
-2.50509e-11
0.00519481
-4.63973e-10
0.00519481
-1.36275e-09
0.00519481
-1.70584e-09
0.00519481
-2.17261e-09
0.00519481
-1.87297e-09
0.00519481
-2.02488e-09
0.00519481
-1.61931e-09
0.00519481
-1.46905e-09
0.00519481
-7.72693e-10
0.00519481
-1.22242e-09
0.00519481
-9.86509e-10
0.00519481
-1.05824e-09
0.00519481
-4.36371e-10
0.00519481
1.15083e-10
0.00519481
1.16141e-09
0.00519481
1.72824e-09
0.00519481
1.98908e-09
0.0051948
1.47046e-09
0.0051948
1.46301e-09
0.0051948
8.55951e-10
0.0051948
4.62033e-10
0.0051948
-1.97017e-10
0.0051948
-4.28806e-11
0.0051948
-2.9669e-10
0.0051948
-2.31106e-10
0.0051948
-4.9931e-10
0.0051948
-2.97104e-10
0.0051948
-5.29598e-10
0.0051948
-3.1754e-10
0.0051948
-5.33886e-10
0.0051948
-4.99649e-10
0.0051948
-5.44077e-10
0.0051948
-1.88711e-10
0.0051948
7.26131e-11
0.0051948
8.03687e-10
0.0051948
1.36973e-09
0.0051948
2.62992e-09
0.00519481
4.11975e-09
0.00519481
6.43754e-09
0.00519481
9.6625e-09
0.00519481
1.50982e-08
0.00519481
2.30641e-08
0.00519482
3.52019e-08
0.00519483
5.29377e-08
0.00519484
7.86345e-08
0.00519485
1.16799e-07
0.00519488
1.72305e-07
0.00519492
2.67154e-07
0.00519497
4.10588e-07
0.00519506
7.30069e-07
0.00519521
1.2457e-06
0.00519564
3.24119e-06
0.00519678
8.00267e-06
0.00520087
2.73966e-05
5.35428e-05
0.00510776
0.000405312
0.00516852
0.000255881
0.00518546
7.63037e-05
0.00518624
2.92487e-06
0.00518533
-4.4168e-06
0.00518596
2.37786e-06
0.00518711
5.19305e-06
0.0051885
6.24769e-06
0.00518972
5.62325e-06
0.0051908
4.95982e-06
0.00519169
4.14406e-06
0.00519243
3.43324e-06
0.00519302
2.77043e-06
0.00519349
2.1939e-06
0.00519385
1.70179e-06
0.00519412
1.3019e-06
0.00519433
9.63635e-07
0.00519447
6.99757e-07
0.00519458
5.07937e-07
0.00519465
3.62371e-07
0.00519471
2.49285e-07
0.00519474
1.68298e-07
0.00519476
1.13509e-07
0.00519478
7.90476e-08
0.00519479
5.41573e-08
0.0051948
3.65662e-08
0.0051948
2.45193e-08
0.0051948
1.68151e-08
0.00519481
1.14053e-08
0.00519481
8.5163e-09
0.00519481
6.11762e-09
0.00519481
4.94916e-09
0.00519481
3.50234e-09
0.00519481
1.76203e-09
0.00519481
4.80355e-10
0.00519481
-3.16099e-10
0.00519481
-3.75249e-10
0.00519481
7.55452e-11
0.00519481
1.40128e-10
0.00519481
7.56609e-10
0.00519481
6.33194e-10
0.00519481
1.07845e-09
0.00519481
4.32371e-10
0.00519481
3.3353e-10
0.00519481
-2.72753e-11
0.00519481
-3.51166e-10
0.00519481
-1.15138e-09
0.00519481
-1.57076e-09
0.00519481
-2.12576e-09
0.00519481
-1.90669e-09
0.00519481
-2.07656e-09
0.00519481
-1.7266e-09
0.00519481
-1.60361e-09
0.00519481
-8.97679e-10
0.00519481
-1.30871e-09
0.00519481
-1.12258e-09
0.00519481
-1.11338e-09
0.00519481
-4.48324e-10
0.00519481
1.31631e-10
0.00519481
1.13639e-09
0.00519481
1.7258e-09
0.00519481
2.00235e-09
0.00519481
1.45751e-09
0.00519481
1.40285e-09
0.00519481
8.76137e-10
0.00519481
5.41139e-10
0.00519481
-1.19523e-10
0.00519481
9.66088e-12
0.00519481
-2.10757e-10
0.00519481
-2.01135e-10
0.00519481
-5.13371e-10
0.00519481
-3.42552e-10
0.00519481
-5.64502e-10
0.00519481
-3.50321e-10
0.00519481
-5.20983e-10
0.00519481
-5.0599e-10
0.00519481
-5.0953e-10
0.00519481
-1.3572e-10
0.00519481
7.48247e-11
0.00519481
7.15066e-10
0.00519481
1.16459e-09
0.00519481
2.21677e-09
0.00519481
3.50138e-09
0.00519481
5.45527e-09
0.00519481
8.1016e-09
0.00519481
1.26388e-08
0.00519482
1.92519e-08
0.00519482
2.936e-08
0.00519483
4.4065e-08
0.00519484
6.53354e-08
0.00519486
9.69981e-08
0.00519489
1.43281e-07
0.00519494
2.22967e-07
0.005195
3.44414e-07
0.00519512
6.15526e-07
0.00519531
1.05126e-06
0.00519584
2.71848e-06
0.00519718
6.65708e-06
0.0052019
2.26801e-05
4.42073e-05
0.00510428
0.000301034
0.00516679
0.000193367
0.00518487
5.82215e-05
0.00518563
2.16943e-06
0.00518462
-3.40446e-06
0.00518523
1.76589e-06
0.00518646
3.96332e-06
0.00518794
4.77079e-06
0.00518926
4.30262e-06
0.00519042
3.79642e-06
0.00519139
3.17486e-06
0.0051922
2.63122e-06
0.00519284
2.12466e-06
0.00519335
1.68234e-06
0.00519375
1.30545e-06
0.00519405
1.00036e-06
0.00519427
7.38995e-07
0.00519444
5.355e-07
0.00519455
3.90509e-07
0.00519464
2.79801e-07
0.00519469
1.92114e-07
0.00519473
1.29224e-07
0.00519476
8.72647e-08
0.00519478
6.17339e-08
0.00519479
4.29863e-08
0.0051948
2.93493e-08
0.0051948
1.98352e-08
0.0051948
1.38652e-08
0.00519481
9.44489e-09
0.00519481
7.08696e-09
0.00519481
5.15337e-09
0.00519481
4.25606e-09
0.00519481
3.00833e-09
0.00519481
1.39782e-09
0.00519481
2.38147e-10
0.00519481
-4.62695e-10
0.00519481
-4.21014e-10
0.00519481
1.19142e-10
0.00519481
2.00389e-10
0.00519481
7.22532e-10
0.00519481
5.38378e-10
0.00519481
9.93266e-10
0.00519481
4.45032e-10
0.00519481
3.15301e-10
0.00519481
-1.58192e-11
0.00519481
-2.47441e-10
0.00519481
-9.36785e-10
0.00519481
-1.41573e-09
0.00519481
-2.07889e-09
0.00519481
-1.9558e-09
0.00519481
-2.13947e-09
0.00519481
-1.82555e-09
0.00519481
-1.73719e-09
0.00519481
-1.02083e-09
0.00519481
-1.37954e-09
0.00519481
-1.23427e-09
0.00519481
-1.1592e-09
0.00519481
-4.43878e-10
0.00519481
1.67251e-10
0.00519481
1.11295e-09
0.00519481
1.69581e-09
0.00519481
1.99761e-09
0.00519481
1.4407e-09
0.00519481
1.3336e-09
0.00519481
8.73361e-10
0.00519481
6.21755e-10
0.00519481
-2.1706e-11
0.00519481
6.8043e-11
0.00519481
-1.3519e-10
0.00519481
-1.72401e-10
0.00519481
-5.31741e-10
0.00519481
-3.96743e-10
0.00519481
-6.07556e-10
0.00519481
-3.87671e-10
0.00519481
-5.0312e-10
0.00519481
-4.91043e-10
0.00519481
-4.6504e-10
0.00519481
-7.23868e-11
0.00519481
8.2269e-11
0.00519481
6.14683e-10
0.00519481
9.37992e-10
0.00519481
1.7644e-09
0.00519481
2.80545e-09
0.00519481
4.35931e-09
0.00519481
6.36315e-09
0.00519481
9.90272e-09
0.00519482
1.50071e-08
0.00519483
2.28537e-08
0.00519484
3.4204e-08
0.00519485
5.05651e-08
0.00519487
7.49148e-08
0.0051949
1.10682e-07
0.00519495
1.72653e-07
0.00519503
2.67704e-07
0.00519517
4.80311e-07
0.0051954
8.20979e-07
0.005196
2.11335e-06
0.00519752
5.14356e-06
0.00520274
1.74575e-05
3.39579e-05
0.00510173
0.000199304
0.00516551
0.000129592
0.00518444
3.92857e-05
0.00518518
1.4357e-06
0.00518409
-2.31315e-06
0.00518468
1.16936e-06
0.00518597
2.67709e-06
0.00518752
3.22205e-06
0.00518891
2.91038e-06
0.00519014
2.56804e-06
0.00519117
2.1487e-06
0.00519202
1.78036e-06
0.0051927
1.4381e-06
0.00519325
1.13755e-06
0.00519367
8.82448e-07
0.00519399
6.77917e-07
0.00519423
4.98351e-07
0.00519441
3.59201e-07
0.00519453
2.64196e-07
0.00519462
1.90838e-07
0.00519468
1.30366e-07
0.00519473
8.6965e-08
0.00519476
5.88084e-08
0.00519478
4.28803e-08
0.00519479
3.07409e-08
0.0051948
2.13977e-08
0.0051948
1.46304e-08
0.00519481
1.05478e-08
0.00519481
7.25686e-09
0.00519481
5.49785e-09
0.00519481
4.05557e-09
0.00519481
3.47064e-09
0.00519481
2.44391e-09
0.00519481
1.0092e-09
0.00519481
-7.35533e-12
0.00519481
-6.04206e-10
0.00519481
-4.85737e-10
0.00519481
1.53238e-10
0.00519481
2.79716e-10
0.00519481
7.16655e-10
0.00519481
4.38635e-10
0.00519481
8.84147e-10
0.00519481
4.48468e-10
0.00519481
3.35261e-10
0.00519481
1.91691e-11
0.00519481
-1.52147e-10
0.00519481
-7.37647e-10
0.00519481
-1.24884e-09
0.00519481
-2.03454e-09
0.00519481
-2.01838e-09
0.00519481
-2.21676e-09
0.00519481
-1.91492e-09
0.00519481
-1.86452e-09
0.00519481
-1.13587e-09
0.00519481
-1.43421e-09
0.00519481
-1.31202e-09
0.00519481
-1.18889e-09
0.00519481
-4.21259e-10
0.00519481
2.20622e-10
0.00519481
1.10156e-09
0.00519481
1.64569e-09
0.00519481
1.9766e-09
0.00519481
1.42121e-09
0.00519481
1.26578e-09
0.00519481
8.51919e-10
0.00519481
6.98824e-10
0.00519481
9.19911e-11
0.00519481
1.34681e-10
0.00519481
-7.49364e-11
0.00519481
-1.50551e-10
0.00519481
-5.56226e-10
0.00519481
-4.59242e-10
0.00519481
-6.59551e-10
0.00519481
-4.27678e-10
0.00519481
-4.86015e-10
0.00519481
-4.58454e-10
0.00519481
-4.15752e-10
0.00519481
-8.02261e-12
0.00519481
8.81768e-11
0.00519481
5.01115e-10
0.00519481
6.89277e-10
0.00519481
1.28325e-09
0.00519481
2.04657e-09
0.00519481
3.17244e-09
0.00519481
4.48663e-09
0.00519482
6.95587e-09
0.00519482
1.04331e-08
0.00519483
1.58389e-08
0.00519484
2.35831e-08
0.00519485
3.46706e-08
0.00519488
5.10818e-08
0.00519491
7.53223e-08
0.00519497
1.17581e-07
0.00519505
1.82776e-07
0.0051952
3.28938e-07
0.00519546
5.62753e-07
0.00519613
1.44457e-06
0.00519777
3.50134e-06
0.00520338
1.1852e-05
2.30211e-05
0.00510006
9.92416e-05
0.00516466
6.49987e-05
0.00518416
1.9784e-05
0.00518488
7.15923e-07
0.00518373
-1.16754e-06
0.00518432
5.84535e-07
0.00518564
1.35342e-06
0.00518724
1.62549e-06
0.00518868
1.47026e-06
0.00518995
1.29618e-06
0.00519102
1.08443e-06
0.0051919
8.96797e-07
0.00519261
7.24264e-07
0.00519318
5.70604e-07
0.00519362
4.41664e-07
0.00519395
3.41516e-07
0.0051942
2.47096e-07
0.00519439
1.74898e-07
0.00519452
1.31919e-07
0.00519461
9.75826e-08
0.00519468
6.55305e-08
0.00519472
4.25527e-08
0.00519475
2.88486e-08
0.00519477
2.29591e-08
0.00519479
1.77322e-08
0.0051948
1.29207e-08
0.0051948
9.04176e-09
0.00519481
6.95576e-09
0.00519481
4.91236e-09
0.00519481
3.81377e-09
0.00519481
2.86342e-09
0.00519481
2.61663e-09
0.00519481
1.81964e-09
0.00519481
5.94144e-10
0.00519481
-2.58845e-10
0.00519481
-7.3318e-10
0.00519481
-5.68762e-10
0.00519481
1.64803e-10
0.00519481
3.57496e-10
0.00519481
7.34865e-10
0.00519481
3.45047e-10
0.00519481
7.62334e-10
0.00519481
4.36984e-10
0.00519481
3.87102e-10
0.00519481
8.42322e-11
0.00519481
-5.97291e-11
0.00519481
-5.69111e-10
0.00519481
-1.08057e-09
0.00519481
-1.99378e-09
0.00519481
-2.09087e-09
0.00519481
-2.30741e-09
0.00519481
-1.99412e-09
0.00519481
-1.98018e-09
0.00519481
-1.23629e-09
0.00519481
-1.4708e-09
0.00519481
-1.34989e-09
0.00519481
-1.19449e-09
0.00519481
-3.78202e-10
0.00519481
2.90115e-10
0.00519481
1.1095e-09
0.00519481
1.58466e-09
0.00519481
1.94059e-09
0.00519481
1.3982e-09
0.00519481
1.20665e-09
0.00519481
8.16892e-10
0.00519481
7.66993e-10
0.00519481
2.13654e-10
0.00519481
2.09945e-10
0.00519481
-3.28164e-11
0.00519481
-1.41825e-10
0.00519481
-5.88743e-10
0.00519481
-5.28331e-10
0.00519481
-7.20434e-10
0.00519481
-4.68867e-10
0.00519481
-4.74104e-10
0.00519481
-4.14788e-10
0.00519481
-3.6571e-10
0.00519481
4.97069e-11
0.00519481
8.64959e-11
0.00519481
3.74633e-10
0.00519481
4.19674e-10
0.00519481
7.83607e-10
0.00519481
1.24203e-09
0.00519481
1.91898e-09
0.00519481
2.51384e-09
0.00519482
3.86701e-09
0.00519482
5.63848e-09
0.00519483
8.48208e-09
0.00519484
1.24457e-08
0.00519486
1.80181e-08
0.00519488
2.60712e-08
0.00519492
3.80912e-08
0.00519498
5.92632e-08
0.00519507
9.22267e-08
0.00519523
1.66486e-07
0.00519551
2.85399e-07
0.00519622
7.32485e-07
0.00519795
1.772e-06
0.00520381
5.98978e-06
1.1625e-05
0.00509924
4.87758e-09
0.00516423
2.76043e-09
0.00518402
-4.44401e-12
0.00518473
2.75996e-09
0.00518356
5.46801e-09
0.00518414
5.81367e-09
0.00518548
1.08612e-08
0.0051871
4.9407e-09
0.00518856
6.08452e-09
0.00518986
2.51443e-09
0.00519094
1.12348e-09
0.00519184
-3.04252e-09
0.00519257
-3.12615e-09
0.00519314
-7.24431e-09
0.00519359
-7.80142e-09
0.00519393
-1.70552e-09
0.00519419
-9.23431e-09
0.00519438
-1.32264e-08
0.00519451
-3.27839e-09
0.00519461
2.22729e-09
0.00519468
-8.1749e-10
0.00519472
-2.9134e-09
0.00519475
-1.84959e-09
0.00519477
2.48529e-09
0.00519479
4.30594e-09
0.0051948
4.16142e-09
0.0051948
3.23519e-09
0.00519481
3.19091e-09
0.00519481
2.48312e-09
0.00519481
2.10388e-09
0.00519481
1.62744e-09
0.00519481
1.72069e-09
0.00519481
1.14997e-09
0.00519481
1.49786e-10
0.00519481
-5.2222e-10
0.00519481
-8.45502e-10
0.00519481
-6.64432e-10
0.00519481
1.4221e-10
0.00519481
4.13652e-10
0.00519481
7.66506e-10
0.00519481
2.6719e-10
0.00519481
6.41312e-10
0.00519481
4.11356e-10
0.00519481
4.60599e-10
0.00519481
1.81535e-10
0.00519481
3.7768e-11
0.00519481
-4.39618e-10
0.00519481
-9.23456e-10
0.00519481
-1.95642e-09
0.00519481
-2.16927e-09
0.00519481
-2.40689e-09
0.00519481
-2.0628e-09
0.00519481
-2.07944e-09
0.00519481
-1.31699e-09
0.00519481
-1.48629e-09
0.00519481
-1.34652e-09
0.00519481
-1.16946e-09
0.00519481
-3.13632e-10
0.00519481
3.73267e-10
0.00519481
1.13834e-09
0.00519481
1.52148e-09
0.00519481
1.88953e-09
0.00519481
1.3686e-09
0.00519481
1.1591e-09
0.00519481
7.73596e-10
0.00519481
8.21536e-10
0.00519481
3.33759e-10
0.00519481
2.91219e-10
0.00519481
-9.35884e-12
0.00519481
-1.51816e-10
0.00519481
-6.3129e-10
0.00519481
-6.01712e-10
0.00519481
-7.88474e-10
0.00519481
-5.10537e-10
0.00519481
-4.69093e-10
0.00519481
-3.66962e-10
0.00519481
-3.16803e-10
0.00519481
9.71767e-11
0.00519481
7.45662e-11
0.00519481
2.38116e-10
0.00519481
1.34044e-10
0.00519481
2.76294e-10
0.00519481
4.12717e-10
0.00519481
6.25791e-10
0.00519481
4.89142e-10
0.00519482
7.06964e-10
0.00519482
7.34181e-10
0.00519483
9.54373e-10
0.00519484
1.04444e-09
0.00519486
9.83957e-10
0.00519488
4.76411e-10
0.00519492
-7.65641e-11
0.00519498
-6.91967e-10
0.00519507
-1.1592e-09
0.00519524
-1.58675e-09
0.00519553
-1.65826e-09
0.00519626
-1.49786e-09
0.00519804
-1.30414e-09
0.00520403
-1.23759e-09
-9.16757e-10
0.00509924
-9.92322e-05
0.00516423
-6.49935e-05
0.00518402
-1.97842e-05
0.00518473
-7.10799e-07
0.00518356
1.17795e-06
0.00518414
-5.73285e-07
0.00518548
-1.33223e-06
0.0051871
-1.61582e-06
0.00518856
-1.45827e-06
0.00518986
-1.29118e-06
0.00519094
-1.08207e-06
0.00519184
-9.02666e-07
0.00519257
-7.30238e-07
0.00519314
-5.84677e-07
0.00519359
-4.56808e-07
0.00519393
-3.44576e-07
0.00519419
-2.65093e-07
0.00519438
-2.00955e-07
0.00519451
-1.38303e-07
0.00519461
-9.30012e-08
0.00519468
-6.70671e-08
0.00519472
-4.83077e-08
0.00519475
-3.2498e-08
0.00519477
-1.80039e-08
0.00519479
-9.1771e-09
0.0051948
-4.62526e-09
0.0051948
-2.60462e-09
0.00519481
-6.36524e-10
0.00519481
3.6597e-11
0.00519481
4.32302e-10
0.00519481
4.0525e-10
0.00519481
8.12766e-10
0.00519481
4.53869e-10
0.00519481
-3.22321e-10
0.00519481
-8.03898e-10
0.00519481
-9.42362e-10
0.00519481
-7.63034e-10
0.00519481
7.89219e-11
0.00519481
4.32206e-10
0.00519481
7.97784e-10
0.00519481
2.11346e-10
0.00519481
5.33737e-10
0.00519481
3.78411e-10
0.00519481
5.44417e-10
0.00519481
3.08107e-10
0.00519481
1.47514e-10
0.00519481
-3.49623e-10
0.00519481
-7.90529e-10
0.00519481
-1.9219e-09
0.00519481
-2.25007e-09
0.00519481
-2.50882e-09
0.00519481
-2.12059e-09
0.00519481
-2.15849e-09
0.00519481
-1.37514e-09
0.00519481
-1.4776e-09
0.00519481
-1.3042e-09
0.00519481
-1.11069e-09
0.00519481
-2.28537e-10
0.00519481
4.66411e-10
0.00519481
1.18352e-09
0.00519481
1.46223e-09
0.00519481
1.82268e-09
0.00519481
1.32777e-09
0.00519481
1.12163e-09
0.00519481
7.27713e-10
0.00519481
8.59353e-10
0.00519481
4.4328e-10
0.00519481
3.73236e-10
0.00519481
-2.64688e-12
0.00519481
-1.83805e-10
0.00519481
-6.84974e-10
0.00519481
-6.7681e-10
0.00519481
-8.59816e-10
0.00519481
-5.51764e-10
0.00519481
-4.69701e-10
0.00519481
-3.20083e-10
0.00519481
-2.69052e-10
0.00519481
1.35006e-10
0.00519481
5.38802e-11
0.00519481
9.67176e-11
0.00519481
-1.59068e-10
0.00519481
-2.27242e-10
0.00519481
-4.17739e-10
0.00519481
-6.77385e-10
0.00519481
-1.54118e-09
0.00519482
-2.45255e-09
0.00519482
-4.16897e-09
0.00519483
-6.57327e-09
0.00519484
-1.03655e-08
0.00519486
-1.60538e-08
0.00519488
-2.51033e-08
0.00519492
-3.82257e-08
0.00519498
-6.06307e-08
0.00519507
-9.45095e-08
0.00519524
-1.69634e-07
0.00519553
-2.88691e-07
0.00519626
-7.35462e-07
0.00519804
-1.7746e-06
0.00520403
-5.99225e-06
-1.16268e-05
0.00510006
-0.000199295
0.00516466
-0.000129588
0.00518416
-3.92865e-05
0.00518488
-1.43163e-06
0.00518373
2.32214e-06
0.00518432
-1.15915e-06
0.00518564
-2.65738e-06
0.00518724
-3.21297e-06
0.00518868
-2.89888e-06
0.00518995
-2.56317e-06
0.00519102
-2.14604e-06
0.0051919
-1.78565e-06
0.00519261
-1.44332e-06
0.00519318
-1.15048e-06
0.00519362
-8.96345e-07
0.00519395
-6.80024e-07
0.00519421
-5.15057e-07
0.00519439
-3.84151e-07
0.00519452
-2.70104e-07
0.00519461
-1.85916e-07
0.00519468
-1.31632e-07
0.00519472
-9.25246e-08
0.00519475
-6.23293e-08
0.00519477
-3.79805e-08
0.00519479
-2.23648e-08
0.0051948
-1.3198e-08
0.0051948
-8.29423e-09
0.00519481
-4.41114e-09
0.00519481
-2.36639e-09
0.00519481
-1.15136e-09
0.00519481
-7.4696e-10
0.00519481
-7.46026e-11
0.00519481
-2.43848e-10
0.00519481
-8.12938e-10
0.00519481
-1.10738e-09
0.00519481
-1.03054e-09
0.00519481
-8.53711e-10
0.00519481
-2.34065e-11
0.00519481
4.03615e-10
0.00519481
8.15169e-10
0.00519481
1.7955e-10
0.00519481
4.48753e-10
0.00519481
3.48474e-10
0.00519481
6.2861e-10
0.00519481
4.55892e-10
0.00519481
2.73171e-10
0.00519481
-2.92828e-10
0.00519481
-6.9305e-10
0.00519481
-1.89049e-09
0.00519481
-2.33028e-09
0.00519481
-2.60674e-09
0.00519481
-2.16647e-09
0.00519481
-2.21422e-09
0.00519481
-1.40969e-09
0.00519481
-1.44228e-09
0.00519481
-1.22715e-09
0.00519481
-1.01897e-09
0.00519481
-1.26304e-10
0.00519481
5.64801e-10
0.00519481
1.23617e-09
0.00519481
1.40927e-09
0.00519481
1.73977e-09
0.00519481
1.27128e-09
0.00519481
1.08947e-09
0.00519481
6.85131e-10
0.00519481
8.79999e-10
0.00519481
5.35782e-10
0.00519481
4.49877e-10
0.00519481
-8.34527e-12
0.00519481
-2.36984e-10
0.00519481
-7.48816e-10
0.00519481
-7.5058e-10
0.00519481
-9.28918e-10
0.00519481
-5.9051e-10
0.00519481
-4.72432e-10
0.00519481
-2.76597e-10
0.00519481
-2.21623e-10
0.00519481
1.66258e-10
0.00519481
2.89901e-11
0.00519481
-4.32757e-11
0.00519481
-4.48959e-10
0.00519481
-7.15363e-10
0.00519481
-1.22508e-09
0.00519481
-1.95859e-09
0.00519481
-3.53017e-09
0.00519482
-5.54029e-09
0.00519482
-8.96229e-09
0.00519483
-1.39338e-08
0.00519484
-2.1531e-08
0.00519486
-3.27207e-08
0.00519488
-5.00768e-08
0.00519492
-7.54069e-08
0.00519498
-1.18903e-07
0.00519507
-1.84959e-07
0.00519523
-3.3201e-07
0.00519551
-5.65974e-07
0.00519622
-1.44749e-06
0.00519795
-3.50394e-06
0.00520381
-1.18545e-05
-2.30229e-05
0.00510173
-0.000301026
0.00516551
-0.000193364
0.00518444
-5.82229e-05
0.00518518
-2.16676e-06
0.00518409
3.41152e-06
0.00518468
-1.75715e-06
0.00518597
-3.94574e-06
0.00518752
-4.76256e-06
0.00518891
-4.29188e-06
0.00519014
-3.7918e-06
0.00519117
-3.17186e-06
0.00519202
-2.63581e-06
0.00519271
-2.12883e-06
0.00519325
-1.69367e-06
0.00519367
-1.31765e-06
0.00519399
-1.00118e-06
0.00519423
-7.53918e-07
0.00519441
-5.58857e-07
0.00519453
-3.95755e-07
0.00519462
-2.74433e-07
0.00519468
-1.93011e-07
0.00519473
-1.34517e-07
0.00519476
-9.06314e-08
0.00519478
-5.69558e-08
0.00519479
-3.49339e-08
0.0051948
-2.13476e-08
0.0051948
-1.36723e-08
0.0051948
-8.01892e-09
0.00519481
-4.67037e-09
0.00519481
-2.61594e-09
0.00519481
-1.78362e-09
0.00519481
-9.07177e-10
0.00519481
-9.14722e-10
0.00519481
-1.30349e-09
0.00519481
-1.43025e-09
0.00519481
-1.12061e-09
0.00519481
-9.28254e-10
0.00519481
-1.54248e-10
0.00519481
3.2606e-10
0.00519481
8.07841e-10
0.00519481
1.69844e-10
0.00519481
3.90401e-10
0.00519481
3.31927e-10
0.00519481
7.06266e-10
0.00519481
6.12666e-10
0.00519481
4.13099e-10
0.00519481
-2.59175e-10
0.00519481
-6.38411e-10
0.00519481
-1.86404e-09
0.00519481
-2.40693e-09
0.00519481
-2.69505e-09
0.00519481
-2.19815e-09
0.00519481
-2.24351e-09
0.00519481
-1.42038e-09
0.00519481
-1.37906e-09
0.00519481
-1.12016e-09
0.00519481
-8.98316e-10
0.00519481
-1.24905e-11
0.00519481
6.62941e-10
0.00519481
1.28599e-09
0.00519481
1.36136e-09
0.00519481
1.64186e-09
0.00519481
1.19683e-09
0.00519481
1.05638e-09
0.00519481
6.51113e-10
0.00519481
8.86269e-10
0.00519481
6.08504e-10
0.00519481
5.16132e-10
0.00519481
-2.01778e-11
0.00519481
-3.05878e-10
0.00519481
-8.18953e-10
0.00519481
-8.19284e-10
0.00519481
-9.89465e-10
0.00519481
-6.23568e-10
0.00519481
-4.72817e-10
0.00519481
-2.36861e-10
0.00519481
-1.74156e-10
0.00519481
1.94013e-10
0.00519481
5.35689e-12
0.00519481
-1.75658e-10
0.00519481
-7.24991e-10
0.00519481
-1.17691e-09
0.00519481
-1.98689e-09
0.00519481
-3.18506e-09
0.00519481
-5.4314e-09
0.00519482
-8.48674e-09
0.00519482
-1.35403e-08
0.00519483
-2.09661e-08
0.00519484
-3.22051e-08
0.00519485
-4.86503e-08
0.00519488
-7.38719e-08
0.00519491
-1.107e-07
0.00519497
-1.73909e-07
0.00519505
-2.69743e-07
0.0051952
-4.83264e-07
0.00519546
-8.24089e-07
0.00519613
-2.11619e-06
0.00519777
-5.14614e-06
0.00520338
-1.74599e-05
-3.39597e-05
0.00510428
-0.000405305
0.00516679
-0.000255878
0.00518487
-7.63056e-05
0.00518563
-2.92347e-06
0.00518462
4.42197e-06
0.00518523
-2.37066e-06
0.00518646
-5.17784e-06
0.00518794
-6.24042e-06
0.00518926
-5.61345e-06
0.00519043
-4.95562e-06
0.0051914
-4.14083e-06
0.0051922
-3.43723e-06
0.00519284
-2.77354e-06
0.00519335
-2.20353e-06
0.00519375
-1.71227e-06
0.00519405
-1.30145e-06
0.00519427
-9.76707e-07
0.00519444
-7.21336e-07
0.00519455
-5.12486e-07
0.00519464
-3.56594e-07
0.00519469
-2.49814e-07
0.00519473
-1.73314e-07
0.00519476
-1.16758e-07
0.00519478
-7.44917e-08
0.00519479
-4.6596e-08
0.0051948
-2.88989e-08
0.0051948
-1.861e-08
0.0051948
-1.13535e-08
0.00519481
-6.82042e-09
0.00519481
-3.94448e-09
0.00519481
-2.67506e-09
0.00519481
-1.652e-09
0.00519481
-1.5282e-09
0.00519481
-1.76815e-09
0.00519481
-1.76243e-09
0.00519481
-1.22358e-09
0.00519481
-9.84234e-10
0.00519481
-2.9658e-10
0.00519481
2.05604e-10
0.00519481
7.68943e-10
0.00519481
1.77393e-10
0.00519481
3.57662e-10
0.00519481
3.35785e-10
0.00519481
7.74094e-10
0.00519481
7.63834e-10
0.00519481
5.59656e-10
0.00519481
-2.38309e-10
0.00519481
-6.2868e-10
0.00519481
-1.84554e-09
0.00519481
-2.47631e-09
0.00519481
-2.76896e-09
0.00519481
-2.21224e-09
0.00519481
-2.24278e-09
0.00519481
-1.40758e-09
0.00519481
-1.28817e-09
0.00519481
-9.88556e-10
0.00519481
-7.54753e-10
0.00519481
1.05954e-10
0.00519481
7.54966e-10
0.00519481
1.32388e-09
0.00519481
1.31487e-09
0.00519481
1.5315e-09
0.00519481
1.1052e-09
0.00519481
1.01679e-09
0.00519481
6.28935e-10
0.00519481
8.83655e-10
0.00519481
6.6201e-10
0.00519481
5.68867e-10
0.00519481
-3.09465e-11
0.00519481
-3.81326e-10
0.00519481
-8.88805e-10
0.00519481
-8.78498e-10
0.00519481
-1.03541e-09
0.00519481
-6.47524e-10
0.00519481
-4.66861e-10
0.00519481
-2.00441e-10
0.00519481
-1.27607e-10
0.00519481
2.19677e-10
0.00519481
-1.27005e-11
0.00519481
-2.95188e-10
0.00519481
-9.78453e-10
0.00519481
-1.60188e-09
0.00519481
-2.68421e-09
0.00519481
-4.32488e-09
0.00519481
-7.19999e-09
0.00519481
-1.12252e-08
0.00519482
-1.78013e-08
0.00519483
-2.75162e-08
0.00519483
-4.21497e-08
0.00519485
-6.34874e-08
0.00519487
-9.59439e-08
0.0051949
-1.43238e-07
0.00519495
-2.24148e-07
0.00519503
-3.4629e-07
0.00519517
-6.18325e-07
0.0051954
-1.05423e-06
0.005196
-2.72122e-06
0.00519751
-6.6596e-06
0.00520274
-2.26825e-05
-4.4209e-05
0.00510776
-0.000513066
0.00516852
-0.000316642
0.00518546
-9.32408e-05
0.00518624
-3.70912e-06
0.00518533
5.33287e-06
0.00518596
-3.00008e-06
0.00518712
-6.33328e-06
0.0051885
-7.62193e-06
0.00518972
-6.83976e-06
0.0051908
-6.03327e-06
0.0051917
-5.03451e-06
0.00519243
-4.17431e-06
0.00519302
-3.36455e-06
0.00519349
-2.66966e-06
0.00519385
-2.07201e-06
0.00519412
-1.57446e-06
0.00519433
-1.17866e-06
0.00519447
-8.68064e-07
0.00519458
-6.17688e-07
0.00519465
-4.30559e-07
0.00519471
-3.00766e-07
0.00519474
-2.0802e-07
0.00519476
-1.40116e-07
0.00519478
-9.01908e-08
0.00519479
-5.70867e-08
0.0051948
-3.56977e-08
0.0051948
-2.30064e-08
0.0051948
-1.43188e-08
0.00519481
-8.75659e-09
0.00519481
-5.12446e-09
0.00519481
-3.40811e-09
0.00519481
-2.28132e-09
0.00519481
-2.05497e-09
0.00519481
-2.17825e-09
0.00519481
-2.0866e-09
0.00519481
-1.34675e-09
0.00519481
-1.02617e-09
0.00519481
-4.31716e-10
0.00519481
5.50164e-11
0.00519481
6.95989e-10
0.00519481
1.95624e-10
0.00519481
3.46005e-10
0.00519481
3.61629e-10
0.00519481
8.32228e-10
0.00519481
8.95133e-10
0.00519481
7.00645e-10
0.00519481
-2.2248e-10
0.00519481
-6.59597e-10
0.00519481
-1.83753e-09
0.00519481
-2.53344e-09
0.00519481
-2.82366e-09
0.00519481
-2.20506e-09
0.00519481
-2.20857e-09
0.00519481
-1.37252e-09
0.00519481
-1.17207e-09
0.00519481
-8.38234e-10
0.00519481
-5.95556e-10
0.00519481
2.22201e-10
0.00519481
8.35234e-10
0.00519481
1.34365e-09
0.00519481
1.26545e-09
0.00519481
1.41235e-09
0.00519481
9.99567e-10
0.00519481
9.67242e-10
0.00519481
6.18695e-10
0.00519481
8.78587e-10
0.00519481
6.98732e-10
0.00519481
6.06488e-10
0.00519481
-3.45539e-11
0.00519481
-4.52579e-10
0.00519481
-9.50654e-10
0.00519481
-9.23579e-10
0.00519481
-1.06214e-09
0.00519481
-6.59977e-10
0.00519481
-4.52185e-10
0.00519481
-1.66789e-10
0.00519481
-8.40754e-11
0.00519481
2.42464e-10
0.00519481
-2.32508e-11
0.00519481
-3.98062e-10
0.00519481
-1.20308e-09
0.00519481
-1.98183e-09
0.00519481
-3.30193e-09
0.00519481
-5.3482e-09
0.00519481
-8.79304e-09
0.00519481
-1.36925e-08
0.00519482
-2.16477e-08
0.00519482
-3.34371e-08
0.00519483
-5.11389e-08
0.00519484
-7.68921e-08
0.00519486
-1.15782e-07
0.00519489
-1.72224e-07
0.00519494
-2.6826e-07
0.005195
-4.12306e-07
0.00519512
-7.32692e-07
0.00519531
-1.24852e-06
0.00519583
-3.24381e-06
0.00519718
-8.00512e-06
0.0052019
-2.73988e-05
-5.35444e-05
0.00511226
-0.000625321
0.00517072
-0.000375106
0.0051862
-0.000108726
0.00518703
-4.53048e-06
0.00518623
6.12815e-06
0.00518687
-3.6418e-06
0.00518793
-7.39044e-06
0.00518919
-8.88183e-06
0.00519029
-7.94685e-06
0.00519126
-7.0034e-06
0.00519206
-5.83463e-06
0.00519272
-4.83169e-06
0.00519325
-3.88925e-06
0.00519366
-3.08189e-06
0.00519398
-2.38896e-06
0.00519421
-1.8141e-06
0.00519439
-1.3552e-06
0.00519452
-9.95679e-07
0.00519461
-7.08891e-07
0.00519468
-4.94577e-07
0.00519472
-3.44677e-07
0.00519475
-2.37796e-07
0.00519477
-1.60135e-07
0.00519478
-1.03673e-07
0.00519479
-6.61461e-08
0.0051948
-4.15884e-08
0.0051948
-2.67734e-08
0.0051948
-1.68286e-08
0.00519481
-1.0412e-08
0.00519481
-6.13812e-09
0.00519481
-3.98296e-09
0.00519481
-2.77783e-09
0.00519481
-2.47233e-09
0.00519481
-2.50826e-09
0.00519481
-2.38126e-09
0.00519481
-1.49066e-09
0.00519481
-1.06411e-09
0.00519481
-5.44524e-10
0.00519481
-1.08863e-10
0.00519481
5.91673e-10
0.00519481
2.16487e-10
0.00519481
3.50255e-10
0.00519481
4.06126e-10
0.00519481
8.82981e-10
0.00519481
9.95944e-10
0.00519481
8.22187e-10
0.00519481
-2.07974e-10
0.00519481
-7.21003e-10
0.00519481
-1.83925e-09
0.00519481
-2.57187e-09
0.00519481
-2.85383e-09
0.00519481
-2.174e-09
0.00519481
-2.1393e-09
0.00519481
-1.31767e-09
0.00519481
-1.03666e-09
0.00519481
-6.74922e-10
0.0051948
-4.29293e-10
0.0051948
3.31168e-10
0.0051948
8.9973e-10
0.0051948
1.34266e-09
0.0051948
1.20861e-09
0.0051948
1.28858e-09
0.0051948
8.83457e-10
0.0051948
9.06949e-10
0.0051948
6.17361e-10
0.0051948
8.75803e-10
0.0051948
7.21321e-10
0.0051948
6.28008e-10
0.0051948
-2.88937e-11
0.0051948
-5.0974e-10
0.0051948
-9.97814e-10
0.0051948
-9.50737e-10
0.0051948
-1.06755e-09
0.0051948
-6.60141e-10
0.0051948
-4.28984e-10
0.0051948
-1.35387e-10
0.0051948
-4.59337e-11
0.0051948
2.59987e-10
0.0051948
-2.71253e-11
0.0051948
-4.82131e-10
0.0051948
-1.39447e-09
0.0051948
-2.30953e-09
0.00519481
-3.8281e-09
0.00519481
-6.22766e-09
0.00519481
-1.01698e-08
0.00519481
-1.58289e-08
0.00519481
-2.49863e-08
0.00519482
-3.85889e-08
0.00519483
-5.89609e-08
0.00519484
-8.85451e-08
0.00519485
-1.32918e-07
0.00519488
-1.96947e-07
0.00519492
-3.0507e-07
0.00519497
-4.65852e-07
0.00519506
-8.226e-07
0.00519521
-1.40027e-06
0.00519564
-3.66732e-06
0.00519678
-9.14667e-06
0.00520087
-3.14898e-05
-6.17421e-05
0.00511787
-0.00074319
0.0051734
-0.000430636
0.00518712
-0.000122448
0.00518798
-5.39257e-06
0.00518731
6.79723e-06
0.00518796
-4.28732e-06
0.00518889
-8.3262e-06
0.00519001
-9.99398e-06
0.00519097
-8.91056e-06
0.00519181
-7.84464e-06
0.0051925
-6.52308e-06
0.00519306
-5.39426e-06
0.0051935
-4.33534e-06
0.00519385
-3.4304e-06
0.00519412
-2.65541e-06
0.00519432
-2.01448e-06
0.00519447
-1.50188e-06
0.00519457
-1.10097e-06
0.00519465
-7.83756e-07
0.0051947
-5.46973e-07
0.00519473
-3.80424e-07
0.00519476
-2.61858e-07
0.00519478
-1.76268e-07
0.00519479
-1.14563e-07
0.00519479
-7.35091e-08
0.0051948
-4.64017e-08
0.0051948
-2.98221e-08
0.0051948
-1.88091e-08
0.0051948
-1.17186e-08
0.0051948
-6.9599e-09
0.00519481
-4.40937e-09
0.00519481
-3.13944e-09
0.00519481
-2.77075e-09
0.00519481
-2.74175e-09
0.00519481
-2.62565e-09
0.00519481
-1.64754e-09
0.0051948
-1.11029e-09
0.0051948
-6.27544e-10
0.0051948
-2.67954e-10
0.0051948
4.63535e-10
0.0051948
2.31633e-10
0.0051948
3.66065e-10
0.0051948
4.63361e-10
0.0051948
9.28388e-10
0.0051948
1.06098e-09
0.0051948
9.1402e-10
0.0051948
-1.94836e-10
0.0051948
-7.97988e-10
0.0051948
-1.84585e-09
0.0051948
-2.58319e-09
0.0051948
-2.85439e-09
0.0051948
-2.11684e-09
0.0051948
-2.03569e-09
0.0051948
-1.24485e-09
0.0051948
-8.90564e-10
0.0051948
-5.0368e-10
0.0051948
-2.65615e-10
0.0051948
4.30191e-10
0.0051948
9.46092e-10
0.0051948
1.32129e-09
0.0051948
1.14063e-09
0.0051948
1.1643e-09
0.0051948
7.60393e-10
0.0051948
8.36825e-10
0.0051948
6.19392e-10
0.0051948
8.76067e-10
0.0051948
7.31067e-10
0.0051948
6.32066e-10
0.0051948
-1.79061e-11
0.0051948
-5.46285e-10
0.0051948
-1.02625e-09
0.0051948
-9.57737e-10
0.0051948
-1.05228e-09
0.0051948
-6.47884e-10
0.0051948
-3.99308e-10
0.0051948
-1.05856e-10
0.0051948
-1.58356e-11
0.0051948
2.69657e-10
0.0051948
-2.72808e-11
0.0051948
-5.45964e-10
0.0051948
-1.54886e-09
0.0051948
-2.57825e-09
0.0051948
-4.25343e-09
0.0051948
-6.93876e-09
0.0051948
-1.12916e-08
0.00519481
-1.7579e-08
0.00519481
-2.77301e-08
0.00519481
-4.28403e-08
0.00519482
-6.54206e-08
0.00519483
-9.81536e-08
0.00519484
-1.46931e-07
0.00519486
-2.16799e-07
0.00519489
-3.33621e-07
0.00519493
-5.05419e-07
0.00519499
-8.85179e-07
0.0051951
-1.50427e-06
0.00519541
-3.97781e-06
0.00519631
-1.00522e-05
0.00519967
-3.48417e-05
-6.85818e-05
0.00512474
-0.000867929
0.00517659
-0.000482487
0.00518822
-0.000134076
0.00518912
-6.29674e-06
0.00518858
7.33568e-06
0.00518922
-4.92243e-06
0.00519001
-9.11583e-06
0.00519095
-1.09312e-05
0.00519174
-9.70652e-06
0.00519243
-8.53561e-06
0.00519299
-7.08197e-06
0.00519344
-5.84729e-06
0.0051938
-4.69098e-06
0.00519407
-3.70576e-06
0.00519428
-2.86405e-06
0.00519443
-2.17004e-06
0.00519455
-1.61457e-06
0.00519463
-1.18095e-06
0.00519468
-8.40139e-07
0.00519472
-5.86203e-07
0.00519475
-4.0697e-07
0.00519477
-2.795e-07
0.00519478
-1.88009e-07
0.00519479
-1.22507e-07
0.00519479
-7.89201e-08
0.0051948
-4.99643e-08
0.0051948
-3.20634e-08
0.0051948
-2.02066e-08
0.0051948
-1.2622e-08
0.0051948
-7.56119e-09
0.0051948
-4.70348e-09
0.0051948
-3.38043e-09
0.0051948
-2.9585e-09
0.0051948
-2.87569e-09
0.0051948
-2.80469e-09
0.0051948
-1.80271e-09
0.0051948
-1.17449e-09
0.0051948
-6.81394e-10
0.0051948
-4.07787e-10
0.0051948
3.24279e-10
0.0051948
2.34475e-10
0.0051948
3.89058e-10
0.0051948
5.26637e-10
0.0051948
9.70771e-10
0.0051948
1.09139e-09
0.0051948
9.7303e-10
0.0051948
-1.82117e-10
0.0051948
-8.73589e-10
0.0051948
-1.8499e-09
0.0051948
-2.55804e-09
0.0051948
-2.8216e-09
0.0051948
-2.03019e-09
0.0051948
-1.8998e-09
0.0051948
-1.15451e-09
0.0051948
-7.42504e-10
0.0051948
-3.29929e-10
0.0051948
-1.11386e-10
0.0051948
5.16057e-10
0.0051948
9.71987e-10
0.0051948
1.28256e-09
0.0051948
1.05864e-09
0.0051948
1.04366e-09
0.0051948
6.34718e-10
0.0051948
7.57588e-10
0.0051948
6.17058e-10
0.0051948
8.76828e-10
0.0051948
7.2748e-10
0.0051948
6.17161e-10
0.0051948
-9.32123e-12
0.0051948
-5.622e-10
0.0051948
-1.03604e-09
0.0051948
-9.44367e-10
0.0051948
-1.01924e-09
0.0051948
-6.23468e-10
0.0051948
-3.65377e-10
0.0051948
-7.71688e-11
0.0051948
4.43167e-12
0.0051948
2.68907e-10
0.0051948
-2.75728e-11
0.0051948
-5.88295e-10
0.0051948
-1.66242e-09
0.0051948
-2.78014e-09
0.0051948
-4.57031e-09
0.0051948
-7.46101e-09
0.0051948
-1.21232e-08
0.0051948
-1.88916e-08
0.0051948
-2.98001e-08
0.00519481
-4.60719e-08
0.00519481
-7.03433e-08
0.00519482
-1.05459e-07
0.00519483
-1.57457e-07
0.00519484
-2.31286e-07
0.00519486
-3.53205e-07
0.00519489
-5.29983e-07
0.00519492
-9.18597e-07
0.00519497
-1.55709e-06
0.00519516
-4.16459e-06
0.0051958
-1.06946e-05
0.00519831
-3.7348e-05
-7.38484e-05
0.00513304
-0.00100097
0.00518032
-0.000529768
0.00518951
-0.000143263
0.00519045
-7.23799e-06
0.00519004
7.74539e-06
0.00519065
-5.52661e-06
0.00519126
-9.73303e-06
0.005192
-1.16653e-05
0.0051926
-1.03102e-05
0.00519312
-9.05504e-06
0.00519353
-7.4939e-06
0.00519386
-6.17659e-06
0.00519411
-4.94502e-06
0.00519431
-3.89928e-06
0.00519445
-3.0082e-06
0.00519455
-2.27579e-06
0.00519463
-1.68958e-06
0.00519468
-1.23299e-06
0.00519472
-8.76209e-07
0.00519474
-6.10961e-07
0.00519476
-4.23434e-07
0.00519477
-2.90151e-07
0.00519478
-1.9495e-07
0.00519478
-1.27214e-07
0.00519479
-8.21705e-08
0.00519479
-5.21299e-08
0.00519479
-3.34251e-08
0.00519479
-2.09982e-08
0.00519479
-1.30958e-08
0.00519479
-7.91767e-09
0.00519479
-4.88349e-09
0.00519479
-3.52559e-09
0.00519479
-3.05966e-09
0.00519479
-2.92057e-09
0.00519479
-2.91149e-09
0.00519479
-1.93773e-09
0.00519479
-1.25932e-09
0.00519479
-7.12571e-10
0.00519479
-5.18418e-10
0.00519479
1.8916e-10
0.00519479
2.24288e-10
0.00519479
4.14295e-10
0.00519479
5.90529e-10
0.00519479
1.0155e-09
0.00519479
1.09365e-09
0.00519479
1.00086e-09
0.00519479
-1.68826e-10
0.00519479
-9.3377e-10
0.00519479
-1.84254e-09
0.00519479
-2.48482e-09
0.00519479
-2.75173e-09
0.00519479
-1.91271e-09
0.00519479
-1.73737e-09
0.00519479
-1.05004e-09
0.00519479
-6.05271e-10
0.00519479
-1.61672e-10
0.00519479
2.87903e-11
0.00519479
5.85392e-10
0.00519479
9.75324e-10
0.00519479
1.23076e-09
0.00519479
9.6271e-10
0.00519479
9.27932e-10
0.00519479
5.1102e-10
0.00519479
6.69513e-10
0.00519479
6.02055e-10
0.00519479
8.75395e-10
0.00519479
7.07843e-10
0.00519479
5.858e-10
0.00519479
-1.19384e-11
0.00519479
-5.60916e-10
0.00519479
-1.02838e-09
0.00519479
-9.09448e-10
0.00519479
-9.72528e-10
0.00519479
-5.90085e-10
0.00519479
-3.32249e-10
0.00519479
-4.97582e-11
0.00519479
1.2949e-11
0.00519479
2.55978e-10
0.00519479
-3.11474e-11
0.00519479
-6.08838e-10
0.00519479
-1.73319e-09
0.00519479
-2.90852e-09
0.00519479
-4.77073e-09
0.00519479
-7.77768e-09
0.00519479
-1.26342e-08
0.00519479
-1.97222e-08
0.00519479
-3.11298e-08
0.00519479
-4.81806e-08
0.0051948
-7.35792e-08
0.0051948
-1.10241e-07
0.00519481
-1.64196e-07
0.00519482
-2.40035e-07
0.00519483
-3.63379e-07
0.00519483
-5.39058e-07
0.00519484
-9.22172e-07
0.00519484
-1.55726e-06
0.00519489
-4.22082e-06
0.00519525
-1.10523e-05
0.00519682
-3.89116e-05
-7.73337e-05
0.005143
-0.00114397
0.00518463
-0.000571399
0.005191
-0.000149632
0.00519196
-8.20121e-06
0.00519167
8.03411e-06
0.00519222
-6.07261e-06
0.00519264
-1.01501e-05
0.00519314
-1.2167e-05
0.00519353
-1.06969e-05
0.00519385
-9.382e-06
0.0051941
-7.74218e-06
0.00519429
-6.36886e-06
0.00519443
-5.08725e-06
0.00519454
-4.00322e-06
0.00519461
-3.08208e-06
0.00519466
-2.3275e-06
0.0051947
-1.72394e-06
0.00519472
-1.25503e-06
0.00519474
-8.90587e-07
0.00519475
-6.20297e-07
0.00519475
-4.2917e-07
0.00519475
-2.93424e-07
0.00519476
-1.9684e-07
0.00519476
-1.28507e-07
0.00519476
-8.31392e-08
0.00519476
-5.2817e-08
0.00519476
-3.38692e-08
0.00519476
-2.11942e-08
0.00519476
-1.31473e-08
0.00519476
-8.01267e-09
0.00519476
-4.96385e-09
0.00519476
-3.59863e-09
0.00519476
-3.10212e-09
0.00519476
-2.89453e-09
0.00519476
-2.94516e-09
0.00519476
-2.03542e-09
0.00519476
-1.35413e-09
0.00519476
-7.3103e-10
0.00519476
-5.95259e-10
0.00519476
7.49051e-11
0.00519476
2.01673e-10
0.00519476
4.41395e-10
0.00519476
6.46843e-10
0.00519476
1.0633e-09
0.00519476
1.07552e-09
0.00519476
1.00281e-09
0.00519476
-1.51837e-10
0.00519476
-9.65267e-10
0.00519476
-1.81265e-09
0.00519476
-2.36179e-09
0.00519476
-2.64125e-09
0.00519476
-1.76735e-09
0.00519476
-1.55236e-09
0.00519476
-9.30192e-10
0.00519476
-4.85487e-10
0.00519476
-3.6176e-12
0.00519476
1.52155e-10
0.00519476
6.35178e-10
0.00519476
9.54585e-10
0.00519476
1.16667e-09
0.00519476
8.5329e-10
0.00519476
8.19079e-10
0.00519476
3.94954e-10
0.00519476
5.79032e-10
0.00519476
5.68795e-10
0.00519476
8.66056e-10
0.00519476
6.72191e-10
0.00519476
5.39704e-10
0.00519476
-2.94736e-11
0.00519476
-5.47035e-10
0.00519476
-1.00658e-09
0.00519476
-8.56325e-10
0.00519476
-9.15158e-10
0.00519476
-5.51519e-10
0.00519476
-3.03879e-10
0.00519476
-2.16452e-11
0.00519476
9.87541e-12
0.00519476
2.30661e-10
0.00519476
-4.05245e-11
0.00519476
-6.08114e-10
0.00519476
-1.75552e-09
0.00519476
-2.95374e-09
0.00519476
-4.84898e-09
0.00519476
-7.8793e-09
0.00519476
-1.28035e-08
0.00519476
-2.00379e-08
0.00519476
-3.16696e-08
0.00519476
-4.90854e-08
0.00519476
-7.50082e-08
0.00519476
-1.1233e-07
0.00519476
-1.66922e-07
0.00519477
-2.42805e-07
0.00519477
-3.6398e-07
0.00519476
-5.32716e-07
0.00519474
-8.96461e-07
0.00519468
-1.50549e-06
0.00519461
-4.14412e-06
0.00519466
-1.111e-05
0.0051952
-3.9448e-05
-7.88388e-05
0.00515488
-0.00129885
0.00518952
-0.000606044
0.00519267
-0.000152775
0.00519362
-9.15616e-06
0.00519344
8.21371e-06
0.0051939
-6.52635e-06
0.00519409
-1.03382e-05
0.00519432
-1.24057e-05
0.00519447
-1.08426e-05
0.00519458
-9.49615e-06
0.00519465
-7.81116e-06
0.0051947
-6.41195e-06
0.00519472
-5.1087e-06
0.00519473
-4.01104e-06
0.00519473
-3.08101e-06
0.00519472
-2.32195e-06
0.00519471
-1.71548e-06
0.0051947
-1.24569e-06
0.0051947
-8.82425e-07
0.00519469
-6.13691e-07
0.00519468
-4.23837e-07
0.00519468
-2.89139e-07
0.00519468
-1.93605e-07
0.00519468
-1.26342e-07
0.00519467
-8.18098e-08
0.00519467
-5.20233e-08
0.00519467
-3.33974e-08
0.00519467
-2.08332e-08
0.00519467
-1.28145e-08
0.00519467
-7.84488e-09
0.00519467
-4.93728e-09
0.00519467
-3.60583e-09
0.00519467
-3.10087e-09
0.00519467
-2.81308e-09
0.00519467
-2.90855e-09
0.00519467
-2.07579e-09
0.00519467
-1.43963e-09
0.00519467
-7.41683e-10
0.00519467
-6.34355e-10
0.00519467
-1.16271e-11
0.00519467
1.77227e-10
0.00519467
4.69879e-10
0.00519467
6.87192e-10
0.00519467
1.1071e-09
0.00519467
1.03724e-09
0.00519467
9.82156e-10
0.00519467
-1.32387e-10
0.00519467
-9.53759e-10
0.00519467
-1.7578e-09
0.00519467
-2.19208e-09
0.00519467
-2.49455e-09
0.00519467
-1.60663e-09
0.00519467
-1.35576e-09
0.00519467
-8.0069e-10
0.00519467
-3.81965e-10
0.00519467
1.3582e-10
0.00519467
2.55261e-10
0.00519467
6.69349e-10
0.00519467
9.06199e-10
0.00519467
1.08679e-09
0.00519467
7.32983e-10
0.00519467
7.1313e-10
0.00519467
2.95989e-10
0.00519467
4.94178e-10
0.00519467
5.20022e-10
0.00519467
8.43789e-10
0.00519467
6.25233e-10
0.00519467
4.82141e-10
0.00519467
-5.5786e-11
0.00519467
-5.22748e-10
0.00519467
-9.71821e-10
0.00519467
-7.90356e-10
0.00519467
-8.51887e-10
0.00519467
-5.15024e-10
0.00519467
-2.81758e-10
0.00519467
3.60173e-12
0.00519467
-8.3135e-14
0.00519467
1.93668e-10
0.00519467
-6.17237e-11
0.00519467
-5.84583e-10
0.00519467
-1.72064e-09
0.00519467
-2.90919e-09
0.00519467
-4.79654e-09
0.00519467
-7.76205e-09
0.00519467
-1.26208e-08
0.00519467
-1.98282e-08
0.00519467
-3.13928e-08
0.00519467
-4.87348e-08
0.00519466
-7.45447e-08
0.00519466
-1.11601e-07
0.00519466
-1.65483e-07
0.00519466
-2.39485e-07
0.00519465
-3.55114e-07
0.00519463
-5.11591e-07
0.00519458
-8.43316e-07
0.00519448
-1.4049e-06
0.00519427
-3.93719e-06
0.00519402
-1.08598e-05
0.00519346
-3.88883e-05
-7.81772e-05
0.00516897
-0.00146782
0.00519496
-0.000632028
0.00519442
-0.000152239
0.00519531
-1.00511e-05
0.00519523
8.29704e-06
0.00519555
-6.84715e-06
0.00519548
-1.02681e-05
0.00519543
-1.23503e-05
0.00519531
-1.0723e-05
0.00519519
-9.37787e-06
0.00519506
-7.68632e-06
0.00519495
-6.29506e-06
0.00519484
-5.00174e-06
0.00519475
-3.91752e-06
0.00519467
-3.00151e-06
0.0051946
-2.25687e-06
0.00519455
-1.6629e-06
0.00519451
-1.20425e-06
0.00519448
-8.5139e-07
0.00519446
-5.91035e-07
0.00519444
-4.07392e-07
0.00519443
-2.77308e-07
0.00519442
-1.85316e-07
0.00519442
-1.20801e-07
0.00519441
-7.82539e-08
0.00519441
-4.98143e-08
0.00519441
-3.20413e-08
0.00519441
-1.99636e-08
0.00519441
-1.21366e-08
0.00519441
-7.4274e-09
0.00519441
-4.75733e-09
0.00519441
-3.53151e-09
0.00519441
-3.04858e-09
0.00519441
-2.68019e-09
0.00519441
-2.79643e-09
0.00519441
-2.04697e-09
0.00519441
-1.49353e-09
0.00519441
-7.43282e-10
0.00519441
-6.41373e-10
0.00519441
-6.34139e-11
0.00519441
1.47477e-10
0.00519441
4.91983e-10
0.00519441
7.0179e-10
0.00519441
1.13393e-09
0.00519441
9.88184e-10
0.00519441
9.37353e-10
0.0051944
-1.16696e-10
0.0051944
-9.07224e-10
0.0051944
-1.66798e-09
0.0051944
-1.98116e-09
0.0051944
-2.3084e-09
0.0051944
-1.43524e-09
0.0051944
-1.15705e-09
0.0051944
-6.61753e-10
0.0051944
-2.96966e-10
0.0051944
2.45172e-10
0.0051944
3.35013e-10
0.0051944
6.82504e-10
0.0051944
8.35018e-10
0.0051944
9.92467e-10
0.0051944
6.07847e-10
0.0051944
6.10404e-10
0.0051944
2.12161e-10
0.0051944
4.21282e-10
0.0051944
4.62669e-10
0.0051944
8.05628e-10
0.0051944
5.71333e-10
0.0051944
4.19465e-10
0.0051944
-8.93299e-11
0.0051944
-4.86481e-10
0.0051944
-9.18785e-10
0.0051944
-7.12155e-10
0.0051944
-7.79497e-10
0.0051944
-4.76057e-10
0.0051944
-2.70819e-10
0.0051944
2.26667e-11
0.0051944
-1.44505e-11
0.0051944
1.50041e-10
0.0051944
-8.39203e-11
0.0051944
-5.4184e-10
0.0051944
-1.63297e-09
0.0051944
-2.76979e-09
0.0051944
-4.59208e-09
0.0051944
-7.42638e-09
0.0051944
-1.20912e-08
0.0051944
-1.90936e-08
0.0051944
-3.02963e-08
0.0051944
-4.7115e-08
0.00519439
-7.21389e-08
0.00519439
-1.07987e-07
0.00519439
-1.59809e-07
0.00519438
-2.30091e-07
0.00519436
-3.37147e-07
0.00519432
-4.76855e-07
0.00519425
-7.6589e-07
0.0051941
-1.26106e-06
0.00519377
-3.60838e-06
0.00519321
-1.03016e-05
0.00519151
-3.71852e-05
-7.51802e-05
0.00518548
-0.0016533
0.00520065
-0.000647195
0.00519592
-0.000147513
0.00519668
-1.08059e-05
0.00519668
8.29206e-06
0.00519682
-6.98862e-06
0.00519646
-9.91072e-06
0.00519608
-1.19684e-05
0.00519567
-1.03146e-05
0.00519531
-9.00834e-06
0.00519497
-7.35437e-06
0.00519469
-6.00873e-06
0.00519444
-4.76009e-06
0.00519425
-3.71869e-06
0.00519409
-2.84122e-06
0.00519396
-2.13099e-06
0.00519386
-1.56564e-06
0.00519379
-1.1306e-06
0.00519374
-7.97594e-07
0.0051937
-5.52566e-07
0.00519367
-3.80067e-07
0.00519365
-2.58115e-07
0.00519364
-1.72158e-07
0.00519363
-1.1207e-07
0.00519362
-7.2601e-08
0.00519362
-4.6289e-08
0.00519362
-2.98508e-08
0.00519362
-1.85427e-08
0.00519362
-1.11557e-08
0.00519361
-6.77079e-09
0.00519361
-4.41882e-09
0.00519361
-3.34515e-09
0.00519361
-2.91969e-09
0.00519361
-2.48648e-09
0.00519361
-2.60573e-09
0.00519361
-1.93586e-09
0.00519361
-1.49273e-09
0.00519361
-7.31087e-10
0.00519361
-6.19507e-10
0.00519361
-8.76531e-11
0.00519361
1.07861e-10
0.00519361
4.95288e-10
0.00519361
6.75584e-10
0.00519361
1.11995e-09
0.00519361
9.24551e-10
0.00519361
8.69678e-10
0.00519361
-1.11838e-10
0.00519361
-8.30427e-10
0.00519361
-1.54333e-09
0.00519361
-1.74194e-09
0.00519361
-2.08596e-09
0.00519361
-1.2592e-09
0.00519361
-9.66246e-10
0.00519361
-5.20815e-10
0.00519361
-2.26134e-10
0.00519361
3.16635e-10
0.00519361
3.83765e-10
0.00519361
6.72216e-10
0.00519361
7.44412e-10
0.00519361
8.82609e-10
0.00519361
4.85623e-10
0.00519361
5.13107e-10
0.00519361
1.42246e-10
0.00519361
3.61633e-10
0.00519361
4.0412e-10
0.00519361
7.49358e-10
0.00519361
5.12317e-10
0.00519361
3.62076e-10
0.00519361
-1.21387e-10
0.00519361
-4.38403e-10
0.00519361
-8.42636e-10
0.00519361
-6.22569e-10
0.00519361
-6.96199e-10
0.00519361
-4.28839e-10
0.00519361
-2.66052e-10
0.00519361
3.26296e-11
0.00519361
-3.03232e-11
0.00519361
1.0468e-10
0.00519361
-1.01358e-10
0.00519361
-4.76821e-10
0.00519361
-1.49355e-09
0.00519361
-2.54122e-09
0.00519361
-4.25374e-09
0.00519361
-6.88538e-09
0.00519361
-1.12257e-08
0.00519361
-1.77829e-08
0.0051936
-2.83828e-08
0.0051936
-4.42445e-08
0.0051936
-6.77762e-08
0.00519359
-1.01481e-07
0.00519358
-1.49911e-07
0.00519356
-2.1475e-07
0.00519354
-3.10674e-07
0.00519349
-4.30185e-07
0.00519339
-6.68619e-07
0.00519322
-1.08221e-06
0.00519278
-3.17231e-06
0.00519192
-9.44414e-06
0.00518906
-3.43202e-05
-6.97072e-05
0.00520414
-0.00185744
0.00520562
-0.000648674
0.00519612
-0.00013802
0.00519662
-1.13058e-05
0.00519672
8.19203e-06
0.00519664
-6.90077e-06
0.00519596
-9.23864e-06
0.00519522
-1.12272e-05
0.0051945
-9.59475e-06
0.00519386
-8.36986e-06
0.00519331
-6.80348e-06
0.00519285
-5.545e-06
0.00519247
-4.37892e-06
0.00519216
-3.41199e-06
0.00519192
-2.59894e-06
0.00519173
-1.9439e-06
0.00519159
-1.42386e-06
0.00519148
-1.02516e-06
0.00519141
-7.21518e-07
0.00519135
-4.98826e-07
0.00519132
-3.42389e-07
0.00519129
-2.31972e-07
0.00519127
-1.54451e-07
0.00519126
-1.00392e-07
0.00519125
-6.50289e-08
0.00519125
-4.14316e-08
0.00519124
-2.68223e-08
0.00519124
-1.6654e-08
0.00519124
-9.90929e-09
0.00519124
-5.92066e-09
0.00519124
-3.91572e-09
0.00519124
-3.02868e-09
0.00519124
-2.68852e-09
0.00519124
-2.21919e-09
0.00519124
-2.33652e-09
0.00519124
-1.73649e-09
0.00519124
-1.42426e-09
0.00519124
-6.9815e-10
0.00519124
-5.76792e-10
0.00519124
-9.61969e-11
0.00519124
5.39398e-11
0.00519124
4.70766e-10
0.00519124
6.01938e-10
0.00519124
1.03914e-09
0.00519124
8.3724e-10
0.00519124
7.81162e-10
0.00519124
-1.17379e-10
0.00519124
-7.26734e-10
0.00519124
-1.37922e-09
0.00519124
-1.47975e-09
0.00519124
-1.83e-09
0.00519124
-1.07773e-09
0.00519123
-7.89715e-10
0.00519123
-3.89779e-10
0.00519123
-1.67485e-10
0.00519123
3.46328e-10
0.00519123
3.93992e-10
0.00519123
6.39179e-10
0.00519123
6.38977e-10
0.00519123
7.59808e-10
0.00519123
3.70376e-10
0.00519123
4.26373e-10
0.00519123
8.41319e-11
0.00519123
3.10709e-10
0.00519123
3.46739e-10
0.00519123
6.72149e-10
0.00519123
4.43817e-10
0.00519123
3.15926e-10
0.00519123
-1.39461e-10
0.00519123
-3.76759e-10
0.00519123
-7.38086e-10
0.00519123
-5.18134e-10
0.00519123
-6.00329e-10
0.00519123
-3.65017e-10
0.00519123
-2.5606e-10
0.00519123
3.43559e-11
0.00519123
-4.41202e-11
0.00519123
6.13832e-11
0.00519123
-1.11567e-10
0.00519123
-3.87278e-10
0.00519123
-1.30714e-09
0.00519123
-2.23889e-09
0.00519123
-3.78994e-09
0.00519123
-6.15128e-09
0.00519123
-1.00436e-08
0.00519123
-1.59731e-08
0.00519123
-2.5658e-08
0.00519122
-4.00306e-08
0.00519122
-6.14987e-08
0.00519121
-9.21246e-08
0.00519119
-1.35879e-07
0.00519117
-1.9368e-07
0.00519114
-2.76444e-07
0.00519108
-3.73703e-07
0.00519097
-5.57083e-07
0.00519077
-8.79322e-07
0.00519024
-2.65101e-06
0.00518911
-8.30606e-06
0.0051851
-3.03159e-05
-6.16628e-05
0.00522288
-0.00208032
0.00520672
-0.000632519
0.00519184
-0.000123139
0.00519193
-1.13981e-05
0.00519217
7.95939e-06
0.0051918
-6.53337e-06
0.00519079
-8.22933e-06
0.00518966
-1.00948e-05
0.00518861
-8.54364e-06
0.00518768
-7.44694e-06
0.0051869
-6.02429e-06
0.00518625
-4.89792e-06
0.00518573
-3.85505e-06
0.00518531
-2.99679e-06
0.00518499
-2.27475e-06
0.00518474
-1.6963e-06
0.00518456
-1.23853e-06
0.00518442
-8.88948e-07
0.00518432
-6.24036e-07
0.00518425
-4.30567e-07
0.00518421
-2.94965e-07
0.00518417
-1.99265e-07
0.00518415
-1.32522e-07
0.00518414
-8.59952e-08
0.00518413
-5.56856e-08
0.00518412
-3.5445e-08
0.00518412
-2.29575e-08
0.00518412
-1.43317e-08
0.00518411
-8.44927e-09
0.00518411
-4.95058e-09
0.00518411
-3.28478e-09
0.00518411
-2.59498e-09
0.00518411
-2.3515e-09
0.00518411
-1.87295e-09
0.00518411
-1.99871e-09
0.00518411
-1.45685e-09
0.00518411
-1.28165e-09
0.00518411
-6.38016e-10
0.00518411
-5.15255e-10
0.00518411
-9.53122e-11
0.00518411
-1.23364e-11
0.00518411
4.15835e-10
0.00518411
4.9198e-10
0.00518411
8.86312e-10
0.00518411
7.20805e-10
0.00518411
6.76951e-10
0.00518411
-1.32138e-10
0.00518411
-6.04883e-10
0.00518411
-1.17785e-09
0.00518411
-1.1963e-09
0.00518411
-1.54259e-09
0.00518411
-8.86599e-10
0.00518411
-6.25462e-10
0.00518411
-2.80862e-10
0.00518411
-1.26644e-10
0.00518411
3.34427e-10
0.00518411
3.61141e-10
0.00518411
5.80969e-10
0.00518411
5.2603e-10
0.00518411
6.32455e-10
0.00518411
2.65884e-10
0.00518411
3.53855e-10
0.00518411
3.64831e-11
0.00518411
2.61643e-10
0.00518411
2.89791e-10
0.00518411
5.77422e-10
0.00518411
3.60825e-10
0.00518411
2.76528e-10
0.00518411
-1.37199e-10
0.00518411
-3.02434e-10
0.00518411
-6.094e-10
0.00518411
-3.97496e-10
0.00518411
-4.89483e-10
0.00518411
-2.80139e-10
0.00518411
-2.30426e-10
0.00518411
2.8264e-11
0.00518411
-5.70191e-11
0.00518411
2.68406e-11
0.00518411
-1.11447e-10
0.00518411
-2.79794e-10
0.00518411
-1.08465e-09
0.00518411
-1.88018e-09
0.00518411
-3.21098e-09
0.00518411
-5.2346e-09
0.0051841
-8.57683e-09
0.0051841
-1.36992e-08
0.0051841
-2.21024e-08
0.00518409
-3.46399e-08
0.00518408
-5.33346e-08
0.00518407
-7.99758e-08
0.00518405
-1.17843e-07
0.00518403
-1.67165e-07
0.00518399
-2.35257e-07
0.00518392
-3.09703e-07
0.0051838
-4.37655e-07
0.00518359
-6.65585e-07
0.00518301
-2.07576e-06
0.00518163
-6.91999e-06
0.00517657
-2.52595e-05
-5.102e-05
0.00523368
-0.002314
0.00519439
-0.000593228
0.00517351
-0.000102256
0.00517299
-1.08804e-05
0.00517345
7.50248e-06
0.00517276
-5.8394e-06
0.0051714
-6.87131e-06
0.00516985
-8.54617e-06
0.00516845
-7.14932e-06
0.00516724
-6.23029e-06
0.00516622
-5.01307e-06
0.00516539
-4.06614e-06
0.00516473
-3.18871e-06
0.0051642
-2.47471e-06
0.0051638
-1.87035e-06
0.00516349
-1.3905e-06
0.00516327
-1.0119e-06
0.0051631
-7.24032e-07
0.00516298
-5.06989e-07
0.0051629
-3.48743e-07
0.00516285
-2.38159e-07
0.00516281
-1.60683e-07
0.00516278
-1.06782e-07
0.00516277
-6.91576e-08
0.00516275
-4.47688e-08
0.00516275
-2.8445e-08
0.00516274
-1.84365e-08
0.00516274
-1.1603e-08
0.00516274
-6.81745e-09
0.00516274
-3.93635e-09
0.00516273
-2.59298e-09
0.00516273
-2.08717e-09
0.00516273
-1.93611e-09
0.00516273
-1.4687e-09
0.00516273
-1.61266e-09
0.00516273
-1.12611e-09
0.00516273
-1.06581e-09
0.00516273
-5.44098e-10
0.00516273
-4.31692e-10
0.00516273
-7.76342e-11
0.00516273
-7.02229e-11
0.00516273
3.41143e-10
0.00516273
3.73806e-10
0.00516273
6.87263e-10
0.00516273
5.81246e-10
0.00516273
5.64574e-10
0.00516273
-1.42043e-10
0.00516273
-4.71807e-10
0.00516273
-9.48858e-10
0.00516273
-8.93905e-10
0.00516273
-1.22415e-09
0.00516273
-6.92982e-10
0.00516273
-4.72559e-10
0.00516273
-2.00069e-10
0.00516273
-1.12092e-10
0.00516273
2.81283e-10
0.00516273
2.90548e-10
0.00516273
4.9176e-10
0.00516273
4.06483e-10
0.00516273
5.05649e-10
0.00516273
1.72194e-10
0.00516273
2.89839e-10
0.00516273
-2.14761e-12
0.00516273
2.10787e-10
0.00516273
2.32177e-10
0.00516273
4.68203e-10
0.00516273
2.64524e-10
0.00516273
2.34824e-10
0.00516273
-1.16324e-10
0.00516273
-2.20671e-10
0.00516273
-4.70917e-10
0.00516273
-2.72307e-10
0.00516273
-3.67445e-10
0.00516273
-1.81328e-10
0.00516273
-1.8744e-10
0.00516273
1.66655e-11
0.00516273
-7.12429e-11
0.00516273
4.72715e-12
0.00516273
-9.63422e-11
0.00516273
-1.67917e-10
0.00516273
-8.40672e-10
0.00516273
-1.47967e-09
0.00516273
-2.53305e-09
0.00516273
-4.15152e-09
0.00516273
-6.85997e-09
0.00516272
-1.10006e-08
0.00516272
-1.78714e-08
0.00516271
-2.81258e-08
0.0051627
-4.33942e-08
0.00516269
-6.51676e-08
0.00516267
-9.60202e-08
0.00516263
-1.35607e-07
0.00516259
-1.88151e-07
0.00516252
-2.40065e-07
0.0051624
-3.17233e-07
0.00516219
-4.54854e-07
0.0051616
-1.48567e-06
0.00516002
-5.34419e-06
0.00515412
-1.93609e-05
-3.78765e-05
0.00521043
-0.00252443
0.00513985
-0.000522646
0.00511247
-7.48777e-05
0.00511107
-9.4797e-06
0.00511192
6.64861e-06
0.00511086
-4.77877e-06
0.00510917
-5.17912e-06
0.0051072
-6.57968e-06
0.00510547
-5.41919e-06
0.00510397
-4.72806e-06
0.00510274
-3.77978e-06
0.00510173
-3.05994e-06
0.00510093
-2.39002e-06
0.00510031
-1.84817e-06
0.00509983
-1.39286e-06
0.00509947
-1.03211e-06
0.00509921
-7.4836e-07
0.00509902
-5.33715e-07
0.00509888
-3.7267e-07
0.00509879
-2.55574e-07
0.00509873
-1.73999e-07
0.00509868
-1.17179e-07
0.00509865
-7.78436e-08
0.00509864
-5.02812e-08
0.00509862
-3.25451e-08
0.00509861
-2.06375e-08
0.00509861
-1.336e-08
0.00509861
-8.52365e-09
0.0050986
-5.0471e-09
0.0050986
-2.93221e-09
0.0050986
-1.91241e-09
0.0050986
-1.56423e-09
0.0050986
-1.49961e-09
0.0050986
-1.06063e-09
0.0050986
-1.19779e-09
0.0050986
-7.82781e-10
0.0050986
-7.88563e-10
0.0050986
-4.06566e-10
0.0050986
-3.15876e-10
0.0050986
-2.45876e-11
0.0050986
-6.85411e-11
0.0050986
2.8264e-10
0.0050986
2.92938e-10
0.0050986
4.99541e-10
0.0050986
4.34652e-10
0.0050986
4.37665e-10
0.0050986
-1.36066e-10
0.0050986
-3.40713e-10
0.0050986
-7.17168e-10
0.0050986
-6.00591e-10
0.0050986
-8.8485e-10
0.0050986
-5.16663e-10
0.0050986
-3.43392e-10
0.0050986
-1.49964e-10
0.0050986
-1.29825e-10
0.0050986
1.76965e-10
0.0050986
1.93558e-10
0.0050986
3.56906e-10
0.0050986
2.62599e-10
0.0050986
3.68943e-10
0.0050986
8.39912e-11
0.0050986
2.14781e-10
0.0050986
-2.65842e-11
0.0050986
1.59793e-10
0.0050986
1.70789e-10
0.0050986
3.52775e-10
0.0050986
1.70707e-10
0.0050986
1.76742e-10
0.0050986
-9.37128e-11
0.0050986
-1.44554e-10
0.0050986
-3.41686e-10
0.0050986
-1.6715e-10
0.0050986
-2.41892e-10
0.0050986
-8.22139e-11
0.0050986
-1.34681e-10
0.0050986
6.05807e-13
0.0050986
-9.09924e-11
0.0050986
-1.33044e-11
0.0050986
-6.47198e-11
0.0050986
-7.36855e-11
0.0050986
-6.01889e-10
0.0050986
-1.05672e-09
0.0050986
-1.78155e-09
0.00509859
-2.94106e-09
0.00509859
-4.95357e-09
0.00509859
-7.97435e-09
0.00509858
-1.30518e-08
0.00509858
-2.06456e-08
0.00509856
-3.19369e-08
0.00509855
-4.80316e-08
0.00509852
-7.08612e-08
0.00509849
-9.97137e-08
0.00509844
-1.36408e-07
0.00509836
-1.68367e-07
0.00509825
-2.03928e-07
0.00509806
-2.66061e-07
0.00509749
-9.11011e-07
0.00509582
-3.68029e-06
0.00508954
-1.30792e-05
-2.27858e-05
0.00507266
-0.00259709
0.00495578
-0.000405765
0.00492273
-4.18246e-05
0.00492015
-6.89913e-06
0.00492166
5.1311e-06
0.00492023
-3.34461e-06
0.00491828
-3.23268e-06
0.00491595
-4.24405e-06
0.00491395
-3.41933e-06
0.00491221
-2.99251e-06
0.0049108
-2.37259e-06
0.00490966
-1.91757e-06
0.00490876
-1.49056e-06
0.00490807
-1.14921e-06
0.00490754
-8.62208e-07
0.00490714
-6.36801e-07
0.00490685
-4.59694e-07
0.00490665
-3.26652e-07
0.0049065
-2.27303e-07
0.0049064
-1.55331e-07
0.00490633
-1.05429e-07
0.00490629
-7.08151e-08
0.00490626
-4.70212e-08
0.00490624
-3.02219e-08
0.00490622
-1.95425e-08
0.00490622
-1.24045e-08
0.00490621
-7.96586e-09
0.00490621
-5.20203e-09
0.0049062
-3.16503e-09
0.0049062
-1.93794e-09
0.0049062
-1.26784e-09
0.0049062
-1.06464e-09
0.0049062
-1.06468e-09
0.0049062
-6.79027e-10
0.0049062
-7.49194e-10
0.0049062
-4.50607e-10
0.0049062
-4.84626e-10
0.0049062
-2.17977e-10
0.0049062
-1.54085e-10
0.0049062
5.72839e-11
0.0049062
1.22849e-11
0.0049062
2.55407e-10
0.0049062
2.4369e-10
0.0049062
3.43558e-10
0.0049062
2.94905e-10
0.0049062
2.75617e-10
0.0049062
-1.24595e-10
0.0049062
-2.20754e-10
0.0049062
-5.10747e-10
0.0049062
-3.57843e-10
0.0049062
-5.38811e-10
0.0049062
-3.59495e-10
0.0049062
-2.37571e-10
0.0049062
-1.14223e-10
0.0049062
-1.62335e-10
0.0049062
1.58775e-11
0.0049062
7.20361e-11
0.0049062
1.79728e-10
0.0049062
7.16164e-11
0.0049062
1.95634e-10
0.0049062
1.05116e-12
0.0049062
1.27283e-10
0.0049062
-3.47728e-11
0.0049062
1.13168e-10
0.0049062
1.11722e-10
0.0049062
2.3409e-10
0.0049062
1.0207e-10
0.0049062
1.03424e-10
0.0049062
-9.41462e-11
0.0049062
-8.12146e-11
0.0049062
-2.21965e-10
0.0049062
-1.01435e-10
0.0049062
-1.29049e-10
0.0049062
2.07675e-12
0.0049062
-8.73848e-11
0.0049062
-1.52549e-11
0.0049062
-1.03594e-10
0.0049062
-3.40142e-11
0.0049062
-1.94749e-11
0.0049062
-8.62593e-12
0.0049062
-4.02431e-10
0.0049062
-6.46417e-10
0.0049062
-1.00924e-09
0.00490619
-1.69359e-09
0.00490619
-2.98741e-09
0.00490619
-4.80803e-09
0.00490618
-7.88247e-09
0.00490618
-1.25775e-08
0.00490616
-1.9563e-08
0.00490614
-2.94117e-08
0.00490612
-4.34808e-08
0.00490608
-6.10679e-08
0.00490602
-8.24483e-08
0.00490595
-9.83392e-08
0.00490586
-1.06207e-07
0.00490571
-1.16665e-07
0.00490523
-4.29356e-07
0.00490359
-2.04816e-06
0.00489773
-7.21649e-06
-7.94014e-06
0.00456828
-0.00216536
0.00437572
-0.000213209
0.00434651
-1.26188e-05
0.00434238
-2.76802e-06
0.00434504
2.47008e-06
0.0043432
-1.49845e-06
0.00434127
-1.30821e-06
0.00433879
-1.76068e-06
0.00433675
-1.38516e-06
0.00433497
-1.21416e-06
0.00433355
-9.53695e-07
0.00433241
-7.69002e-07
0.00433151
-5.94446e-07
0.00433081
-4.56354e-07
0.00433029
-3.41007e-07
0.00432991
-2.50823e-07
0.00432963
-1.79996e-07
0.00432943
-1.27611e-07
0.00432929
-8.86885e-08
0.00432919
-6.01765e-08
0.00432913
-4.04106e-08
0.00432908
-2.69514e-08
0.00432906
-1.79927e-08
0.00432904
-1.16256e-08
0.00432902
-7.55008e-09
0.00432902
-4.86992e-09
0.00432901
-2.98416e-09
0.00432901
-1.93268e-09
0.00432901
-1.17245e-09
0.004329
-7.83716e-10
0.004329
-4.75723e-10
0.004329
-4.50737e-10
0.004329
-4.94741e-10
0.004329
-2.28279e-10
0.004329
-1.69058e-10
0.004329
-6.80238e-11
0.004329
-2.07572e-10
0.004329
-4.17055e-11
0.004329
1.21991e-11
0.004329
3.42176e-11
0.004329
-2.95613e-11
0.004329
7.62647e-11
0.004329
2.08151e-11
0.004329
6.71109e-11
0.004329
1.15815e-10
0.004329
7.15512e-11
0.004329
-9.48582e-11
0.004329
-5.2876e-11
0.004329
-2.44116e-10
0.004329
-1.443e-10
0.004329
-1.94851e-10
0.004329
-1.90644e-10
0.004329
-1.26218e-10
0.004329
-3.78177e-11
0.004329
-9.63029e-11
0.004329
-1.05833e-10
0.004329
4.19173e-12
0.004329
7.84751e-11
0.004329
-5.92442e-11
0.004329
1.63937e-11
0.004329
-3.90236e-11
0.004329
6.24399e-11
0.004329
-1.9682e-11
0.004329
4.91589e-11
0.004329
1.30514e-11
0.004329
6.34496e-11
0.004329
5.45293e-11
0.004329
5.45657e-11
0.004329
-9.11875e-11
0.004329
-1.59206e-12
0.004329
-3.84013e-11
0.004329
-3.44883e-11
0.004329
-3.97848e-11
0.004329
5.31513e-11
0.004329
-6.13716e-11
0.004329
-3.42183e-11
0.004329
-7.30679e-11
0.004329
-3.54603e-11
0.004329
5.82957e-11
0.004329
8.1969e-11
0.004329
-1.97159e-10
0.004329
-2.52046e-10
0.004329
-2.82613e-10
0.004329
-5.83245e-10
0.00432899
-1.24813e-09
0.00432899
-1.93811e-09
0.00432899
-2.99554e-09
0.00432898
-4.87677e-09
0.00432897
-7.78022e-09
0.00432895
-1.15502e-08
0.00432892
-1.69445e-08
0.00432888
-2.38872e-08
0.00432883
-3.19654e-08
0.00432877
-3.66678e-08
0.0043287
-3.38032e-08
0.00432861
-2.46332e-08
0.00432828
-1.06342e-07
0.00432694
-7.04034e-07
0.00432234
-2.61645e-06
1.17764e-06
0.00283464
0.00262143
0.00260881
0.00260604
0.00260851
0.00260701
0.0026057
0.00260394
0.00260256
0.00260134
0.00260039
0.00259962
0.00259902
0.00259857
0.00259823
0.00259798
0.0025978
0.00259767
0.00259758
0.00259752
0.00259748
0.00259745
0.00259743
0.00259742
0.00259742
0.00259741
0.00259741
0.00259741
0.0025974
0.0025974
0.0025974
0.0025974
0.0025974
0.0025974
0.0025974
0.0025974
0.0025974
0.0025974
0.0025974
0.0025974
0.0025974
0.0025974
0.0025974
0.0025974
0.0025974
0.0025974
0.0025974
0.0025974
0.0025974
0.0025974
0.0025974
0.0025974
0.0025974
0.0025974
0.0025974
0.0025974
0.0025974
0.0025974
0.0025974
0.0025974
0.0025974
0.0025974
0.0025974
0.0025974
0.0025974
0.0025974
0.0025974
0.0025974
0.0025974
0.0025974
0.0025974
0.0025974
0.0025974
0.0025974
0.0025974
0.0025974
0.0025974
0.0025974
0.0025974
0.0025974
0.0025974
0.0025974
0.0025974
0.0025974
0.0025974
0.00259739
0.00259739
0.00259739
0.00259738
0.00259737
0.00259735
0.00259733
0.00259729
0.00259726
0.00259722
0.0025972
0.00259709
0.00259639
0.00259377
)
;

boundaryField
{
    inlet
    {
        type            calculated;
        value           nonuniform List<scalar> 
40
(
-0.005
-0.005
-0.005
-0.005
-0.005
-0.005
-0.005
-0.005
-0.005
-0.005
-0.005
-0.005
-0.005
-0.005
-0.005
-0.005
-0.005
-0.005
-0.005
-0.005
-0.005
-0.005
-0.005
-0.005
-0.005
-0.005
-0.005
-0.005
-0.005
-0.005
-0.005
-0.005
-0.005
-0.005
-0.005
-0.005
-0.005
-0.005
-0.005
-0.005
)
;
    }
    outlet
    {
        type            calculated;
        value           nonuniform List<scalar> 
40
(
0.00259495
0.00431322
0.00488288
0.00507445
0.00514098
0.00516593
0.00517706
0.00518358
0.00518852
0.0051928
0.00519671
0.0052003
0.00520358
0.00520651
0.00520907
0.00521123
0.00521299
0.00521432
0.00521521
0.00521565
0.00521565
0.00521521
0.00521432
0.00521299
0.00521123
0.00520907
0.00520651
0.00520358
0.0052003
0.00519671
0.0051928
0.00518851
0.00518358
0.00517706
0.00516593
0.00514098
0.00507445
0.00488289
0.00431322
0.00259495
)
;
    }
    lowerWall
    {
        type            calculated;
        value           uniform 0;
    }
    upperWall
    {
        type            calculated;
        value           uniform 0;
    }
    frontAndBack
    {
        type            empty;
        value           nonuniform 0();
    }
}


// ************************************************************************* //
