/*--------------------------------*- C++ -*----------------------------------*\
| =========                 |                                                 |
| \\      /  F ield         | OpenFOAM: The Open Source CFD Toolbox           |
|  \\    /   O peration     | Version:  v1906                                 |
|   \\  /    A nd           | Web:      www.OpenFOAM.com                      |
|    \\/     M anipulation  |                                                 |
\*---------------------------------------------------------------------------*/
FoamFile
{
    version     2.0;
    format      ascii;
    class       surfaceScalarField;
    location    "0.5";
    object      phiB;
}
// * * * * * * * * * * * * * * * * * * * * * * * * * * * * * * * * * * * * * //

dimensions      [1 2 -2 0 0 -1 0];
oriented        oriented;


internalField   nonuniform List<scalar> 
7860
(
0.0019688
0.399657
0.00223892
0.39973
0.00239638
0.399843
0.00250732
0.399889
0.0025697
0.399938
0.00259671
0.399973
0.00260176
0.399995
0.00259411
0.400008
0.00258017
0.400014
0.00256379
0.400016
0.00254734
0.400016
0.00253215
0.400015
0.00251884
0.400013
0.00250762
0.400011
0.00249844
0.400009
0.0024911
0.400007
0.00248534
0.400006
0.00248089
0.400004
0.00247749
0.400003
0.00247491
0.400003
0.00247298
0.400002
0.00247155
0.400001
0.00247048
0.400001
0.00246969
0.400001
0.00246911
0.400001
0.00246869
0.4
0.00246838
0.4
0.00246815
0.4
0.00246798
0.4
0.00246786
0.4
0.00246777
0.4
0.0024677
0.4
0.00246766
0.4
0.00246762
0.4
0.0024676
0.4
0.00246758
0.4
0.00246756
0.4
0.00246755
0.4
0.00246755
0.4
0.00246754
0.4
0.00246754
0.4
0.00246754
0.4
0.00246753
0.4
0.00246753
0.4
0.00246753
0.4
0.00246753
0.4
0.00246753
0.4
0.00246753
0.4
0.00246753
0.4
0.00246753
0.4
0.00246753
0.4
0.00246753
0.4
0.00246753
0.4
0.00246753
0.4
0.00246753
0.4
0.00246753
0.4
0.00246753
0.4
0.00246753
0.4
0.00246753
0.4
0.00246753
0.4
0.00246753
0.4
0.00246753
0.4
0.00246753
0.4
0.00246753
0.4
0.00246753
0.4
0.00246753
0.4
0.00246753
0.4
0.00246753
0.4
0.00246753
0.4
0.00246753
0.4
0.00246753
0.4
0.00246753
0.4
0.00246753
0.4
0.00246753
0.4
0.00246752
0.4
0.00246752
0.4
0.00246752
0.4
0.00246752
0.4
0.00246751
0.4
0.00246751
0.4
0.0024675
0.4
0.00246749
0.4
0.00246747
0.4
0.00246745
0.4
0.00246743
0.4
0.00246739
0.4
0.00246735
0.4
0.00246729
0.4
0.00246722
0.4
0.00246714
0.4
0.00246706
0.4
0.002467
0.4
0.00246699
0.4
0.00246713
0.4
0.00246751
0.4
0.00246827
0.399999
0.00246919
0.399999
0.00246926
0.4
0.00246447
0.400005
0.400015
0.00313337
0.398984
0.0035521
0.399311
0.003804
0.399591
0.0039671
0.399726
0.00405866
0.399846
0.00410071
0.399931
0.00411153
0.399984
0.00410419
0.400015
0.00408747
0.400031
0.00406683
0.400037
0.00404565
0.400038
0.00402581
0.400035
0.00400827
0.400031
0.0039934
0.400026
0.00398115
0.400021
0.00397132
0.400017
0.00396357
0.400014
0.00395756
0.40001
0.00395296
0.400008
0.00394946
0.400006
0.00394684
0.400005
0.00394488
0.400003
0.00394343
0.400003
0.00394235
0.400002
0.00394156
0.400001
0.00394098
0.400001
0.00394055
0.400001
0.00394024
0.400001
0.00394001
0.4
0.00393984
0.4
0.00393972
0.4
0.00393963
0.4
0.00393956
0.4
0.00393952
0.4
0.00393948
0.4
0.00393946
0.4
0.00393944
0.4
0.00393942
0.4
0.00393941
0.4
0.00393941
0.4
0.0039394
0.4
0.0039394
0.4
0.00393939
0.4
0.00393939
0.4
0.00393939
0.4
0.00393939
0.4
0.00393939
0.4
0.00393939
0.4
0.00393939
0.4
0.00393939
0.4
0.00393939
0.4
0.00393939
0.4
0.00393939
0.4
0.00393939
0.4
0.00393939
0.4
0.00393939
0.4
0.00393939
0.4
0.00393939
0.4
0.00393939
0.4
0.00393939
0.4
0.00393939
0.4
0.00393939
0.4
0.00393939
0.4
0.00393939
0.4
0.00393939
0.4
0.00393939
0.4
0.00393939
0.4
0.00393939
0.4
0.00393939
0.4
0.00393939
0.4
0.00393939
0.4
0.00393939
0.4
0.00393938
0.4
0.00393938
0.4
0.00393938
0.4
0.00393938
0.4
0.00393938
0.4
0.00393937
0.4
0.00393937
0.4
0.00393936
0.4
0.00393935
0.4
0.00393933
0.4
0.00393931
0.4
0.00393929
0.4
0.00393925
0.4
0.00393921
0.4
0.00393915
0.4
0.00393907
0.4
0.00393899
0.4
0.00393889
0.4
0.00393881
0.4
0.00393877
0.4
0.00393884
0.4
0.00393913
0.4
0.00393982
0.399999
0.00394109
0.399998
0.00394271
0.399997
0.00394338
0.399999
0.00393758
0.400011
0.400033
0.00334596
0.3982
0.00379799
0.398859
0.00407881
0.39931
0.00425286
0.399552
0.00435033
0.399749
0.00439754
0.399884
0.00441267
0.399969
0.00440905
0.400019
0.00439534
0.400044
0.00437713
0.400055
0.00435783
0.400057
0.00433944
0.400053
0.004323
0.400047
0.00430893
0.40004
0.00429727
0.400033
0.00428785
0.400027
0.00428039
0.400021
0.00427458
0.400016
0.00427012
0.400012
0.00426672
0.400009
0.00426416
0.400007
0.00426224
0.400005
0.00426082
0.400004
0.00425977
0.400003
0.00425899
0.400002
0.00425841
0.400002
0.00425799
0.400001
0.00425769
0.400001
0.00425746
0.400001
0.00425729
0.4
0.00425717
0.4
0.00425709
0.4
0.00425702
0.4
0.00425697
0.4
0.00425694
0.4
0.00425691
0.4
0.0042569
0.4
0.00425688
0.4
0.00425687
0.4
0.00425687
0.4
0.00425686
0.4
0.00425686
0.4
0.00425685
0.4
0.00425685
0.4
0.00425685
0.4
0.00425685
0.4
0.00425685
0.4
0.00425685
0.4
0.00425685
0.4
0.00425685
0.4
0.00425685
0.4
0.00425685
0.4
0.00425685
0.4
0.00425685
0.4
0.00425685
0.4
0.00425685
0.4
0.00425685
0.4
0.00425685
0.4
0.00425685
0.4
0.00425685
0.4
0.00425685
0.4
0.00425685
0.4
0.00425685
0.4
0.00425685
0.4
0.00425685
0.4
0.00425685
0.4
0.00425685
0.4
0.00425685
0.4
0.00425685
0.4
0.00425685
0.4
0.00425685
0.4
0.00425685
0.4
0.00425684
0.4
0.00425684
0.4
0.00425684
0.4
0.00425684
0.4
0.00425684
0.4
0.00425683
0.4
0.00425683
0.4
0.00425682
0.4
0.00425681
0.4
0.00425679
0.4
0.00425677
0.4
0.00425675
0.4
0.00425672
0.4
0.00425667
0.4
0.00425662
0.4
0.00425655
0.4
0.00425648
0.4
0.00425641
0.4
0.00425636
0.4
0.00425637
0.4
0.00425653
0.4
0.00425696
0.399999
0.00425785
0.399998
0.00425943
0.399996
0.00426162
0.399995
0.00426349
0.399997
0.00426086
0.400013
0.400044
0.00320527
0.397402
0.00367616
0.398388
0.00397484
0.399011
0.00415618
0.399371
0.00425831
0.399646
0.00430975
0.399832
0.00432876
0.39995
0.00432861
0.400019
0.00431783
0.400055
0.00430203
0.400071
0.00428467
0.400074
0.0042678
0.40007
0.00425252
0.400063
0.00423933
0.400053
0.00422832
0.400044
0.00421937
0.400036
0.00421225
0.400028
0.00420668
0.400022
0.00420239
0.400017
0.00419911
0.400013
0.00419663
0.40001
0.00419477
0.400007
0.00419339
0.400005
0.00419236
0.400004
0.0041916
0.400003
0.00419104
0.400002
0.00419063
0.400002
0.00419033
0.400001
0.00419011
0.400001
0.00418995
0.400001
0.00418983
0.4
0.00418974
0.4
0.00418968
0.4
0.00418963
0.4
0.0041896
0.4
0.00418957
0.4
0.00418955
0.4
0.00418954
0.4
0.00418953
0.4
0.00418953
0.4
0.00418952
0.4
0.00418952
0.4
0.00418951
0.4
0.00418951
0.4
0.00418951
0.4
0.00418951
0.4
0.00418951
0.4
0.00418951
0.4
0.00418951
0.4
0.00418951
0.4
0.00418951
0.4
0.00418951
0.4
0.00418951
0.4
0.00418951
0.4
0.00418951
0.4
0.00418951
0.4
0.00418951
0.4
0.00418951
0.4
0.00418951
0.4
0.00418951
0.4
0.00418951
0.4
0.00418951
0.4
0.00418951
0.4
0.00418951
0.4
0.00418951
0.4
0.00418951
0.4
0.00418951
0.4
0.00418951
0.4
0.00418951
0.4
0.00418951
0.4
0.00418951
0.4
0.00418951
0.4
0.0041895
0.4
0.0041895
0.4
0.0041895
0.4
0.0041895
0.4
0.0041895
0.4
0.00418949
0.4
0.00418949
0.4
0.00418948
0.4
0.00418947
0.4
0.00418946
0.4
0.00418944
0.4
0.00418941
0.4
0.00418938
0.4
0.00418934
0.4
0.00418929
0.4
0.00418924
0.4
0.00418918
0.4
0.00418913
0.4
0.00418911
0.4
0.00418918
0.4
0.00418942
0.4
0.00418998
0.399999
0.00419107
0.399997
0.00419297
0.399994
0.00419582
0.399992
0.00419926
0.399994
0.00420114
0.400011
0.400045
0.0029651
0.396648
0.00344268
0.397911
0.00374988
0.398704
0.00393511
0.399185
0.00404038
0.399541
0.00409504
0.399778
0.00411729
0.399928
0.00412019
0.400016
0.00411209
0.400063
0.00409856
0.400085
0.00408306
0.40009
0.00406768
0.400086
0.00405357
0.400077
0.00404127
0.400066
0.00403094
0.400054
0.00402249
0.400044
0.00401574
0.400035
0.00401043
0.400027
0.00400632
0.400021
0.00400318
0.400016
0.00400079
0.400012
0.003999
0.400009
0.00399766
0.400007
0.00399667
0.400005
0.00399593
0.400004
0.00399539
0.400003
0.00399499
0.400002
0.0039947
0.400001
0.00399448
0.400001
0.00399433
0.400001
0.00399421
0.400001
0.00399413
0.4
0.00399407
0.4
0.00399402
0.4
0.00399399
0.4
0.00399397
0.4
0.00399395
0.4
0.00399393
0.4
0.00399393
0.4
0.00399392
0.4
0.00399391
0.4
0.00399391
0.4
0.00399391
0.4
0.00399391
0.4
0.0039939
0.4
0.0039939
0.4
0.0039939
0.4
0.0039939
0.4
0.0039939
0.4
0.0039939
0.4
0.0039939
0.4
0.0039939
0.4
0.0039939
0.4
0.0039939
0.4
0.0039939
0.4
0.0039939
0.4
0.0039939
0.4
0.0039939
0.4
0.0039939
0.4
0.0039939
0.4
0.0039939
0.4
0.0039939
0.4
0.0039939
0.4
0.0039939
0.4
0.0039939
0.4
0.0039939
0.4
0.0039939
0.4
0.0039939
0.4
0.0039939
0.4
0.0039939
0.4
0.0039939
0.4
0.0039939
0.4
0.0039939
0.4
0.0039939
0.4
0.0039939
0.4
0.00399389
0.4
0.00399389
0.4
0.00399389
0.4
0.00399388
0.4
0.00399387
0.4
0.00399386
0.4
0.00399385
0.4
0.00399383
0.4
0.00399381
0.4
0.00399378
0.4
0.00399375
0.4
0.0039937
0.4
0.00399365
0.4
0.00399361
0.4
0.00399358
0.4
0.0039936
0.4
0.00399372
0.4
0.00399403
0.399999
0.00399471
0.399998
0.00399598
0.399996
0.0039982
0.399992
0.00400173
0.399989
0.00400684
0.399989
0.00401328
0.400005
0.400038
0.0027084
0.395961
0.00318113
0.397438
0.00348964
0.398395
0.00367568
0.398999
0.0037825
0.399434
0.00383929
0.399721
0.00386409
0.399903
0.00386956
0.40001
0.00386384
0.400069
0.00385239
0.400096
0.00383864
0.400104
0.00382469
0.4001
0.00381173
0.40009
0.00380033
0.400077
0.00379067
0.400064
0.00378274
0.400052
0.00377637
0.400041
0.00377135
0.400032
0.00376744
0.400025
0.00376444
0.400019
0.00376216
0.400014
0.00376045
0.400011
0.00375916
0.400008
0.00375821
0.400006
0.0037575
0.400004
0.00375698
0.400003
0.00375659
0.400002
0.00375631
0.400002
0.0037561
0.400001
0.00375595
0.400001
0.00375584
0.400001
0.00375576
0.4
0.0037557
0.4
0.00375566
0.4
0.00375562
0.4
0.0037556
0.4
0.00375558
0.4
0.00375557
0.4
0.00375556
0.4
0.00375556
0.4
0.00375555
0.4
0.00375555
0.4
0.00375555
0.4
0.00375554
0.4
0.00375554
0.4
0.00375554
0.4
0.00375554
0.4
0.00375554
0.4
0.00375554
0.4
0.00375554
0.4
0.00375554
0.4
0.00375554
0.4
0.00375554
0.4
0.00375554
0.4
0.00375554
0.4
0.00375554
0.4
0.00375554
0.4
0.00375554
0.4
0.00375554
0.4
0.00375554
0.4
0.00375554
0.4
0.00375554
0.4
0.00375554
0.4
0.00375554
0.4
0.00375554
0.4
0.00375554
0.4
0.00375554
0.4
0.00375554
0.4
0.00375554
0.4
0.00375554
0.4
0.00375554
0.4
0.00375554
0.4
0.00375554
0.4
0.00375554
0.4
0.00375553
0.4
0.00375553
0.4
0.00375553
0.4
0.00375553
0.4
0.00375552
0.4
0.00375551
0.4
0.0037555
0.4
0.00375549
0.4
0.00375547
0.4
0.00375545
0.4
0.00375543
0.4
0.00375539
0.4
0.00375536
0.4
0.00375532
0.4
0.00375528
0.4
0.00375527
0.4
0.00375532
0.4
0.00375548
0.4
0.00375587
0.399999
0.00375665
0.399997
0.00375809
0.399994
0.0037606
0.39999
0.00376479
0.399985
0.00377147
0.399982
0.00378196
0.399994
0.400024
0.00246045
0.395347
0.0029184
0.39698
0.00322247
0.398091
0.00340653
0.398815
0.00351328
0.399328
0.00357115
0.399663
0.00359777
0.399876
0.00360533
0.400003
0.00360166
0.400073
0.00359209
0.400106
0.00357997
0.400116
0.00356739
0.400112
0.00355554
0.400101
0.00354502
0.400088
0.00353605
0.400073
0.00352865
0.400059
0.00352267
0.400047
0.00351794
0.400037
0.00351425
0.400028
0.00351141
0.400022
0.00350925
0.400016
0.00350762
0.400012
0.00350639
0.400009
0.00350548
0.400007
0.00350481
0.400005
0.00350431
0.400004
0.00350394
0.400003
0.00350367
0.400002
0.00350347
0.400001
0.00350332
0.400001
0.00350321
0.400001
0.00350314
0.400001
0.00350308
0.4
0.00350304
0.4
0.00350301
0.4
0.00350299
0.4
0.00350297
0.4
0.00350296
0.4
0.00350295
0.4
0.00350294
0.4
0.00350294
0.4
0.00350293
0.4
0.00350293
0.4
0.00350293
0.4
0.00350293
0.4
0.00350293
0.4
0.00350293
0.4
0.00350293
0.4
0.00350293
0.4
0.00350293
0.4
0.00350293
0.4
0.00350293
0.4
0.00350293
0.4
0.00350293
0.4
0.00350293
0.4
0.00350293
0.4
0.00350293
0.4
0.00350293
0.4
0.00350293
0.4
0.00350293
0.4
0.00350293
0.4
0.00350293
0.4
0.00350293
0.4
0.00350293
0.4
0.00350293
0.4
0.00350293
0.4
0.00350293
0.4
0.00350293
0.4
0.00350293
0.4
0.00350293
0.4
0.00350293
0.4
0.00350292
0.4
0.00350292
0.4
0.00350292
0.4
0.00350292
0.4
0.00350292
0.4
0.00350292
0.4
0.00350291
0.4
0.00350291
0.4
0.0035029
0.4
0.00350289
0.4
0.00350288
0.4
0.00350286
0.4
0.00350285
0.4
0.00350282
0.4
0.00350279
0.4
0.00350276
0.4
0.00350272
0.4
0.0035027
0.4
0.00350271
0.4
0.00350278
0.4
0.00350298
0.4
0.00350343
0.399998
0.00350429
0.399996
0.00350588
0.399993
0.00350865
0.399987
0.00351341
0.39998
0.00352147
0.399974
0.00353532
0.399981
0.400004
0.00222725
0.394805
0.00266261
0.396545
0.00295749
0.397796
0.00313707
0.398636
0.0032422
0.399222
0.00330012
0.399605
0.00332786
0.399849
0.00333702
0.399994
0.00333509
0.400075
0.00332719
0.400113
0.00331657
0.400126
0.00330529
0.400123
0.00329451
0.400112
0.00328486
0.400097
0.00327659
0.400081
0.00326972
0.400066
0.00326415
0.400053
0.00325972
0.400041
0.00325626
0.400032
0.00325359
0.400024
0.00325155
0.400018
0.00325001
0.400014
0.00324885
0.40001
0.00324799
0.400008
0.00324735
0.400006
0.00324687
0.400004
0.00324652
0.400003
0.00324627
0.400002
0.00324608
0.400002
0.00324594
0.400001
0.00324584
0.400001
0.00324576
0.400001
0.00324571
0.4
0.00324567
0.4
0.00324564
0.4
0.00324562
0.4
0.0032456
0.4
0.00324559
0.4
0.00324558
0.4
0.00324558
0.4
0.00324557
0.4
0.00324557
0.4
0.00324557
0.4
0.00324557
0.4
0.00324557
0.4
0.00324556
0.4
0.00324556
0.4
0.00324556
0.4
0.00324556
0.4
0.00324556
0.4
0.00324556
0.4
0.00324556
0.4
0.00324556
0.4
0.00324556
0.4
0.00324556
0.4
0.00324556
0.4
0.00324556
0.4
0.00324556
0.4
0.00324556
0.4
0.00324556
0.4
0.00324556
0.4
0.00324556
0.4
0.00324556
0.4
0.00324556
0.4
0.00324556
0.4
0.00324556
0.4
0.00324556
0.4
0.00324556
0.4
0.00324556
0.4
0.00324556
0.4
0.00324556
0.4
0.00324556
0.4
0.00324556
0.4
0.00324556
0.4
0.00324556
0.4
0.00324556
0.4
0.00324555
0.4
0.00324555
0.4
0.00324554
0.4
0.00324554
0.4
0.00324553
0.4
0.00324552
0.4
0.0032455
0.4
0.00324549
0.4
0.00324546
0.4
0.00324544
0.4
0.00324541
0.4
0.00324538
0.4
0.00324537
0.4
0.00324539
0.4
0.00324548
0.4
0.00324572
0.399999
0.0032462
0.399998
0.00324714
0.399995
0.00324883
0.399991
0.00325181
0.399984
0.00325705
0.399975
0.00326621
0.399965
0.00328268
0.399964
0.399979
0.00200868
0.394332
0.0024157
0.396138
0.00269744
0.397515
0.00287029
0.398463
0.00297235
0.39912
0.00302933
0.399548
0.00305752
0.39982
0.0030678
0.399983
0.0030673
0.400075
0.00306087
0.40012
0.00305164
0.400136
0.00304157
0.400134
0.00303184
0.400122
0.00302304
0.400106
0.00301545
0.400089
0.00300912
0.400073
0.00300397
0.400058
0.00299986
0.400045
0.00299664
0.400035
0.00299415
0.400027
0.00299224
0.40002
0.0029908
0.400015
0.00298971
0.400011
0.0029889
0.400008
0.0029883
0.400006
0.00298785
0.400005
0.00298752
0.400003
0.00298728
0.400003
0.0029871
0.400002
0.00298697
0.400001
0.00298687
0.400001
0.0029868
0.400001
0.00298675
0.400001
0.00298672
0.4
0.00298669
0.4
0.00298667
0.4
0.00298665
0.4
0.00298664
0.4
0.00298664
0.4
0.00298663
0.4
0.00298663
0.4
0.00298662
0.4
0.00298662
0.4
0.00298662
0.4
0.00298662
0.4
0.00298662
0.4
0.00298662
0.4
0.00298662
0.4
0.00298662
0.4
0.00298662
0.4
0.00298662
0.4
0.00298662
0.4
0.00298662
0.4
0.00298662
0.4
0.00298662
0.4
0.00298662
0.4
0.00298662
0.4
0.00298662
0.4
0.00298661
0.4
0.00298662
0.4
0.00298661
0.4
0.00298662
0.4
0.00298661
0.4
0.00298662
0.4
0.00298661
0.4
0.00298662
0.4
0.00298661
0.4
0.00298661
0.4
0.00298661
0.4
0.00298661
0.4
0.00298661
0.4
0.00298661
0.4
0.00298661
0.4
0.00298661
0.4
0.00298661
0.4
0.00298661
0.4
0.00298661
0.4
0.0029866
0.4
0.0029866
0.4
0.00298659
0.4
0.00298658
0.4
0.00298657
0.4
0.00298656
0.4
0.00298654
0.4
0.00298652
0.4
0.0029865
0.4
0.00298648
0.4
0.00298646
0.4
0.00298645
0.4
0.00298648
0.4
0.00298659
0.4
0.00298685
0.399999
0.00298737
0.399997
0.00298834
0.399994
0.00299012
0.399989
0.00299324
0.399981
0.00299883
0.399969
0.0030088
0.399955
0.00302713
0.399946
0.39995
0.00180287
0.39392
0.0021776
0.395763
0.00244287
0.397249
0.00260699
0.398299
0.00270464
0.399023
0.00275976
0.399493
0.00278775
0.399792
0.00279872
0.399972
0.00279935
0.400074
0.0027942
0.400125
0.00278622
0.400143
0.00277731
0.400142
0.00276857
0.400131
0.00276061
0.400114
0.00275371
0.400096
0.00274792
0.400078
0.00274319
0.400063
0.00273941
0.400049
0.00273644
0.400038
0.00273414
0.400029
0.00273237
0.400022
0.00273103
0.400017
0.00273003
0.400012
0.00272927
0.400009
0.00272871
0.400007
0.00272829
0.400005
0.00272799
0.400004
0.00272776
0.400003
0.00272759
0.400002
0.00272747
0.400001
0.00272738
0.400001
0.00272732
0.400001
0.00272727
0.400001
0.00272723
0.4
0.00272721
0.4
0.00272719
0.4
0.00272718
0.4
0.00272717
0.4
0.00272716
0.4
0.00272715
0.4
0.00272715
0.4
0.00272715
0.4
0.00272714
0.4
0.00272714
0.4
0.00272714
0.4
0.00272714
0.4
0.00272714
0.4
0.00272714
0.4
0.00272714
0.4
0.00272714
0.4
0.00272714
0.4
0.00272714
0.4
0.00272714
0.4
0.00272714
0.4
0.00272714
0.4
0.00272714
0.4
0.00272714
0.4
0.00272714
0.4
0.00272714
0.4
0.00272714
0.4
0.00272714
0.4
0.00272714
0.4
0.00272714
0.4
0.00272714
0.4
0.00272714
0.4
0.00272714
0.4
0.00272714
0.4
0.00272714
0.4
0.00272714
0.4
0.00272714
0.4
0.00272714
0.4
0.00272714
0.4
0.00272714
0.4
0.00272714
0.4
0.00272714
0.4
0.00272713
0.4
0.00272713
0.4
0.00272713
0.4
0.00272712
0.4
0.00272712
0.4
0.00272711
0.4
0.0027271
0.4
0.00272709
0.4
0.00272707
0.4
0.00272706
0.4
0.00272704
0.4
0.00272702
0.4
0.002727
0.4
0.002727
0.4
0.00272705
0.4
0.00272717
0.4
0.00272744
0.399999
0.00272797
0.399997
0.00272897
0.399993
0.00273078
0.399987
0.00273398
0.399978
0.00273976
0.399963
0.00275023
0.399944
0.00276969
0.399926
0.39992
0.00160761
0.393564
0.00194758
0.395423
0.00219365
0.397003
0.00234724
0.398145
0.00243925
0.398931
0.00249167
0.399441
0.00251886
0.399765
0.0025301
0.399961
0.00253158
0.400073
0.00252752
0.400129
0.00252069
0.40015
0.00251286
0.40015
0.00250508
0.400139
0.00249795
0.400121
0.00249172
0.400102
0.00248648
0.400084
0.00248219
0.400067
0.00247874
0.400053
0.00247603
0.400041
0.00247392
0.400031
0.0024723
0.400024
0.00247108
0.400018
0.00247015
0.400013
0.00246945
0.40001
0.00246894
0.400007
0.00246855
0.400005
0.00246827
0.400004
0.00246806
0.400003
0.00246791
0.400002
0.0024678
0.400002
0.00246771
0.400001
0.00246765
0.400001
0.00246761
0.400001
0.00246758
0.4
0.00246755
0.4
0.00246753
0.4
0.00246752
0.4
0.00246751
0.4
0.00246751
0.4
0.0024675
0.4
0.0024675
0.4
0.0024675
0.4
0.00246749
0.4
0.00246749
0.4
0.00246749
0.4
0.00246749
0.4
0.00246749
0.4
0.00246749
0.4
0.00246749
0.4
0.00246749
0.4
0.00246749
0.4
0.00246749
0.4
0.00246749
0.4
0.00246749
0.4
0.00246749
0.4
0.00246749
0.4
0.00246749
0.4
0.00246749
0.4
0.00246749
0.4
0.00246749
0.4
0.00246749
0.4
0.00246749
0.4
0.00246749
0.4
0.00246749
0.4
0.00246749
0.4
0.00246749
0.4
0.00246749
0.4
0.00246749
0.4
0.00246749
0.4
0.00246749
0.4
0.00246749
0.4
0.00246749
0.4
0.00246749
0.4
0.00246749
0.4
0.00246748
0.4
0.00246748
0.4
0.00246748
0.4
0.00246748
0.4
0.00246747
0.4
0.00246747
0.4
0.00246746
0.4
0.00246745
0.4
0.00246744
0.4
0.00246743
0.4
0.00246741
0.4
0.00246739
0.4
0.00246738
0.4
0.00246737
0.4
0.00246738
0.4
0.00246742
0.4
0.00246755
0.4
0.00246783
0.399999
0.00246837
0.399996
0.00246937
0.399992
0.00247117
0.399986
0.00247436
0.399974
0.00248019
0.399957
0.00249084
0.399934
0.00251073
0.399906
0.399889
0.00142091
0.393258
0.00172474
0.395119
0.00194937
0.396779
0.00209084
0.398004
0.0021761
0.398845
0.00222506
0.399392
0.0022509
0.399739
0.00226203
0.39995
0.00226409
0.400071
0.00226095
0.400132
0.00225516
0.400156
0.00224834
0.400157
0.0022415
0.400145
0.00223516
0.400127
0.00222961
0.400108
0.00222492
0.400088
0.00222107
0.400071
0.00221797
0.400056
0.00221552
0.400043
0.00221362
0.400033
0.00221215
0.400025
0.00221104
0.400019
0.0022102
0.400014
0.00220957
0.400011
0.0022091
0.400008
0.00220875
0.400006
0.00220849
0.400004
0.0022083
0.400003
0.00220816
0.400002
0.00220806
0.400002
0.00220798
0.400001
0.00220793
0.400001
0.00220789
0.400001
0.00220786
0.4
0.00220784
0.4
0.00220782
0.4
0.00220781
0.4
0.0022078
0.4
0.00220779
0.4
0.00220779
0.4
0.00220779
0.4
0.00220778
0.4
0.00220778
0.4
0.00220778
0.4
0.00220778
0.4
0.00220778
0.4
0.00220778
0.4
0.00220778
0.4
0.00220778
0.4
0.00220778
0.4
0.00220778
0.4
0.00220778
0.4
0.00220778
0.4
0.00220778
0.4
0.00220778
0.4
0.00220778
0.4
0.00220778
0.4
0.00220778
0.4
0.00220778
0.4
0.00220778
0.4
0.00220778
0.4
0.00220778
0.4
0.00220778
0.4
0.00220778
0.4
0.00220778
0.4
0.00220778
0.4
0.00220778
0.4
0.00220778
0.4
0.00220778
0.4
0.00220778
0.4
0.00220778
0.4
0.00220778
0.4
0.00220778
0.4
0.00220778
0.4
0.00220777
0.4
0.00220777
0.4
0.00220777
0.4
0.00220777
0.4
0.00220777
0.4
0.00220776
0.4
0.00220775
0.4
0.00220775
0.4
0.00220774
0.4
0.00220772
0.4
0.00220771
0.4
0.0022077
0.4
0.00220768
0.4
0.00220767
0.4
0.00220769
0.4
0.00220774
0.4
0.00220787
0.4
0.00220814
0.399998
0.00220867
0.399996
0.00220964
0.399991
0.0022114
0.399984
0.00221452
0.399971
0.00222024
0.399952
0.00223075
0.399923
0.00225042
0.399887
0.399858
0.00124105
0.392997
0.00150816
0.394852
0.00170955
0.396577
0.00183751
0.397876
0.00191503
0.398768
0.00195985
0.399347
0.00198384
0.399715
0.0019945
0.399939
0.00199691
0.400068
0.00199453
0.400135
0.00198967
0.400161
0.00198381
0.400163
0.00197786
0.400151
0.00197232
0.400133
0.00196743
0.400112
0.00196329
0.400092
0.00195988
0.400074
0.00195713
0.400059
0.00195496
0.400045
0.00195326
0.400035
0.00195196
0.400027
0.00195097
0.40002
0.00195021
0.400015
0.00194965
0.400011
0.00194923
0.400008
0.00194892
0.400006
0.00194869
0.400004
0.00194852
0.400003
0.00194839
0.400002
0.0019483
0.400002
0.00194823
0.400001
0.00194818
0.400001
0.00194815
0.400001
0.00194812
0.400001
0.0019481
0.4
0.00194809
0.4
0.00194808
0.4
0.00194807
0.4
0.00194806
0.4
0.00194806
0.4
0.00194806
0.4
0.00194805
0.4
0.00194805
0.4
0.00194805
0.4
0.00194805
0.4
0.00194805
0.4
0.00194805
0.4
0.00194805
0.4
0.00194805
0.4
0.00194805
0.4
0.00194805
0.4
0.00194805
0.4
0.00194805
0.4
0.00194805
0.4
0.00194805
0.4
0.00194805
0.4
0.00194805
0.4
0.00194805
0.4
0.00194805
0.4
0.00194805
0.4
0.00194805
0.4
0.00194805
0.4
0.00194805
0.4
0.00194805
0.4
0.00194805
0.4
0.00194805
0.4
0.00194805
0.4
0.00194805
0.4
0.00194805
0.4
0.00194805
0.4
0.00194805
0.4
0.00194805
0.4
0.00194805
0.4
0.00194805
0.4
0.00194805
0.4
0.00194804
0.4
0.00194804
0.4
0.00194804
0.4
0.00194804
0.4
0.00194803
0.4
0.00194803
0.4
0.00194802
0.4
0.00194801
0.4
0.001948
0.4
0.00194799
0.4
0.00194798
0.4
0.00194796
0.4
0.00194796
0.4
0.00194798
0.4
0.00194803
0.4
0.00194816
0.399999
0.00194842
0.399998
0.00194892
0.399995
0.00194985
0.39999
0.00195151
0.399982
0.00195448
0.399968
0.00195994
0.399946
0.00197001
0.399913
0.00198885
0.399868
0.399828
0.00106659
0.392779
0.00129692
0.394622
0.00147367
0.396401
0.0015869
0.397762
0.00165583
0.398699
0.0016959
0.399307
0.00171759
0.399694
0.00172748
0.39993
0.00173002
0.400066
0.00172826
0.400136
0.00172424
0.400165
0.00171928
0.400168
0.00171419
0.400156
0.00170942
0.400138
0.0017052
0.400117
0.00170161
0.400096
0.00169865
0.400077
0.00169626
0.400061
0.00169436
0.400047
0.00169288
0.400036
0.00169174
0.400028
0.00169087
0.400021
0.00169021
0.400016
0.00168972
0.400012
0.00168935
0.400009
0.00168908
0.400006
0.00168887
0.400005
0.00168872
0.400003
0.00168861
0.400003
0.00168853
0.400002
0.00168847
0.400001
0.00168843
0.400001
0.0016884
0.400001
0.00168837
0.400001
0.00168836
0.4
0.00168834
0.4
0.00168834
0.4
0.00168833
0.4
0.00168832
0.4
0.00168832
0.4
0.00168832
0.4
0.00168832
0.4
0.00168831
0.4
0.00168831
0.4
0.00168831
0.4
0.00168831
0.4
0.00168831
0.4
0.00168831
0.4
0.00168831
0.4
0.00168831
0.4
0.00168831
0.4
0.00168831
0.4
0.00168831
0.4
0.00168831
0.4
0.00168831
0.4
0.00168831
0.4
0.00168831
0.4
0.00168831
0.4
0.00168831
0.4
0.00168831
0.4
0.00168831
0.4
0.00168831
0.4
0.00168831
0.4
0.00168831
0.4
0.00168831
0.4
0.00168831
0.4
0.00168831
0.4
0.00168831
0.4
0.00168831
0.4
0.00168831
0.4
0.00168831
0.4
0.00168831
0.4
0.00168831
0.4
0.00168831
0.4
0.00168831
0.4
0.00168831
0.4
0.00168831
0.4
0.0016883
0.4
0.0016883
0.4
0.0016883
0.4
0.00168829
0.4
0.00168829
0.4
0.00168828
0.4
0.00168827
0.4
0.00168826
0.4
0.00168825
0.4
0.00168824
0.4
0.00168824
0.4
0.00168826
0.4
0.00168831
0.4
0.00168843
0.399999
0.00168867
0.399998
0.00168914
0.399995
0.00168999
0.39999
0.00169153
0.399981
0.00169426
0.399966
0.00169932
0.399941
0.00170867
0.399904
0.00172614
0.39985
0.399801
0.000896365
0.392599
0.00109018
0.394428
0.0012412
0.39625
0.00133869
0.397665
0.00139826
0.398639
0.00143306
0.399272
0.00145207
0.399675
0.00146091
0.399921
0.00146339
0.400063
0.00146212
0.400138
0.00145886
0.400168
0.00145475
0.400172
0.0014505
0.400161
0.00144649
0.400142
0.00144293
0.40012
0.00143989
0.400099
0.00143738
0.40008
0.00143535
0.400063
0.00143373
0.400049
0.00143247
0.400038
0.0014315
0.400029
0.00143076
0.400022
0.0014302
0.400016
0.00142978
0.400012
0.00142946
0.400009
0.00142923
0.400007
0.00142905
0.400005
0.00142892
0.400004
0.00142883
0.400003
0.00142876
0.400002
0.00142871
0.400001
0.00142867
0.400001
0.00142865
0.400001
0.00142863
0.400001
0.00142861
0.4
0.0014286
0.4
0.00142859
0.4
0.00142859
0.4
0.00142858
0.4
0.00142858
0.4
0.00142858
0.4
0.00142858
0.4
0.00142858
0.4
0.00142857
0.4
0.00142857
0.4
0.00142857
0.4
0.00142857
0.4
0.00142857
0.4
0.00142857
0.4
0.00142857
0.4
0.00142857
0.4
0.00142857
0.4
0.00142857
0.4
0.00142857
0.4
0.00142857
0.4
0.00142857
0.4
0.00142857
0.4
0.00142857
0.4
0.00142857
0.4
0.00142857
0.4
0.00142857
0.4
0.00142857
0.4
0.00142857
0.4
0.00142857
0.4
0.00142857
0.4
0.00142857
0.4
0.00142857
0.4
0.00142857
0.4
0.00142857
0.4
0.00142857
0.4
0.00142857
0.4
0.00142857
0.4
0.00142857
0.4
0.00142857
0.4
0.00142857
0.4
0.00142857
0.4
0.00142857
0.4
0.00142857
0.4
0.00142856
0.4
0.00142856
0.4
0.00142856
0.4
0.00142855
0.4
0.00142855
0.4
0.00142854
0.4
0.00142853
0.4
0.00142852
0.4
0.00142851
0.4
0.00142851
0.4
0.00142853
0.4
0.00142858
0.4
0.00142869
0.399999
0.00142891
0.399998
0.00142932
0.399994
0.00143008
0.399989
0.00143145
0.399979
0.00143389
0.399963
0.00143842
0.399937
0.00144679
0.399896
0.00146241
0.399835
0.399776
0.000729424
0.392454
0.000887137
0.39427
0.00101162
0.396125
0.0010925
0.397584
0.0011421
0.39859
0.00117117
0.399243
0.00118718
0.399659
0.00119474
0.399913
0.00119699
0.400061
0.0011961
0.400139
0.00119354
0.400171
0.00119024
0.400175
0.00118679
0.400164
0.00118353
0.400145
0.00118062
0.400123
0.00117814
0.400101
0.00117608
0.400082
0.00117441
0.400065
0.00117308
0.40005
0.00117205
0.400039
0.00117125
0.400029
0.00117064
0.400022
0.00117017
0.400017
0.00116983
0.400012
0.00116957
0.400009
0.00116937
0.400007
0.00116923
0.400005
0.00116912
0.400004
0.00116905
0.400003
0.00116899
0.400002
0.00116895
0.400001
0.00116892
0.400001
0.00116889
0.400001
0.00116888
0.400001
0.00116886
0.4
0.00116886
0.4
0.00116885
0.4
0.00116885
0.4
0.00116884
0.4
0.00116884
0.4
0.00116884
0.4
0.00116884
0.4
0.00116884
0.4
0.00116883
0.4
0.00116883
0.4
0.00116883
0.4
0.00116883
0.4
0.00116883
0.4
0.00116883
0.4
0.00116883
0.4
0.00116883
0.4
0.00116883
0.4
0.00116883
0.4
0.00116883
0.4
0.00116883
0.4
0.00116883
0.4
0.00116883
0.4
0.00116883
0.4
0.00116883
0.4
0.00116883
0.4
0.00116883
0.4
0.00116883
0.4
0.00116883
0.4
0.00116883
0.4
0.00116883
0.4
0.00116883
0.4
0.00116883
0.4
0.00116883
0.4
0.00116883
0.4
0.00116883
0.4
0.00116883
0.4
0.00116883
0.4
0.00116883
0.4
0.00116883
0.4
0.00116883
0.4
0.00116883
0.4
0.00116883
0.4
0.00116883
0.4
0.00116883
0.4
0.00116882
0.4
0.00116882
0.4
0.00116882
0.4
0.00116881
0.4
0.0011688
0.4
0.0011688
0.4
0.00116879
0.4
0.00116878
0.4
0.00116879
0.4
0.0011688
0.4
0.00116884
0.4
0.00116894
0.399999
0.00116913
0.399997
0.00116948
0.399994
0.00117013
0.399988
0.0011713
0.399978
0.00117339
0.399961
0.00117726
0.399933
0.00118443
0.399888
0.00119778
0.399821
0.399756
0.000564967
0.392344
0.000687035
0.394148
0.000784387
0.396028
0.000847988
0.39752
0.000887096
0.398551
0.000910084
0.39922
0.000922812
0.399646
0.000928892
0.399907
0.000930786
0.400059
0.000930192
0.400139
0.000928257
0.400173
0.000925728
0.400178
0.000923068
0.400167
0.000920542
0.400148
0.000918286
0.400125
0.000916357
0.400103
0.000914753
0.400083
0.000913451
0.400066
0.000912417
0.400051
0.000911609
0.400039
0.000910984
0.40003
0.000910505
0.400023
0.000910143
0.400017
0.00090987
0.400013
0.000909666
0.400009
0.000909515
0.400007
0.000909403
0.400005
0.00090932
0.400004
0.000909259
0.400003
0.000909214
0.400002
0.000909181
0.400001
0.000909158
0.400001
0.00090914
0.400001
0.000909127
0.400001
0.000909118
0.4
0.000909111
0.4
0.000909106
0.4
0.000909102
0.4
0.000909099
0.4
0.000909097
0.4
0.000909096
0.4
0.000909095
0.4
0.000909094
0.4
0.000909094
0.4
0.000909093
0.4
0.000909093
0.4
0.000909093
0.4
0.000909093
0.4
0.000909092
0.4
0.000909093
0.4
0.000909092
0.4
0.000909092
0.4
0.000909092
0.4
0.000909092
0.4
0.000909092
0.4
0.000909092
0.4
0.000909092
0.4
0.000909092
0.4
0.000909092
0.4
0.000909092
0.4
0.000909092
0.4
0.000909092
0.4
0.000909092
0.4
0.000909093
0.4
0.000909092
0.4
0.000909093
0.4
0.000909092
0.4
0.000909092
0.4
0.000909092
0.4
0.000909092
0.4
0.000909092
0.4
0.000909092
0.4
0.000909092
0.4
0.000909091
0.4
0.000909091
0.4
0.00090909
0.4
0.000909089
0.4
0.000909088
0.4
0.000909087
0.4
0.000909085
0.4
0.000909082
0.4
0.000909079
0.4
0.000909075
0.4
0.00090907
0.4
0.000909065
0.4
0.000909059
0.4
0.000909056
0.4
0.000909057
0.4
0.00090907
0.4
0.000909104
0.4
0.000909181
0.399999
0.000909334
0.399997
0.000909621
0.399994
0.000910144
0.399988
0.000911083
0.399977
0.000912762
0.399959
0.000915879
0.39993
0.000921657
0.399883
0.000932401
0.399811
0.399739
0.000402326
0.392266
0.000489174
0.394061
0.000558979
0.395958
0.000604775
0.397475
0.000632992
0.398523
0.000649615
0.399203
0.000658856
0.399637
0.000663307
0.399903
0.000664736
0.400058
0.000664363
0.40014
0.000663014
0.400174
0.000661228
0.40018
0.00065934
0.400169
0.000657542
0.400149
0.000655933
0.400127
0.000654556
0.400105
0.000653408
0.400084
0.000652476
0.400067
0.000651736
0.400052
0.000651157
0.40004
0.000650709
0.40003
0.000650366
0.400023
0.000650106
0.400017
0.00064991
0.400013
0.000649764
0.40001
0.000649655
0.400007
0.000649575
0.400005
0.000649515
0.400004
0.000649471
0.400003
0.000649439
0.400002
0.000649416
0.400002
0.000649398
0.400001
0.000649386
0.400001
0.000649377
0.400001
0.00064937
0.4
0.000649365
0.4
0.000649361
0.4
0.000649359
0.4
0.000649357
0.4
0.000649355
0.4
0.000649354
0.4
0.000649354
0.4
0.000649353
0.4
0.000649353
0.4
0.000649352
0.4
0.000649352
0.4
0.000649352
0.4
0.000649352
0.4
0.000649352
0.4
0.000649352
0.4
0.000649352
0.4
0.000649352
0.4
0.000649352
0.4
0.000649352
0.4
0.000649352
0.4
0.000649352
0.4
0.000649352
0.4
0.000649352
0.4
0.000649352
0.4
0.000649352
0.4
0.000649352
0.4
0.000649352
0.4
0.000649352
0.4
0.000649352
0.4
0.000649352
0.4
0.000649352
0.4
0.000649352
0.4
0.000649352
0.4
0.000649352
0.4
0.000649352
0.4
0.000649351
0.4
0.000649351
0.4
0.000649351
0.4
0.000649351
0.4
0.000649351
0.4
0.00064935
0.4
0.00064935
0.4
0.000649349
0.4
0.000649348
0.4
0.000649347
0.4
0.000649345
0.4
0.000649342
0.4
0.000649339
0.4
0.000649336
0.4
0.000649332
0.4
0.000649328
0.4
0.000649326
0.4
0.000649327
0.4
0.000649337
0.4
0.000649362
0.4
0.000649419
0.399999
0.000649531
0.399997
0.000649742
0.399994
0.000650125
0.399987
0.000650812
0.399976
0.000652042
0.399958
0.000654327
0.399927
0.000658564
0.399878
0.000666431
0.399803
0.399727
0.000240921
0.39222
0.000292886
0.394009
0.000334871
0.395916
0.000362494
0.397447
0.000379538
0.398505
0.000389592
0.399193
0.000395196
0.399631
0.00039791
0.3999
0.000398798
0.400057
0.000398594
0.40014
0.000397798
0.400175
0.000396734
0.400181
0.000395607
0.40017
0.00039453
0.40015
0.000393565
0.400128
0.00039274
0.400106
0.00039205
0.400085
0.000391489
0.400067
0.000391044
0.400052
0.000390697
0.40004
0.000390428
0.400031
0.000390222
0.400023
0.000390064
0.400017
0.000389947
0.400013
0.000389858
0.40001
0.000389793
0.400007
0.000389745
0.400005
0.000389709
0.400004
0.000389683
0.400003
0.000389663
0.400002
0.000389649
0.400002
0.000389639
0.400001
0.000389631
0.400001
0.000389626
0.400001
0.000389622
0.4
0.000389619
0.4
0.000389617
0.4
0.000389615
0.4
0.000389614
0.4
0.000389613
0.4
0.000389612
0.4
0.000389612
0.4
0.000389612
0.4
0.000389612
0.4
0.000389611
0.4
0.000389611
0.4
0.000389611
0.4
0.000389611
0.4
0.000389611
0.4
0.000389611
0.4
0.000389611
0.4
0.000389611
0.4
0.000389611
0.4
0.000389611
0.4
0.000389611
0.4
0.000389611
0.4
0.000389611
0.4
0.000389611
0.4
0.000389611
0.4
0.000389611
0.4
0.000389611
0.4
0.000389611
0.4
0.000389611
0.4
0.000389611
0.4
0.000389611
0.4
0.000389611
0.4
0.000389611
0.4
0.000389611
0.4
0.000389611
0.4
0.000389611
0.4
0.000389611
0.4
0.000389611
0.4
0.000389611
0.4
0.000389611
0.4
0.00038961
0.4
0.00038961
0.4
0.00038961
0.4
0.000389609
0.4
0.000389609
0.4
0.000389608
0.4
0.000389607
0.4
0.000389605
0.4
0.000389604
0.4
0.000389602
0.4
0.000389599
0.4
0.000389597
0.4
0.000389596
0.4
0.000389597
0.4
0.000389602
0.4
0.000389618
0.4
0.000389653
0.399999
0.000389722
0.399997
0.00038985
0.399993
0.000390084
0.399987
0.000390503
0.399976
0.000391254
0.399957
0.000392648
0.399926
0.000395234
0.399876
0.000400032
0.399798
0.399719
8.02329e-05
0.392205
9.75301e-05
0.393992
0.000111541
0.395902
0.000120773
0.397438
0.000126473
0.3985
0.000129837
0.39919
0.000131715
0.399629
0.000132626
0.399899
0.000132928
0.400057
0.000132862
0.40014
0.000132599
0.400175
0.000132245
0.400181
0.00013187
0.40017
0.000131511
0.400151
0.000131189
0.400128
0.000130915
0.400106
0.000130684
0.400085
0.000130495
0.400068
0.000130347
0.400053
0.000130232
0.400041
0.000130143
0.400031
0.000130074
0.400023
0.000130021
0.400017
0.000129981
0.400013
0.000129952
0.40001
0.00012993
0.400007
0.000129914
0.400005
0.000129902
0.400004
0.000129894
0.400003
0.000129887
0.400002
0.000129882
0.400002
0.000129879
0.400001
0.000129877
0.400001
0.000129875
0.400001
0.000129874
0.4
0.000129873
0.4
0.000129872
0.4
0.000129872
0.4
0.000129871
0.4
0.000129871
0.4
0.000129871
0.4
0.000129871
0.4
0.00012987
0.4
0.00012987
0.4
0.00012987
0.4
0.00012987
0.4
0.00012987
0.4
0.00012987
0.4
0.00012987
0.4
0.00012987
0.4
0.00012987
0.4
0.00012987
0.4
0.00012987
0.4
0.00012987
0.4
0.00012987
0.4
0.00012987
0.4
0.00012987
0.4
0.00012987
0.4
0.00012987
0.4
0.00012987
0.4
0.00012987
0.4
0.00012987
0.4
0.00012987
0.4
0.00012987
0.4
0.00012987
0.4
0.00012987
0.4
0.00012987
0.4
0.00012987
0.4
0.00012987
0.4
0.00012987
0.4
0.00012987
0.4
0.00012987
0.4
0.00012987
0.4
0.00012987
0.4
0.00012987
0.4
0.00012987
0.4
0.00012987
0.4
0.00012987
0.4
0.000129869
0.4
0.000129869
0.4
0.000129869
0.4
0.000129868
0.4
0.000129868
0.4
0.000129867
0.4
0.000129866
0.4
0.000129866
0.4
0.000129865
0.4
0.000129865
0.4
0.000129867
0.4
0.000129873
0.4
0.000129884
0.399999
0.000129908
0.399997
0.000129951
0.399993
0.000130029
0.399987
0.00013017
0.399976
0.000130422
0.399957
0.000130891
0.399926
0.000131761
0.399875
0.000133372
0.399796
0.399717
-8.02193e-05
0.39222
-9.75162e-05
0.394009
-0.000111529
0.395916
-0.000120761
0.397447
-0.000126462
0.398505
-0.000129827
0.399193
-0.000131706
0.399631
-0.000132619
0.3999
-0.00013292
0.400057
-0.000132858
0.40014
-0.000132595
0.400175
-0.000132243
0.400181
-0.000131868
0.40017
-0.00013151
0.40015
-0.00013119
0.400128
-0.000130913
0.400106
-0.000130685
0.400085
-0.000130501
0.400067
-0.000130352
0.400052
-0.000130234
0.40004
-0.000130144
0.400031
-0.000130075
0.400023
-0.000130024
0.400017
-0.000129985
0.400013
-0.000129955
0.40001
-0.000129933
0.400007
-0.000129917
0.400005
-0.000129904
0.400004
-0.000129896
0.400003
-0.000129889
0.400002
-0.000129884
0.400002
-0.000129881
0.400001
-0.000129878
0.400001
-0.000129876
0.400001
-0.000129875
0.4
-0.000129873
0.4
-0.000129873
0.4
-0.000129872
0.4
-0.000129872
0.4
-0.000129872
0.4
-0.000129871
0.4
-0.000129871
0.4
-0.000129871
0.4
-0.000129871
0.4
-0.000129871
0.4
-0.000129871
0.4
-0.000129871
0.4
-0.000129871
0.4
-0.000129871
0.4
-0.000129871
0.4
-0.000129871
0.4
-0.000129871
0.4
-0.000129871
0.4
-0.000129871
0.4
-0.000129871
0.4
-0.000129871
0.4
-0.000129871
0.4
-0.000129871
0.4
-0.000129871
0.4
-0.000129871
0.4
-0.000129871
0.4
-0.000129871
0.4
-0.000129871
0.4
-0.000129871
0.4
-0.000129871
0.4
-0.000129871
0.4
-0.000129871
0.4
-0.000129871
0.4
-0.000129871
0.4
-0.000129871
0.4
-0.000129871
0.4
-0.000129871
0.4
-0.000129871
0.4
-0.00012987
0.4
-0.00012987
0.4
-0.00012987
0.4
-0.00012987
0.4
-0.00012987
0.4
-0.00012987
0.4
-0.000129869
0.4
-0.000129869
0.4
-0.000129869
0.4
-0.000129868
0.4
-0.000129867
0.4
-0.000129867
0.4
-0.000129866
0.4
-0.000129865
0.4
-0.000129866
0.4
-0.000129868
0.4
-0.000129873
0.4
-0.000129885
0.399999
-0.000129908
0.399997
-0.000129951
0.399993
-0.00013003
0.399987
-0.000130171
0.399976
-0.000130423
0.399957
-0.000130892
0.399926
-0.000131762
0.399876
-0.000133374
0.399798
0.399719
-0.000240907
0.392266
-0.000292872
0.394061
-0.000334859
0.395958
-0.000362482
0.397475
-0.000379526
0.398523
-0.000389582
0.399203
-0.000395187
0.399637
-0.000397902
0.399903
-0.000398791
0.400058
-0.00039859
0.40014
-0.000397794
0.400174
-0.000396732
0.40018
-0.000395604
0.400169
-0.000394529
0.400149
-0.000393566
0.400127
-0.000392738
0.400105
-0.000392051
0.400084
-0.000391495
0.400067
-0.00039105
0.400052
-0.000390699
0.40004
-0.000390429
0.40003
-0.000390223
0.400023
-0.000390067
0.400017
-0.00038995
0.400013
-0.000389862
0.40001
-0.000389796
0.400007
-0.000389747
0.400005
-0.000389711
0.400004
-0.000389685
0.400003
-0.000389665
0.400002
-0.000389651
0.400002
-0.00038964
0.400001
-0.000389633
0.400001
-0.000389627
0.400001
-0.000389623
0.4
-0.00038962
0.4
-0.000389618
0.4
-0.000389616
0.4
-0.000389615
0.4
-0.000389614
0.4
-0.000389613
0.4
-0.000389613
0.4
-0.000389613
0.4
-0.000389612
0.4
-0.000389612
0.4
-0.000389612
0.4
-0.000389612
0.4
-0.000389612
0.4
-0.000389612
0.4
-0.000389612
0.4
-0.000389612
0.4
-0.000389612
0.4
-0.000389612
0.4
-0.000389612
0.4
-0.000389612
0.4
-0.000389612
0.4
-0.000389612
0.4
-0.000389612
0.4
-0.000389612
0.4
-0.000389612
0.4
-0.000389612
0.4
-0.000389612
0.4
-0.000389612
0.4
-0.000389611
0.4
-0.000389612
0.4
-0.000389611
0.4
-0.000389612
0.4
-0.000389611
0.4
-0.000389612
0.4
-0.000389611
0.4
-0.000389611
0.4
-0.000389611
0.4
-0.000389611
0.4
-0.000389611
0.4
-0.000389611
0.4
-0.000389611
0.4
-0.00038961
0.4
-0.00038961
0.4
-0.000389609
0.4
-0.000389608
0.4
-0.000389607
0.4
-0.000389606
0.4
-0.000389604
0.4
-0.000389602
0.4
-0.0003896
0.4
-0.000389597
0.4
-0.000389596
0.4
-0.000389597
0.4
-0.000389603
0.4
-0.000389619
0.4
-0.000389653
0.399999
-0.000389722
0.399997
-0.000389851
0.399994
-0.000390084
0.399987
-0.000390504
0.399976
-0.000391254
0.399958
-0.000392649
0.399927
-0.000395235
0.399878
-0.000400033
0.399803
0.399727
-0.000402313
0.392344
-0.00048916
0.394148
-0.000558967
0.396028
-0.000604763
0.39752
-0.000632981
0.398551
-0.000649605
0.39922
-0.000658847
0.399646
-0.000663299
0.399907
-0.000664729
0.400059
-0.000664358
0.400139
-0.00066301
0.400173
-0.000661226
0.400178
-0.000659338
0.400167
-0.000657541
0.400148
-0.000655934
0.400125
-0.000654554
0.400103
-0.000653409
0.400083
-0.000652481
0.400066
-0.000651741
0.400051
-0.00065116
0.400039
-0.00065071
0.40003
-0.000650368
0.400023
-0.000650109
0.400017
-0.000649913
0.400013
-0.000649767
0.400009
-0.000649658
0.400007
-0.000649577
0.400005
-0.000649517
0.400004
-0.000649473
0.400003
-0.000649441
0.400002
-0.000649417
0.400001
-0.0006494
0.400001
-0.000649387
0.400001
-0.000649378
0.400001
-0.000649371
0.4
-0.000649366
0.4
-0.000649362
0.4
-0.00064936
0.4
-0.000649358
0.4
-0.000649356
0.4
-0.000649355
0.4
-0.000649354
0.4
-0.000649354
0.4
-0.000649354
0.4
-0.000649353
0.4
-0.000649353
0.4
-0.000649353
0.4
-0.000649353
0.4
-0.000649353
0.4
-0.000649353
0.4
-0.000649353
0.4
-0.000649353
0.4
-0.000649353
0.4
-0.000649353
0.4
-0.000649353
0.4
-0.000649353
0.4
-0.000649353
0.4
-0.000649353
0.4
-0.000649353
0.4
-0.000649352
0.4
-0.000649352
0.4
-0.000649352
0.4
-0.000649352
0.4
-0.000649352
0.4
-0.000649352
0.4
-0.000649352
0.4
-0.000649352
0.4
-0.000649352
0.4
-0.000649352
0.4
-0.000649352
0.4
-0.000649352
0.4
-0.000649352
0.4
-0.000649352
0.4
-0.000649352
0.4
-0.000649351
0.4
-0.000649351
0.4
-0.00064935
0.4
-0.000649349
0.4
-0.000649348
0.4
-0.000649347
0.4
-0.000649345
0.4
-0.000649343
0.4
-0.00064934
0.4
-0.000649336
0.4
-0.000649332
0.4
-0.000649329
0.4
-0.000649326
0.4
-0.000649328
0.4
-0.000649337
0.4
-0.000649363
0.4
-0.000649419
0.399999
-0.000649532
0.399997
-0.000649743
0.399994
-0.000650125
0.399988
-0.000650813
0.399977
-0.000652043
0.399959
-0.000654328
0.39993
-0.000658565
0.399883
-0.000666433
0.399811
0.399739
-0.000564954
0.392455
-0.000687021
0.39427
-0.000784376
0.396125
-0.000847976
0.397584
-0.000887084
0.39859
-0.000910074
0.399243
-0.000922803
0.399659
-0.000928884
0.399913
-0.000930779
0.400061
-0.000930188
0.400139
-0.000928253
0.400171
-0.000925726
0.400175
-0.000923066
0.400164
-0.000920541
0.400145
-0.000918287
0.400123
-0.000916355
0.400101
-0.000914754
0.400082
-0.000913456
0.400065
-0.000912422
0.40005
-0.000911611
0.400039
-0.000910985
0.400029
-0.000910507
0.400022
-0.000910146
0.400017
-0.000909873
0.400012
-0.00090967
0.400009
-0.000909518
0.400007
-0.000909405
0.400005
-0.000909322
0.400004
-0.000909261
0.400003
-0.000909216
0.400002
-0.000909183
0.400001
-0.000909159
0.400001
-0.000909141
0.400001
-0.000909128
0.400001
-0.000909119
0.4
-0.000909112
0.4
-0.000909107
0.4
-0.000909103
0.4
-0.0009091
0.4
-0.000909098
0.4
-0.000909097
0.4
-0.000909096
0.4
-0.000909095
0.4
-0.000909095
0.4
-0.000909094
0.4
-0.000909094
0.4
-0.000909094
0.4
-0.000909094
0.4
-0.000909094
0.4
-0.000909094
0.4
-0.000909094
0.4
-0.000909093
0.4
-0.000909094
0.4
-0.000909093
0.4
-0.000909093
0.4
-0.000909093
0.4
-0.000909093
0.4
-0.000909093
0.4
-0.000909093
0.4
-0.000909093
0.4
-0.000909093
0.4
-0.000909093
0.4
-0.000909093
0.4
-0.000909093
0.4
-0.000909093
0.4
-0.000909093
0.4
-0.000909093
0.4
-0.000909093
0.4
-0.000909093
0.4
-0.000909093
0.4
-0.000909093
0.4
-0.000909093
0.4
-0.000909092
0.4
-0.000909092
0.4
-0.000909092
0.4
-0.000909091
0.4
-0.00090909
0.4
-0.000909089
0.4
-0.000909087
0.4
-0.000909085
0.4
-0.000909083
0.4
-0.000909079
0.4
-0.000909075
0.4
-0.00090907
0.4
-0.000909065
0.4
-0.00090906
0.4
-0.000909056
0.4
-0.000909058
0.4
-0.00090907
0.4
-0.000909105
0.4
-0.000909181
0.399999
-0.000909334
0.399997
-0.000909622
0.399994
-0.000910144
0.399988
-0.000911083
0.399978
-0.000912763
0.399961
-0.00091588
0.399933
-0.000921658
0.399888
-0.000932402
0.399821
0.399756
-0.000729411
0.392599
-0.000887123
0.394428
-0.00101161
0.39625
-0.00109249
0.397665
-0.00114209
0.398639
-0.00117116
0.399272
-0.00118717
0.399675
-0.00119473
0.399921
-0.00119698
0.400063
-0.0011961
0.400138
-0.00119353
0.400168
-0.00119023
0.400172
-0.00118679
0.400161
-0.00118352
0.400142
-0.00118062
0.40012
-0.00117814
0.400099
-0.00117608
0.40008
-0.00117441
0.400063
-0.00117309
0.400049
-0.00117205
0.400038
-0.00117125
0.400029
-0.00117064
0.400022
-0.00117018
0.400016
-0.00116983
0.400012
-0.00116957
0.400009
-0.00116938
0.400007
-0.00116923
0.400005
-0.00116913
0.400004
-0.00116905
0.400003
-0.00116899
0.400002
-0.00116895
0.400001
-0.00116892
0.400001
-0.0011689
0.400001
-0.00116888
0.400001
-0.00116887
0.4
-0.00116886
0.4
-0.00116885
0.4
-0.00116885
0.4
-0.00116884
0.4
-0.00116884
0.4
-0.00116884
0.4
-0.00116884
0.4
-0.00116884
0.4
-0.00116884
0.4
-0.00116884
0.4
-0.00116883
0.4
-0.00116883
0.4
-0.00116883
0.4
-0.00116883
0.4
-0.00116883
0.4
-0.00116883
0.4
-0.00116883
0.4
-0.00116883
0.4
-0.00116883
0.4
-0.00116883
0.4
-0.00116883
0.4
-0.00116883
0.4
-0.00116883
0.4
-0.00116883
0.4
-0.00116883
0.4
-0.00116883
0.4
-0.00116883
0.4
-0.00116883
0.4
-0.00116883
0.4
-0.00116883
0.4
-0.00116883
0.4
-0.00116883
0.4
-0.00116883
0.4
-0.00116883
0.4
-0.00116883
0.4
-0.00116883
0.4
-0.00116883
0.4
-0.00116883
0.4
-0.00116883
0.4
-0.00116883
0.4
-0.00116883
0.4
-0.00116883
0.4
-0.00116883
0.4
-0.00116883
0.4
-0.00116882
0.4
-0.00116882
0.4
-0.00116882
0.4
-0.00116881
0.4
-0.0011688
0.4
-0.0011688
0.4
-0.00116879
0.4
-0.00116879
0.4
-0.00116879
0.4
-0.0011688
0.4
-0.00116884
0.4
-0.00116894
0.399999
-0.00116913
0.399998
-0.00116948
0.399994
-0.00117013
0.399989
-0.0011713
0.399979
-0.00117339
0.399963
-0.00117726
0.399937
-0.00118443
0.399896
-0.00119778
0.399835
0.399776
-0.000896353
0.392779
-0.00109017
0.394622
-0.00124119
0.396401
-0.00133868
0.397762
-0.00139825
0.398699
-0.00143305
0.399307
-0.00145206
0.399694
-0.0014609
0.39993
-0.00146338
0.400066
-0.00146212
0.400136
-0.00145886
0.400165
-0.00145475
0.400168
-0.00145049
0.400156
-0.00144649
0.400138
-0.00144293
0.400117
-0.00143989
0.400096
-0.00143738
0.400077
-0.00143535
0.400061
-0.00143374
0.400047
-0.00143248
0.400036
-0.0014315
0.400028
-0.00143076
0.400021
-0.0014302
0.400016
-0.00142978
0.400012
-0.00142946
0.400009
-0.00142923
0.400006
-0.00142906
0.400005
-0.00142893
0.400003
-0.00142883
0.400003
-0.00142876
0.400002
-0.00142871
0.400001
-0.00142868
0.400001
-0.00142865
0.400001
-0.00142863
0.400001
-0.00142861
0.4
-0.0014286
0.4
-0.00142859
0.4
-0.00142859
0.4
-0.00142858
0.4
-0.00142858
0.4
-0.00142858
0.4
-0.00142858
0.4
-0.00142858
0.4
-0.00142858
0.4
-0.00142858
0.4
-0.00142858
0.4
-0.00142857
0.4
-0.00142857
0.4
-0.00142857
0.4
-0.00142857
0.4
-0.00142857
0.4
-0.00142857
0.4
-0.00142857
0.4
-0.00142857
0.4
-0.00142857
0.4
-0.00142857
0.4
-0.00142857
0.4
-0.00142857
0.4
-0.00142857
0.4
-0.00142857
0.4
-0.00142857
0.4
-0.00142857
0.4
-0.00142857
0.4
-0.00142857
0.4
-0.00142857
0.4
-0.00142857
0.4
-0.00142857
0.4
-0.00142857
0.4
-0.00142857
0.4
-0.00142857
0.4
-0.00142857
0.4
-0.00142857
0.4
-0.00142857
0.4
-0.00142857
0.4
-0.00142857
0.4
-0.00142857
0.4
-0.00142857
0.4
-0.00142857
0.4
-0.00142856
0.4
-0.00142856
0.4
-0.00142856
0.4
-0.00142855
0.4
-0.00142855
0.4
-0.00142854
0.4
-0.00142853
0.4
-0.00142852
0.4
-0.00142851
0.4
-0.00142851
0.4
-0.00142853
0.4
-0.00142858
0.4
-0.00142869
0.399999
-0.00142891
0.399998
-0.00142932
0.399995
-0.00143008
0.39999
-0.00143145
0.399981
-0.00143389
0.399966
-0.00143842
0.399941
-0.00144679
0.399904
-0.00146241
0.39985
0.399801
-0.00106657
0.392998
-0.00129691
0.394852
-0.00147366
0.396577
-0.00158689
0.397876
-0.00165582
0.398768
-0.00169589
0.399347
-0.00171758
0.399715
-0.00172747
0.399939
-0.00173001
0.400068
-0.00172825
0.400135
-0.00172423
0.400161
-0.00171928
0.400163
-0.00171419
0.400151
-0.00170942
0.400133
-0.0017052
0.400112
-0.00170161
0.400092
-0.00169865
0.400074
-0.00169626
0.400059
-0.00169436
0.400045
-0.00169288
0.400035
-0.00169174
0.400027
-0.00169087
0.40002
-0.00169022
0.400015
-0.00168972
0.400011
-0.00168935
0.400008
-0.00168908
0.400006
-0.00168888
0.400004
-0.00168873
0.400003
-0.00168862
0.400002
-0.00168853
0.400002
-0.00168847
0.400001
-0.00168843
0.400001
-0.0016884
0.400001
-0.00168838
0.400001
-0.00168836
0.4
-0.00168835
0.4
-0.00168834
0.4
-0.00168833
0.4
-0.00168833
0.4
-0.00168832
0.4
-0.00168832
0.4
-0.00168832
0.4
-0.00168832
0.4
-0.00168832
0.4
-0.00168832
0.4
-0.00168831
0.4
-0.00168831
0.4
-0.00168831
0.4
-0.00168831
0.4
-0.00168831
0.4
-0.00168831
0.4
-0.00168831
0.4
-0.00168831
0.4
-0.00168831
0.4
-0.00168831
0.4
-0.00168831
0.4
-0.00168831
0.4
-0.00168831
0.4
-0.00168831
0.4
-0.00168831
0.4
-0.00168831
0.4
-0.00168831
0.4
-0.00168831
0.4
-0.00168831
0.4
-0.00168831
0.4
-0.00168831
0.4
-0.00168831
0.4
-0.00168831
0.4
-0.00168831
0.4
-0.00168831
0.4
-0.00168831
0.4
-0.00168831
0.4
-0.00168831
0.4
-0.00168831
0.4
-0.00168831
0.4
-0.00168831
0.4
-0.00168831
0.4
-0.00168831
0.4
-0.0016883
0.4
-0.0016883
0.4
-0.00168829
0.4
-0.00168829
0.4
-0.00168828
0.4
-0.00168827
0.4
-0.00168826
0.4
-0.00168825
0.4
-0.00168824
0.4
-0.00168824
0.4
-0.00168826
0.4
-0.00168831
0.4
-0.00168843
0.399999
-0.00168867
0.399998
-0.00168914
0.399995
-0.00168999
0.39999
-0.00169153
0.399982
-0.00169426
0.399968
-0.00169932
0.399946
-0.00170867
0.399913
-0.00172614
0.399868
0.399828
-0.00124103
0.393258
-0.00150815
0.395119
-0.00170954
0.396779
-0.00183749
0.398004
-0.00191502
0.398845
-0.00195984
0.399392
-0.00198383
0.399739
-0.0019945
0.39995
-0.00199691
0.400071
-0.00199453
0.400132
-0.00198967
0.400156
-0.00198381
0.400157
-0.00197786
0.400145
-0.00197232
0.400127
-0.00196743
0.400108
-0.00196329
0.400088
-0.00195988
0.400071
-0.00195714
0.400056
-0.00195496
0.400043
-0.00195327
0.400033
-0.00195196
0.400025
-0.00195097
0.400019
-0.00195022
0.400014
-0.00194965
0.400011
-0.00194923
0.400008
-0.00194892
0.400006
-0.00194869
0.400004
-0.00194852
0.400003
-0.00194839
0.400002
-0.0019483
0.400002
-0.00194823
0.400001
-0.00194818
0.400001
-0.00194815
0.400001
-0.00194812
0.4
-0.0019481
0.4
-0.00194809
0.4
-0.00194808
0.4
-0.00194807
0.4
-0.00194806
0.4
-0.00194806
0.4
-0.00194806
0.4
-0.00194806
0.4
-0.00194805
0.4
-0.00194805
0.4
-0.00194805
0.4
-0.00194805
0.4
-0.00194805
0.4
-0.00194805
0.4
-0.00194805
0.4
-0.00194805
0.4
-0.00194805
0.4
-0.00194805
0.4
-0.00194805
0.4
-0.00194805
0.4
-0.00194805
0.4
-0.00194805
0.4
-0.00194805
0.4
-0.00194805
0.4
-0.00194805
0.4
-0.00194805
0.4
-0.00194805
0.4
-0.00194805
0.4
-0.00194805
0.4
-0.00194805
0.4
-0.00194805
0.4
-0.00194805
0.4
-0.00194805
0.4
-0.00194805
0.4
-0.00194805
0.4
-0.00194805
0.4
-0.00194805
0.4
-0.00194805
0.4
-0.00194805
0.4
-0.00194805
0.4
-0.00194805
0.4
-0.00194805
0.4
-0.00194804
0.4
-0.00194804
0.4
-0.00194804
0.4
-0.00194803
0.4
-0.00194803
0.4
-0.00194802
0.4
-0.00194801
0.4
-0.001948
0.4
-0.00194799
0.4
-0.00194798
0.4
-0.00194797
0.4
-0.00194796
0.4
-0.00194798
0.4
-0.00194803
0.4
-0.00194816
0.4
-0.00194842
0.399998
-0.00194892
0.399996
-0.00194985
0.399991
-0.00195151
0.399984
-0.00195448
0.399971
-0.00195994
0.399952
-0.00197001
0.399923
-0.00198885
0.399887
0.399858
-0.0014209
0.393564
-0.00172473
0.395423
-0.00194936
0.397003
-0.00209083
0.398145
-0.00217609
0.398931
-0.00222506
0.399441
-0.00225089
0.399765
-0.00226203
0.399961
-0.00226409
0.400073
-0.00226095
0.400129
-0.00225515
0.40015
-0.00224834
0.40015
-0.0022415
0.400139
-0.00223516
0.400121
-0.00222961
0.400102
-0.00222492
0.400084
-0.00222107
0.400067
-0.00221797
0.400053
-0.00221552
0.400041
-0.00221362
0.400031
-0.00221216
0.400024
-0.00221104
0.400018
-0.0022102
0.400013
-0.00220957
0.40001
-0.0022091
0.400007
-0.00220875
0.400005
-0.00220849
0.400004
-0.0022083
0.400003
-0.00220816
0.400002
-0.00220806
0.400002
-0.00220799
0.400001
-0.00220793
0.400001
-0.00220789
0.400001
-0.00220786
0.4
-0.00220784
0.4
-0.00220782
0.4
-0.00220781
0.4
-0.0022078
0.4
-0.0022078
0.4
-0.00220779
0.4
-0.00220779
0.4
-0.00220779
0.4
-0.00220778
0.4
-0.00220778
0.4
-0.00220778
0.4
-0.00220778
0.4
-0.00220778
0.4
-0.00220778
0.4
-0.00220778
0.4
-0.00220778
0.4
-0.00220778
0.4
-0.00220778
0.4
-0.00220778
0.4
-0.00220778
0.4
-0.00220778
0.4
-0.00220778
0.4
-0.00220778
0.4
-0.00220778
0.4
-0.00220778
0.4
-0.00220778
0.4
-0.00220778
0.4
-0.00220778
0.4
-0.00220778
0.4
-0.00220778
0.4
-0.00220778
0.4
-0.00220778
0.4
-0.00220778
0.4
-0.00220778
0.4
-0.00220778
0.4
-0.00220778
0.4
-0.00220778
0.4
-0.00220778
0.4
-0.00220778
0.4
-0.00220778
0.4
-0.00220778
0.4
-0.00220777
0.4
-0.00220777
0.4
-0.00220777
0.4
-0.00220777
0.4
-0.00220776
0.4
-0.00220776
0.4
-0.00220775
0.4
-0.00220774
0.4
-0.00220773
0.4
-0.00220771
0.4
-0.0022077
0.4
-0.00220768
0.4
-0.00220768
0.4
-0.00220769
0.4
-0.00220774
0.4
-0.00220787
0.4
-0.00220814
0.399999
-0.00220867
0.399996
-0.00220965
0.399992
-0.0022114
0.399986
-0.00221452
0.399974
-0.00222024
0.399958
-0.00223075
0.399934
-0.00225042
0.399906
0.399889
-0.0016076
0.39392
-0.00194757
0.395763
-0.00219364
0.397249
-0.00234723
0.398299
-0.00243924
0.399023
-0.00249166
0.399493
-0.00251885
0.399792
-0.0025301
0.399972
-0.00253157
0.400074
-0.00252752
0.400125
-0.00252068
0.400143
-0.00251286
0.400142
-0.00250508
0.400131
-0.00249795
0.400114
-0.00249172
0.400096
-0.00248648
0.400078
-0.00248219
0.400063
-0.00247875
0.400049
-0.00247603
0.400038
-0.00247393
0.400029
-0.00247231
0.400022
-0.00247108
0.400017
-0.00247015
0.400012
-0.00246946
0.400009
-0.00246894
0.400007
-0.00246856
0.400005
-0.00246827
0.400004
-0.00246806
0.400003
-0.00246791
0.400002
-0.0024678
0.400001
-0.00246772
0.400001
-0.00246765
0.400001
-0.00246761
0.400001
-0.00246758
0.4
-0.00246755
0.4
-0.00246754
0.4
-0.00246752
0.4
-0.00246752
0.4
-0.00246751
0.4
-0.0024675
0.4
-0.0024675
0.4
-0.0024675
0.4
-0.0024675
0.4
-0.00246749
0.4
-0.00246749
0.4
-0.00246749
0.4
-0.00246749
0.4
-0.00246749
0.4
-0.00246749
0.4
-0.00246749
0.4
-0.00246749
0.4
-0.00246749
0.4
-0.00246749
0.4
-0.00246749
0.4
-0.00246749
0.4
-0.00246749
0.4
-0.00246749
0.4
-0.00246749
0.4
-0.00246749
0.4
-0.00246749
0.4
-0.00246749
0.4
-0.00246749
0.4
-0.00246749
0.4
-0.00246749
0.4
-0.00246749
0.4
-0.00246749
0.4
-0.00246749
0.4
-0.00246749
0.4
-0.00246749
0.4
-0.00246749
0.4
-0.00246749
0.4
-0.00246749
0.4
-0.00246749
0.4
-0.00246749
0.4
-0.00246749
0.4
-0.00246748
0.4
-0.00246748
0.4
-0.00246748
0.4
-0.00246748
0.4
-0.00246747
0.4
-0.00246746
0.4
-0.00246746
0.4
-0.00246744
0.4
-0.00246743
0.4
-0.00246741
0.4
-0.0024674
0.4
-0.00246738
0.4
-0.00246737
0.4
-0.00246738
0.4
-0.00246743
0.4
-0.00246755
0.4
-0.00246783
0.399999
-0.00246837
0.399997
-0.00246937
0.399993
-0.00247117
0.399987
-0.00247436
0.399978
-0.0024802
0.399963
-0.00249084
0.399945
-0.00251073
0.399926
0.39992
-0.00180286
0.394332
-0.00217759
0.396138
-0.00244286
0.397515
-0.00260698
0.398463
-0.00270463
0.39912
-0.00275975
0.399548
-0.00278774
0.39982
-0.00279872
0.399983
-0.00279934
0.400075
-0.00279419
0.40012
-0.00278622
0.400136
-0.00277731
0.400134
-0.00276857
0.400122
-0.00276061
0.400106
-0.00275371
0.400089
-0.00274792
0.400073
-0.0027432
0.400058
-0.00273942
0.400045
-0.00273645
0.400035
-0.00273414
0.400027
-0.00273238
0.40002
-0.00273104
0.400015
-0.00273003
0.400011
-0.00272928
0.400008
-0.00272871
0.400006
-0.0027283
0.400005
-0.00272799
0.400003
-0.00272776
0.400003
-0.0027276
0.400002
-0.00272747
0.400001
-0.00272739
0.400001
-0.00272732
0.400001
-0.00272727
0.400001
-0.00272724
0.4
-0.00272721
0.4
-0.00272719
0.4
-0.00272718
0.4
-0.00272717
0.4
-0.00272716
0.4
-0.00272716
0.4
-0.00272715
0.4
-0.00272715
0.4
-0.00272715
0.4
-0.00272715
0.4
-0.00272714
0.4
-0.00272714
0.4
-0.00272714
0.4
-0.00272714
0.4
-0.00272714
0.4
-0.00272714
0.4
-0.00272714
0.4
-0.00272714
0.4
-0.00272714
0.4
-0.00272714
0.4
-0.00272714
0.4
-0.00272714
0.4
-0.00272714
0.4
-0.00272714
0.4
-0.00272714
0.4
-0.00272714
0.4
-0.00272714
0.4
-0.00272714
0.4
-0.00272714
0.4
-0.00272714
0.4
-0.00272714
0.4
-0.00272714
0.4
-0.00272714
0.4
-0.00272714
0.4
-0.00272714
0.4
-0.00272714
0.4
-0.00272714
0.4
-0.00272714
0.4
-0.00272714
0.4
-0.00272714
0.4
-0.00272714
0.4
-0.00272714
0.4
-0.00272713
0.4
-0.00272713
0.4
-0.00272713
0.4
-0.00272712
0.4
-0.00272711
0.4
-0.0027271
0.4
-0.00272709
0.4
-0.00272708
0.4
-0.00272706
0.4
-0.00272704
0.4
-0.00272702
0.4
-0.002727
0.4
-0.00272701
0.4
-0.00272705
0.4
-0.00272717
0.4
-0.00272744
0.399999
-0.00272797
0.399997
-0.00272897
0.399994
-0.00273078
0.399989
-0.00273398
0.399981
-0.00273976
0.399969
-0.00275023
0.399955
-0.00276969
0.399946
0.39995
-0.00200867
0.394805
-0.00241569
0.396545
-0.00269743
0.397796
-0.00287028
0.398636
-0.00297234
0.399222
-0.00302932
0.399605
-0.00305751
0.399849
-0.0030678
0.399994
-0.0030673
0.400075
-0.00306087
0.400113
-0.00305163
0.400126
-0.00304157
0.400123
-0.00303183
0.400112
-0.00302304
0.400097
-0.00301545
0.400081
-0.00300912
0.400066
-0.00300397
0.400053
-0.00299986
0.400041
-0.00299664
0.400032
-0.00299415
0.400024
-0.00299224
0.400018
-0.0029908
0.400014
-0.00298972
0.40001
-0.00298891
0.400008
-0.0029883
0.400006
-0.00298786
0.400004
-0.00298753
0.400003
-0.00298728
0.400002
-0.0029871
0.400002
-0.00298697
0.400001
-0.00298688
0.400001
-0.00298681
0.400001
-0.00298676
0.4
-0.00298672
0.4
-0.00298669
0.4
-0.00298667
0.4
-0.00298666
0.4
-0.00298665
0.4
-0.00298664
0.4
-0.00298663
0.4
-0.00298663
0.4
-0.00298663
0.4
-0.00298662
0.4
-0.00298662
0.4
-0.00298662
0.4
-0.00298662
0.4
-0.00298662
0.4
-0.00298662
0.4
-0.00298662
0.4
-0.00298662
0.4
-0.00298662
0.4
-0.00298662
0.4
-0.00298662
0.4
-0.00298662
0.4
-0.00298662
0.4
-0.00298662
0.4
-0.00298662
0.4
-0.00298662
0.4
-0.00298662
0.4
-0.00298662
0.4
-0.00298662
0.4
-0.00298662
0.4
-0.00298662
0.4
-0.00298662
0.4
-0.00298662
0.4
-0.00298662
0.4
-0.00298662
0.4
-0.00298662
0.4
-0.00298662
0.4
-0.00298662
0.4
-0.00298662
0.4
-0.00298662
0.4
-0.00298662
0.4
-0.00298661
0.4
-0.00298661
0.4
-0.00298661
0.4
-0.00298661
0.4
-0.00298661
0.4
-0.0029866
0.4
-0.00298659
0.4
-0.00298659
0.4
-0.00298658
0.4
-0.00298656
0.4
-0.00298655
0.4
-0.00298653
0.4
-0.0029865
0.4
-0.00298648
0.4
-0.00298646
0.4
-0.00298645
0.4
-0.00298649
0.4
-0.0029866
0.4
-0.00298685
0.399999
-0.00298737
0.399998
-0.00298835
0.399995
-0.00299012
0.399991
-0.00299324
0.399984
-0.00299883
0.399975
-0.0030088
0.399965
-0.00302713
0.399964
0.399979
-0.00222724
0.395347
-0.0026626
0.39698
-0.00295748
0.398091
-0.00313706
0.398815
-0.0032422
0.399328
-0.00330011
0.399663
-0.00332786
0.399876
-0.00333701
0.400003
-0.00333508
0.400073
-0.00332718
0.400106
-0.00331657
0.400116
-0.00330529
0.400112
-0.00329451
0.400101
-0.00328486
0.400088
-0.00327659
0.400073
-0.00326972
0.400059
-0.00326415
0.400047
-0.00325972
0.400037
-0.00325626
0.400028
-0.00325359
0.400022
-0.00325156
0.400016
-0.00325001
0.400012
-0.00324886
0.400009
-0.00324799
0.400007
-0.00324735
0.400005
-0.00324688
0.400004
-0.00324653
0.400003
-0.00324627
0.400002
-0.00324608
0.400001
-0.00324594
0.400001
-0.00324584
0.400001
-0.00324577
0.400001
-0.00324571
0.4
-0.00324567
0.4
-0.00324564
0.4
-0.00324562
0.4
-0.00324561
0.4
-0.0032456
0.4
-0.00324559
0.4
-0.00324558
0.4
-0.00324558
0.4
-0.00324557
0.4
-0.00324557
0.4
-0.00324557
0.4
-0.00324557
0.4
-0.00324557
0.4
-0.00324557
0.4
-0.00324557
0.4
-0.00324557
0.4
-0.00324557
0.4
-0.00324557
0.4
-0.00324557
0.4
-0.00324557
0.4
-0.00324557
0.4
-0.00324557
0.4
-0.00324557
0.4
-0.00324557
0.4
-0.00324557
0.4
-0.00324557
0.4
-0.00324557
0.4
-0.00324557
0.4
-0.00324557
0.4
-0.00324557
0.4
-0.00324556
0.4
-0.00324557
0.4
-0.00324556
0.4
-0.00324556
0.4
-0.00324556
0.4
-0.00324556
0.4
-0.00324556
0.4
-0.00324556
0.4
-0.00324556
0.4
-0.00324556
0.4
-0.00324556
0.4
-0.00324556
0.4
-0.00324556
0.4
-0.00324556
0.4
-0.00324555
0.4
-0.00324555
0.4
-0.00324554
0.4
-0.00324553
0.4
-0.00324552
0.4
-0.00324551
0.4
-0.00324549
0.4
-0.00324547
0.4
-0.00324544
0.4
-0.00324541
0.4
-0.00324538
0.4
-0.00324537
0.4
-0.00324539
0.4
-0.00324549
0.4
-0.00324572
0.4
-0.00324621
0.399998
-0.00324714
0.399996
-0.00324883
0.399993
-0.00325181
0.399987
-0.00325705
0.39998
-0.00326621
0.399974
-0.00328268
0.399981
0.400004
-0.00246044
0.395961
-0.00291839
0.397438
-0.00322246
0.398395
-0.00340652
0.398999
-0.00351327
0.399434
-0.00357114
0.399721
-0.00359776
0.399903
-0.00360532
0.40001
-0.00360165
0.400069
-0.00359208
0.400096
-0.00357997
0.400104
-0.00356739
0.4001
-0.00355554
0.40009
-0.00354502
0.400077
-0.00353606
0.400064
-0.00352865
0.400052
-0.00352267
0.400041
-0.00351794
0.400032
-0.00351425
0.400025
-0.00351141
0.400019
-0.00350925
0.400014
-0.00350762
0.400011
-0.0035064
0.400008
-0.00350549
0.400006
-0.00350481
0.400004
-0.00350431
0.400003
-0.00350394
0.400002
-0.00350367
0.400002
-0.00350347
0.400001
-0.00350333
0.400001
-0.00350322
0.400001
-0.00350314
0.4
-0.00350308
0.4
-0.00350304
0.4
-0.00350301
0.4
-0.00350299
0.4
-0.00350297
0.4
-0.00350296
0.4
-0.00350295
0.4
-0.00350295
0.4
-0.00350294
0.4
-0.00350294
0.4
-0.00350294
0.4
-0.00350293
0.4
-0.00350293
0.4
-0.00350293
0.4
-0.00350293
0.4
-0.00350293
0.4
-0.00350293
0.4
-0.00350293
0.4
-0.00350293
0.4
-0.00350293
0.4
-0.00350293
0.4
-0.00350293
0.4
-0.00350293
0.4
-0.00350293
0.4
-0.00350293
0.4
-0.00350293
0.4
-0.00350293
0.4
-0.00350293
0.4
-0.00350293
0.4
-0.00350293
0.4
-0.00350293
0.4
-0.00350293
0.4
-0.00350293
0.4
-0.00350293
0.4
-0.00350293
0.4
-0.00350293
0.4
-0.00350293
0.4
-0.00350293
0.4
-0.00350293
0.4
-0.00350293
0.4
-0.00350293
0.4
-0.00350293
0.4
-0.00350292
0.4
-0.00350292
0.4
-0.00350292
0.4
-0.00350292
0.4
-0.00350291
0.4
-0.0035029
0.4
-0.00350289
0.4
-0.00350288
0.4
-0.00350287
0.4
-0.00350285
0.4
-0.00350282
0.4
-0.00350279
0.4
-0.00350276
0.4
-0.00350273
0.4
-0.0035027
0.4
-0.00350271
0.4
-0.00350278
0.4
-0.00350299
0.4
-0.00350343
0.399999
-0.00350429
0.399997
-0.00350588
0.399994
-0.00350865
0.39999
-0.00351342
0.399985
-0.00352147
0.399982
-0.00353532
0.399994
0.400024
-0.00270839
0.396648
-0.00318112
0.397911
-0.00348963
0.398704
-0.00367567
0.399185
-0.00378249
0.399541
-0.00383928
0.399778
-0.00386408
0.399928
-0.00386955
0.400016
-0.00386383
0.400063
-0.00385238
0.400085
-0.00383863
0.40009
-0.00382469
0.400086
-0.00381173
0.400077
-0.00380032
0.400066
-0.00379068
0.400054
-0.00378274
0.400044
-0.00377637
0.400035
-0.00377135
0.400027
-0.00376744
0.400021
-0.00376444
0.400016
-0.00376217
0.400012
-0.00376045
0.400009
-0.00375917
0.400007
-0.00375821
0.400005
-0.00375751
0.400004
-0.00375698
0.400003
-0.0037566
0.400002
-0.00375632
0.400001
-0.00375611
0.400001
-0.00375596
0.400001
-0.00375584
0.400001
-0.00375576
0.4
-0.0037557
0.4
-0.00375566
0.4
-0.00375563
0.4
-0.00375561
0.4
-0.00375559
0.4
-0.00375558
0.4
-0.00375557
0.4
-0.00375556
0.4
-0.00375556
0.4
-0.00375555
0.4
-0.00375555
0.4
-0.00375555
0.4
-0.00375555
0.4
-0.00375555
0.4
-0.00375554
0.4
-0.00375554
0.4
-0.00375554
0.4
-0.00375554
0.4
-0.00375554
0.4
-0.00375554
0.4
-0.00375554
0.4
-0.00375554
0.4
-0.00375554
0.4
-0.00375554
0.4
-0.00375554
0.4
-0.00375554
0.4
-0.00375554
0.4
-0.00375554
0.4
-0.00375554
0.4
-0.00375554
0.4
-0.00375554
0.4
-0.00375554
0.4
-0.00375554
0.4
-0.00375554
0.4
-0.00375554
0.4
-0.00375554
0.4
-0.00375554
0.4
-0.00375554
0.4
-0.00375554
0.4
-0.00375554
0.4
-0.00375554
0.4
-0.00375554
0.4
-0.00375554
0.4
-0.00375554
0.4
-0.00375553
0.4
-0.00375553
0.4
-0.00375552
0.4
-0.00375552
0.4
-0.00375551
0.4
-0.00375549
0.4
-0.00375548
0.4
-0.00375546
0.4
-0.00375543
0.4
-0.0037554
0.4
-0.00375536
0.4
-0.00375532
0.4
-0.00375528
0.4
-0.00375527
0.4
-0.00375532
0.4
-0.00375549
0.4
-0.00375587
0.399999
-0.00375665
0.399998
-0.00375809
0.399996
-0.00376061
0.399992
-0.00376479
0.399989
-0.00377147
0.399989
-0.00378196
0.400005
0.400038
-0.00296509
0.397403
-0.00344267
0.398388
-0.00374987
0.399011
-0.0039351
0.399371
-0.00404038
0.399646
-0.00409503
0.399832
-0.00411728
0.39995
-0.00412018
0.400019
-0.00411208
0.400055
-0.00409855
0.400071
-0.00408305
0.400074
-0.00406767
0.40007
-0.00405357
0.400063
-0.00404127
0.400053
-0.00403094
0.400044
-0.00402249
0.400036
-0.00401574
0.400028
-0.00401043
0.400022
-0.00400632
0.400017
-0.00400318
0.400013
-0.0040008
0.40001
-0.003999
0.400007
-0.00399767
0.400005
-0.00399667
0.400004
-0.00399594
0.400003
-0.0039954
0.400002
-0.003995
0.400002
-0.0039947
0.400001
-0.00399449
0.400001
-0.00399433
0.400001
-0.00399422
0.4
-0.00399413
0.4
-0.00399407
0.4
-0.00399403
0.4
-0.00399399
0.4
-0.00399397
0.4
-0.00399395
0.4
-0.00399394
0.4
-0.00399393
0.4
-0.00399392
0.4
-0.00399392
0.4
-0.00399391
0.4
-0.00399391
0.4
-0.00399391
0.4
-0.00399391
0.4
-0.00399391
0.4
-0.00399391
0.4
-0.00399391
0.4
-0.00399391
0.4
-0.00399391
0.4
-0.00399391
0.4
-0.0039939
0.4
-0.0039939
0.4
-0.0039939
0.4
-0.0039939
0.4
-0.0039939
0.4
-0.0039939
0.4
-0.0039939
0.4
-0.0039939
0.4
-0.0039939
0.4
-0.0039939
0.4
-0.0039939
0.4
-0.0039939
0.4
-0.0039939
0.4
-0.0039939
0.4
-0.0039939
0.4
-0.0039939
0.4
-0.0039939
0.4
-0.0039939
0.4
-0.0039939
0.4
-0.0039939
0.4
-0.0039939
0.4
-0.0039939
0.4
-0.0039939
0.4
-0.0039939
0.4
-0.0039939
0.4
-0.00399389
0.4
-0.00399389
0.4
-0.00399388
0.4
-0.00399388
0.4
-0.00399387
0.4
-0.00399385
0.4
-0.00399384
0.4
-0.00399381
0.4
-0.00399378
0.4
-0.00399375
0.4
-0.0039937
0.4
-0.00399366
0.4
-0.00399361
0.4
-0.00399358
0.4
-0.0039936
0.4
-0.00399372
0.4
-0.00399404
0.4
-0.00399471
0.399999
-0.00399599
0.399997
-0.00399821
0.399994
-0.00400173
0.399992
-0.00400685
0.399994
-0.00401328
0.400011
0.400045
-0.00320526
0.3982
-0.00367615
0.398859
-0.00397483
0.39931
-0.00415618
0.399552
-0.0042583
0.399749
-0.00430975
0.399884
-0.00432876
0.399969
-0.0043286
0.400019
-0.00431782
0.400044
-0.00430203
0.400055
-0.00428466
0.400057
-0.00426779
0.400053
-0.00425252
0.400047
-0.00423933
0.40004
-0.00422832
0.400033
-0.00421937
0.400027
-0.00421226
0.400021
-0.00420669
0.400016
-0.00420239
0.400012
-0.00419911
0.400009
-0.00419663
0.400007
-0.00419478
0.400005
-0.00419339
0.400004
-0.00419236
0.400003
-0.0041916
0.400002
-0.00419105
0.400002
-0.00419063
0.400001
-0.00419033
0.400001
-0.00419011
0.400001
-0.00418995
0.4
-0.00418983
0.4
-0.00418974
0.4
-0.00418968
0.4
-0.00418964
0.4
-0.0041896
0.4
-0.00418958
0.4
-0.00418956
0.4
-0.00418955
0.4
-0.00418954
0.4
-0.00418953
0.4
-0.00418952
0.4
-0.00418952
0.4
-0.00418952
0.4
-0.00418952
0.4
-0.00418951
0.4
-0.00418951
0.4
-0.00418951
0.4
-0.00418951
0.4
-0.00418951
0.4
-0.00418951
0.4
-0.00418951
0.4
-0.00418951
0.4
-0.00418951
0.4
-0.00418951
0.4
-0.00418951
0.4
-0.00418951
0.4
-0.00418951
0.4
-0.00418951
0.4
-0.00418951
0.4
-0.00418951
0.4
-0.00418951
0.4
-0.00418951
0.4
-0.00418951
0.4
-0.00418951
0.4
-0.00418951
0.4
-0.00418951
0.4
-0.00418951
0.4
-0.00418951
0.4
-0.00418951
0.4
-0.00418951
0.4
-0.00418951
0.4
-0.00418951
0.4
-0.00418951
0.4
-0.00418951
0.4
-0.0041895
0.4
-0.0041895
0.4
-0.0041895
0.4
-0.0041895
0.4
-0.00418949
0.4
-0.00418948
0.4
-0.00418947
0.4
-0.00418946
0.4
-0.00418944
0.4
-0.00418942
0.4
-0.00418938
0.4
-0.00418935
0.4
-0.0041893
0.4
-0.00418924
0.4
-0.00418918
0.4
-0.00418913
0.4
-0.00418912
0.4
-0.00418918
0.4
-0.00418943
0.4
-0.00418998
0.399999
-0.00419107
0.399998
-0.00419297
0.399996
-0.00419582
0.399995
-0.00419927
0.399997
-0.00420114
0.400013
0.400044
-0.00334595
0.398984
-0.00379798
0.399311
-0.0040788
0.399591
-0.00425286
0.399726
-0.00435032
0.399846
-0.00439754
0.399931
-0.00441267
0.399984
-0.00440904
0.400015
-0.00439534
0.400031
-0.00437712
0.400037
-0.00435783
0.400038
-0.00433944
0.400035
-0.004323
0.400031
-0.00430893
0.400026
-0.00429727
0.400021
-0.00428785
0.400017
-0.0042804
0.400014
-0.00427459
0.40001
-0.00427012
0.400008
-0.00426672
0.400006
-0.00426416
0.400005
-0.00426225
0.400003
-0.00426082
0.400003
-0.00425977
0.400002
-0.00425899
0.400001
-0.00425842
0.400001
-0.004258
0.400001
-0.00425769
0.400001
-0.00425746
0.4
-0.0042573
0.4
-0.00425718
0.4
-0.00425709
0.4
-0.00425702
0.4
-0.00425698
0.4
-0.00425694
0.4
-0.00425692
0.4
-0.0042569
0.4
-0.00425689
0.4
-0.00425688
0.4
-0.00425687
0.4
-0.00425687
0.4
-0.00425686
0.4
-0.00425686
0.4
-0.00425686
0.4
-0.00425686
0.4
-0.00425685
0.4
-0.00425685
0.4
-0.00425685
0.4
-0.00425685
0.4
-0.00425685
0.4
-0.00425685
0.4
-0.00425685
0.4
-0.00425685
0.4
-0.00425685
0.4
-0.00425685
0.4
-0.00425685
0.4
-0.00425685
0.4
-0.00425685
0.4
-0.00425685
0.4
-0.00425685
0.4
-0.00425685
0.4
-0.00425685
0.4
-0.00425685
0.4
-0.00425685
0.4
-0.00425685
0.4
-0.00425685
0.4
-0.00425685
0.4
-0.00425685
0.4
-0.00425685
0.4
-0.00425685
0.4
-0.00425685
0.4
-0.00425685
0.4
-0.00425685
0.4
-0.00425685
0.4
-0.00425684
0.4
-0.00425684
0.4
-0.00425684
0.4
-0.00425684
0.4
-0.00425683
0.4
-0.00425682
0.4
-0.00425681
0.4
-0.0042568
0.4
-0.00425678
0.4
-0.00425675
0.4
-0.00425672
0.4
-0.00425668
0.4
-0.00425662
0.4
-0.00425656
0.4
-0.00425648
0.4
-0.00425641
0.4
-0.00425636
0.4
-0.00425638
0.4
-0.00425653
0.4
-0.00425696
0.4
-0.00425785
0.399999
-0.00425943
0.399998
-0.00426162
0.399997
-0.0042635
0.399999
-0.00426086
0.400011
0.400033
-0.00313336
0.399657
-0.0035521
0.39973
-0.00380399
0.399843
-0.0039671
0.399889
-0.00405865
0.399938
-0.00410071
0.399973
-0.00411153
0.399995
-0.00410419
0.400008
-0.00408747
0.400014
-0.00406683
0.400016
-0.00404564
0.400016
-0.0040258
0.400015
-0.00400827
0.400013
-0.0039934
0.400011
-0.00398116
0.400009
-0.00397132
0.400007
-0.00396357
0.400006
-0.00395756
0.400004
-0.00395296
0.400003
-0.00394947
0.400003
-0.00394684
0.400002
-0.00394488
0.400001
-0.00394343
0.400001
-0.00394236
0.400001
-0.00394156
0.400001
-0.00394098
0.4
-0.00394055
0.4
-0.00394024
0.4
-0.00394001
0.4
-0.00393984
0.4
-0.00393972
0.4
-0.00393963
0.4
-0.00393957
0.4
-0.00393952
0.4
-0.00393948
0.4
-0.00393946
0.4
-0.00393944
0.4
-0.00393943
0.4
-0.00393942
0.4
-0.00393941
0.4
-0.00393941
0.4
-0.0039394
0.4
-0.0039394
0.4
-0.0039394
0.4
-0.0039394
0.4
-0.00393939
0.4
-0.00393939
0.4
-0.00393939
0.4
-0.00393939
0.4
-0.00393939
0.4
-0.00393939
0.4
-0.00393939
0.4
-0.00393939
0.4
-0.00393939
0.4
-0.00393939
0.4
-0.00393939
0.4
-0.00393939
0.4
-0.00393939
0.4
-0.00393939
0.4
-0.00393939
0.4
-0.00393939
0.4
-0.00393939
0.4
-0.00393939
0.4
-0.00393939
0.4
-0.00393939
0.4
-0.00393939
0.4
-0.00393939
0.4
-0.00393939
0.4
-0.00393939
0.4
-0.00393939
0.4
-0.00393939
0.4
-0.00393939
0.4
-0.00393939
0.4
-0.00393939
0.4
-0.00393938
0.4
-0.00393938
0.4
-0.00393938
0.4
-0.00393937
0.4
-0.00393937
0.4
-0.00393936
0.4
-0.00393935
0.4
-0.00393934
0.4
-0.00393932
0.4
-0.00393929
0.4
-0.00393925
0.4
-0.00393921
0.4
-0.00393915
0.4
-0.00393908
0.4
-0.00393899
0.4
-0.0039389
0.4
-0.00393881
0.4
-0.00393877
0.4
-0.00393884
0.4
-0.00393914
0.4
-0.00393983
0.4
-0.00394109
0.399999
-0.00394272
0.399999
-0.00394338
0.4
-0.00393759
0.400005
0.400015
-0.0019688
-0.00223892
-0.00239637
-0.00250731
-0.0025697
-0.00259671
-0.00260176
-0.00259411
-0.00258017
-0.00256378
-0.00254734
-0.00253214
-0.00251884
-0.00250762
-0.00249844
-0.0024911
-0.00248534
-0.00248089
-0.00247749
-0.00247492
-0.00247299
-0.00247155
-0.00247048
-0.0024697
-0.00246912
-0.00246869
-0.00246838
-0.00246815
-0.00246798
-0.00246786
-0.00246777
-0.00246771
-0.00246766
-0.00246762
-0.0024676
-0.00246758
-0.00246757
-0.00246756
-0.00246755
-0.00246755
-0.00246754
-0.00246754
-0.00246754
-0.00246754
-0.00246753
-0.00246753
-0.00246753
-0.00246753
-0.00246753
-0.00246753
-0.00246753
-0.00246753
-0.00246753
-0.00246753
-0.00246753
-0.00246753
-0.00246753
-0.00246753
-0.00246753
-0.00246753
-0.00246753
-0.00246753
-0.00246753
-0.00246753
-0.00246753
-0.00246753
-0.00246753
-0.00246753
-0.00246753
-0.00246753
-0.00246753
-0.00246753
-0.00246753
-0.00246753
-0.00246753
-0.00246752
-0.00246752
-0.00246752
-0.00246751
-0.00246751
-0.0024675
-0.00246749
-0.00246748
-0.00246746
-0.00246743
-0.00246739
-0.00246735
-0.00246729
-0.00246722
-0.00246714
-0.00246706
-0.002467
-0.002467
-0.00246713
-0.00246752
-0.00246827
-0.00246919
-0.00246926
-0.00246448
)
;

boundaryField
{
    inlet
    {
        type            calculated;
        value           nonuniform List<scalar> 
40
(
-0.00162592
-0.00245989
-0.00256198
-0.00240811
-0.00221091
-0.00202093
-0.00184655
-0.00168579
-0.00153497
-0.00139092
-0.00125144
-0.00111505
-0.000980771
-0.000847971
-0.000716211
-0.000585187
-0.000454686
-0.000324546
-0.000194642
-6.48718e-05
6.48548e-05
0.000194625
0.000324529
0.00045467
0.000585172
0.000716196
0.000847957
0.000980758
0.00111503
0.00125143
0.00139091
0.00153496
0.00168578
0.00184654
0.00202092
0.00221091
0.0024081
0.00256197
0.00245988
0.00162591
)
;
    }
    outlet
    {
        type            calculated;
        value           nonuniform List<scalar> 
40
(
0.00244898
0.00391983
0.00425057
0.00419967
0.00402018
0.0037962
0.00355563
0.00330769
0.00305548
0.00280006
0.00254191
0.00228128
0.00201841
0.00175351
0.00148683
0.00121863
0.000949152
0.000678682
0.000407496
0.000135879
-0.000135882
-0.000407499
-0.000678685
-0.000949155
-0.00121863
-0.00148684
-0.00175351
-0.00201841
-0.00228128
-0.00254191
-0.00280007
-0.00305548
-0.0033077
-0.00355563
-0.0037962
-0.00402018
-0.00419967
-0.00425057
-0.00391983
-0.00244898
)
;
    }
    lowerWall
    {
        type            calculated;
        value           nonuniform List<scalar> 
100
(
-0.4
-0.4
-0.4
-0.4
-0.4
-0.4
-0.4
-0.4
-0.4
-0.4
-0.4
-0.4
-0.4
-0.4
-0.4
-0.4
-0.4
-0.4
-0.4
-0.4
-0.4
-0.4
-0.4
-0.4
-0.4
-0.4
-0.4
-0.4
-0.4
-0.4
-0.4
-0.4
-0.4
-0.4
-0.4
-0.4
-0.4
-0.4
-0.4
-0.4
-0.4
-0.4
-0.4
-0.4
-0.4
-0.4
-0.4
-0.4
-0.4
-0.4
-0.4
-0.4
-0.4
-0.4
-0.4
-0.4
-0.4
-0.4
-0.4
-0.4
-0.4
-0.4
-0.4
-0.4
-0.4
-0.4
-0.4
-0.4
-0.4
-0.4
-0.4
-0.4
-0.4
-0.4
-0.4
-0.4
-0.4
-0.4
-0.4
-0.4
-0.4
-0.4
-0.4
-0.4
-0.4
-0.4
-0.4
-0.4
-0.4
-0.4
-0.4
-0.4
-0.4
-0.4
-0.4
-0.4
-0.4
-0.4
-0.4
-0.4
)
;
    }
    upperWall
    {
        type            calculated;
        value           nonuniform List<scalar> 
100
(
0.4
0.4
0.4
0.4
0.4
0.4
0.4
0.4
0.4
0.4
0.4
0.4
0.4
0.4
0.4
0.4
0.4
0.4
0.4
0.4
0.4
0.4
0.4
0.4
0.4
0.4
0.4
0.4
0.4
0.4
0.4
0.4
0.4
0.4
0.4
0.4
0.4
0.4
0.4
0.4
0.4
0.4
0.4
0.4
0.4
0.4
0.4
0.4
0.4
0.4
0.4
0.4
0.4
0.4
0.4
0.4
0.4
0.4
0.4
0.4
0.4
0.4
0.4
0.4
0.4
0.4
0.4
0.4
0.4
0.4
0.4
0.4
0.4
0.4
0.4
0.4
0.4
0.4
0.4
0.4
0.4
0.4
0.4
0.4
0.4
0.4
0.4
0.4
0.4
0.4
0.4
0.4
0.4
0.4
0.4
0.4
0.4
0.4
0.4
0.4
)
;
    }
    frontAndBack
    {
        type            empty;
        value           nonuniform 0();
    }
}


// ************************************************************************* //
