/*--------------------------------*- C++ -*----------------------------------*\
| =========                 |                                                 |
| \\      /  F ield         | OpenFOAM: The Open Source CFD Toolbox           |
|  \\    /   O peration     | Version:  v1906                                 |
|   \\  /    A nd           | Web:      www.OpenFOAM.com                      |
|    \\/     M anipulation  |                                                 |
\*---------------------------------------------------------------------------*/
FoamFile
{
    version     2.0;
    format      ascii;
    class       volVectorField;
    location    "0.5";
    object      U;
}
// * * * * * * * * * * * * * * * * * * * * * * * * * * * * * * * * * * * * * //

dimensions      [0 1 -1 0 0 0 0];


internalField   nonuniform List<vector> 
4000
(
(0.427096 0.0731986 0)
(0.418175 0.00685143 0)
(0.375401 -0.000518467 0)
(0.378965 -0.00106368 0)
(0.377653 -0.00130236 0)
(0.378783 -0.00120312 0)
(0.378484 -0.00119568 0)
(0.37838 -0.00117223 0)
(0.378049 -0.00117604 0)
(0.377806 -0.00117775 0)
(0.377572 -0.00118331 0)
(0.377396 -0.00118737 0)
(0.377253 -0.0011915 0)
(0.377146 -0.00119473 0)
(0.377065 -0.00119733 0)
(0.377006 -0.00119936 0)
(0.376964 -0.00120098 0)
(0.376934 -0.00120211 0)
(0.376913 -0.00120291 0)
(0.376899 -0.00120351 0)
(0.376889 -0.00120392 0)
(0.376883 -0.00120422 0)
(0.376879 -0.00120439 0)
(0.376876 -0.00120449 0)
(0.376875 -0.00120458 0)
(0.376873 -0.00120466 0)
(0.376873 -0.00120469 0)
(0.376872 -0.00120468 0)
(0.376872 -0.0012047 0)
(0.376872 -0.00120472 0)
(0.376872 -0.00120472 0)
(0.376872 -0.00120472 0)
(0.376872 -0.00120472 0)
(0.376872 -0.00120473 0)
(0.376872 -0.00120473 0)
(0.376872 -0.00120473 0)
(0.376872 -0.00120473 0)
(0.376871 -0.00120473 0)
(0.376871 -0.00120473 0)
(0.376871 -0.00120474 0)
(0.376871 -0.00120473 0)
(0.376871 -0.00120473 0)
(0.376871 -0.00120473 0)
(0.376871 -0.00120474 0)
(0.376871 -0.00120473 0)
(0.376871 -0.00120473 0)
(0.376872 -0.00120473 0)
(0.376872 -0.00120473 0)
(0.376872 -0.00120473 0)
(0.376871 -0.00120473 0)
(0.376871 -0.00120472 0)
(0.376871 -0.00120473 0)
(0.376871 -0.00120473 0)
(0.376871 -0.00120473 0)
(0.376871 -0.00120472 0)
(0.376871 -0.00120473 0)
(0.376871 -0.00120473 0)
(0.376871 -0.00120474 0)
(0.376871 -0.00120473 0)
(0.376871 -0.00120473 0)
(0.376872 -0.00120473 0)
(0.376872 -0.00120474 0)
(0.376872 -0.00120473 0)
(0.376872 -0.00120473 0)
(0.376872 -0.00120474 0)
(0.376872 -0.00120474 0)
(0.376872 -0.00120474 0)
(0.376872 -0.00120474 0)
(0.376872 -0.00120473 0)
(0.376872 -0.00120474 0)
(0.376872 -0.00120473 0)
(0.376872 -0.00120473 0)
(0.376872 -0.00120473 0)
(0.376872 -0.00120472 0)
(0.376872 -0.00120472 0)
(0.376872 -0.00120472 0)
(0.376872 -0.00120472 0)
(0.376872 -0.00120472 0)
(0.376872 -0.00120472 0)
(0.376872 -0.00120473 0)
(0.376872 -0.00120473 0)
(0.376872 -0.00120473 0)
(0.376872 -0.00120473 0)
(0.376872 -0.00120473 0)
(0.376871 -0.00120471 0)
(0.376871 -0.0012047 0)
(0.376871 -0.00120468 0)
(0.37687 -0.00120464 0)
(0.376869 -0.00120459 0)
(0.376868 -0.00120452 0)
(0.376866 -0.00120442 0)
(0.376862 -0.00120432 0)
(0.376858 -0.00120426 0)
(0.376853 -0.00120438 0)
(0.376851 -0.00120474 0)
(0.376846 -0.00120465 0)
(0.376845 -0.00120159 0)
(0.376716 -0.00118532 0)
(0.376556 -0.00116656 0)
(0.376218 -0.00130274 0)
(0.789192 0.171958 0)
(0.802641 0.0240895 0)
(0.735301 0.00286401 0)
(0.741137 0.000114126 0)
(0.7381 -0.00073983 0)
(0.740144 -0.000429775 0)
(0.739604 -0.000370502 0)
(0.73948 -0.000282796 0)
(0.738916 -0.000288991 0)
(0.738506 -0.000295427 0)
(0.738101 -0.000315662 0)
(0.737793 -0.000332257 0)
(0.737541 -0.000348759 0)
(0.737351 -0.000361915 0)
(0.737206 -0.000372755 0)
(0.7371 -0.00038117 0)
(0.737023 -0.000387794 0)
(0.736968 -0.00039257 0)
(0.73693 -0.000396013 0)
(0.736904 -0.00039858 0)
(0.736887 -0.000400351 0)
(0.736875 -0.000401527 0)
(0.736867 -0.000402262 0)
(0.736862 -0.000402787 0)
(0.736859 -0.000403197 0)
(0.736857 -0.000403446 0)
(0.736856 -0.000403568 0)
(0.736855 -0.000403609 0)
(0.736855 -0.000403673 0)
(0.736854 -0.000403749 0)
(0.736854 -0.000403762 0)
(0.736854 -0.000403779 0)
(0.736854 -0.000403775 0)
(0.736854 -0.000403792 0)
(0.736854 -0.000403799 0)
(0.736853 -0.000403815 0)
(0.736854 -0.000403817 0)
(0.736854 -0.000403804 0)
(0.736853 -0.000403789 0)
(0.736853 -0.00040382 0)
(0.736853 -0.000403805 0)
(0.736853 -0.000403798 0)
(0.736853 -0.000403803 0)
(0.736853 -0.000403823 0)
(0.736853 -0.000403803 0)
(0.736853 -0.00040379 0)
(0.736853 -0.000403785 0)
(0.736853 -0.000403802 0)
(0.736853 -0.000403794 0)
(0.736853 -0.000403794 0)
(0.736853 -0.000403789 0)
(0.736853 -0.000403798 0)
(0.736853 -0.000403798 0)
(0.736853 -0.000403806 0)
(0.736853 -0.00040379 0)
(0.736853 -0.000403798 0)
(0.736853 -0.000403799 0)
(0.736853 -0.000403809 0)
(0.736853 -0.000403808 0)
(0.736853 -0.000403808 0)
(0.736853 -0.000403813 0)
(0.736853 -0.000403828 0)
(0.736854 -0.000403824 0)
(0.736854 -0.000403831 0)
(0.736854 -0.000403829 0)
(0.736854 -0.00040384 0)
(0.736854 -0.000403835 0)
(0.736854 -0.000403836 0)
(0.736854 -0.000403815 0)
(0.736854 -0.000403822 0)
(0.736854 -0.000403808 0)
(0.736854 -0.000403806 0)
(0.736854 -0.000403792 0)
(0.736854 -0.000403781 0)
(0.736854 -0.000403778 0)
(0.736854 -0.000403778 0)
(0.736854 -0.000403774 0)
(0.736853 -0.000403775 0)
(0.736853 -0.000403779 0)
(0.736853 -0.0004038 0)
(0.736853 -0.000403798 0)
(0.736853 -0.000403796 0)
(0.736853 -0.000403793 0)
(0.736853 -0.000403792 0)
(0.736853 -0.000403741 0)
(0.736853 -0.00040368 0)
(0.736852 -0.000403599 0)
(0.736851 -0.000403461 0)
(0.736849 -0.000403241 0)
(0.736846 -0.000402957 0)
(0.736842 -0.000402568 0)
(0.736836 -0.000402148 0)
(0.736828 -0.000401802 0)
(0.736819 -0.000401953 0)
(0.736812 -0.000402367 0)
(0.736794 -0.000400143 0)
(0.736773 -0.000382375 0)
(0.736494 -0.000315479 0)
(0.736107 -0.000212059 0)
(0.734295 -0.000457051 0)
(0.938327 0.19526 0)
(0.975248 0.0389764 0)
(0.907053 0.00773532 0)
(0.91418 0.00123167 0)
(0.909957 -0.00037887 0)
(0.912368 6.43574e-05 0)
(0.9117 0.000222316 0)
(0.911635 0.000392141 0)
(0.911023 0.000392466 0)
(0.910595 0.000378247 0)
(0.910155 0.000337755 0)
(0.909821 0.000301839 0)
(0.909544 0.000267613 0)
(0.909334 0.000240318 0)
(0.909174 0.000217793 0)
(0.909055 0.00020037 0)
(0.908969 0.000186801 0)
(0.908908 0.000176801 0)
(0.908865 0.00016944 0)
(0.908836 0.000164111 0)
(0.908816 0.000160482 0)
(0.908802 0.000157963 0)
(0.908794 0.000156261 0)
(0.908788 0.00015512 0)
(0.908784 0.000154307 0)
(0.908782 0.000153833 0)
(0.908781 0.000153528 0)
(0.90878 0.000153355 0)
(0.908779 0.000153239 0)
(0.908779 0.000153132 0)
(0.908778 0.000153093 0)
(0.908778 0.000153039 0)
(0.908778 0.000153032 0)
(0.908778 0.000153001 0)
(0.908778 0.000152994 0)
(0.908778 0.000152967 0)
(0.908778 0.000152961 0)
(0.908778 0.000152968 0)
(0.908778 0.000153005 0)
(0.908778 0.000152975 0)
(0.908778 0.000152976 0)
(0.908778 0.000152985 0)
(0.908778 0.000152988 0)
(0.908778 0.000152972 0)
(0.908778 0.000153 0)
(0.908778 0.000153009 0)
(0.908778 0.000153021 0)
(0.908778 0.000153007 0)
(0.908778 0.000153018 0)
(0.908778 0.000153004 0)
(0.908778 0.000153006 0)
(0.908778 0.000153001 0)
(0.908778 0.000153008 0)
(0.908778 0.000152989 0)
(0.908778 0.000153 0)
(0.908778 0.000152995 0)
(0.908778 0.000153 0)
(0.908778 0.000152982 0)
(0.908778 0.000152974 0)
(0.908778 0.000152973 0)
(0.908778 0.000152969 0)
(0.908778 0.000152937 0)
(0.908778 0.000152938 0)
(0.908778 0.000152928 0)
(0.908778 0.00015293 0)
(0.908778 0.000152915 0)
(0.908778 0.000152935 0)
(0.908778 0.000152934 0)
(0.908779 0.000152958 0)
(0.908779 0.000152959 0)
(0.908779 0.000152986 0)
(0.908779 0.000152992 0)
(0.908779 0.000153014 0)
(0.908779 0.000153036 0)
(0.908778 0.000153055 0)
(0.908778 0.000153054 0)
(0.908778 0.000153059 0)
(0.908778 0.000153052 0)
(0.908778 0.00015305 0)
(0.908778 0.000153016 0)
(0.908778 0.000153009 0)
(0.908778 0.000153007 0)
(0.908778 0.000153022 0)
(0.908778 0.000153037 0)
(0.908777 0.000153121 0)
(0.908777 0.000153247 0)
(0.908776 0.000153435 0)
(0.908775 0.000153724 0)
(0.908773 0.000154173 0)
(0.90877 0.000154773 0)
(0.908765 0.000155591 0)
(0.908758 0.000156492 0)
(0.908749 0.000157349 0)
(0.908738 0.000157443 0)
(0.908727 0.000158036 0)
(0.908697 0.00016514 0)
(0.908655 0.000210869 0)
(0.908287 0.000361144 0)
(0.907757 0.00065508 0)
(0.904639 0.000608521 0)
(0.99636 0.186967 0)
(1.05016 0.048763 0)
(0.988546 0.0121413 0)
(0.996717 0.00181283 0)
(0.991743 -0.000469839 0)
(0.994295 1.22655e-05 0)
(0.993547 0.000282534 0)
(0.993568 0.000529723 0)
(0.992985 0.000543216 0)
(0.992604 0.000521613 0)
(0.992191 0.000462443 0)
(0.991882 0.000407893 0)
(0.99162 0.000356214 0)
(0.991422 0.00031368 0)
(0.991269 0.00027866 0)
(0.991156 0.000251952 0)
(0.991073 0.000231148 0)
(0.991014 0.000215667 0)
(0.990973 0.000204291 0)
(0.990944 0.000196108 0)
(0.990924 0.000190548 0)
(0.990911 0.000186626 0)
(0.990903 0.000183906 0)
(0.990897 0.000182138 0)
(0.990894 0.00018091 0)
(0.990891 0.000180177 0)
(0.99089 0.000179692 0)
(0.990889 0.000179384 0)
(0.990889 0.000179192 0)
(0.990888 0.000179058 0)
(0.990888 0.000178999 0)
(0.990888 0.000178908 0)
(0.990888 0.000178888 0)
(0.990888 0.000178846 0)
(0.990888 0.000178833 0)
(0.990888 0.000178795 0)
(0.990888 0.000178796 0)
(0.990888 0.000178797 0)
(0.990888 0.000178846 0)
(0.990888 0.000178823 0)
(0.990888 0.000178811 0)
(0.990888 0.000178821 0)
(0.990888 0.000178829 0)
(0.990888 0.000178815 0)
(0.990888 0.000178853 0)
(0.990888 0.000178868 0)
(0.990888 0.000178885 0)
(0.990888 0.000178867 0)
(0.990888 0.000178881 0)
(0.990888 0.000178862 0)
(0.990887 0.000178858 0)
(0.990887 0.000178849 0)
(0.990887 0.000178863 0)
(0.990887 0.000178841 0)
(0.990887 0.000178845 0)
(0.990887 0.000178837 0)
(0.990887 0.000178845 0)
(0.990887 0.000178828 0)
(0.990887 0.000178811 0)
(0.990887 0.000178801 0)
(0.990887 0.000178796 0)
(0.990888 0.000178756 0)
(0.990888 0.000178746 0)
(0.990888 0.000178731 0)
(0.990888 0.000178738 0)
(0.990888 0.000178721 0)
(0.990888 0.000178745 0)
(0.990888 0.00017875 0)
(0.990888 0.000178779 0)
(0.990888 0.000178784 0)
(0.990888 0.000178821 0)
(0.990888 0.000178839 0)
(0.990888 0.000178869 0)
(0.990888 0.000178901 0)
(0.990888 0.000178936 0)
(0.990888 0.00017894 0)
(0.990888 0.000178944 0)
(0.990888 0.000178931 0)
(0.990887 0.000178928 0)
(0.990887 0.000178884 0)
(0.990887 0.000178864 0)
(0.990887 0.000178857 0)
(0.990887 0.000178883 0)
(0.990887 0.000178916 0)
(0.990887 0.000179035 0)
(0.990887 0.000179231 0)
(0.990886 0.000179533 0)
(0.990885 0.000179986 0)
(0.990883 0.000180678 0)
(0.99088 0.000181616 0)
(0.990875 0.000182895 0)
(0.990868 0.000184341 0)
(0.990859 0.000185868 0)
(0.990847 0.000186571 0)
(0.990833 0.000189295 0)
(0.990794 0.000203257 0)
(0.990739 0.000284585 0)
(0.990328 0.000532014 0)
(0.989743 0.00109851 0)
(0.985952 0.00141973 0)
(1.01572 0.170766 0)
(1.08011 0.0545673 0)
(1.02686 0.0155977 0)
(1.03593 0.00218075 0)
(1.03052 -0.000632098 0)
(1.03312 -0.000159827 0)
(1.03231 0.000215938 0)
(1.03242 0.000518928 0)
(1.0319 0.000547103 0)
(1.0316 0.000520263 0)
(1.03124 0.000448245 0)
(1.03098 0.000380136 0)
(1.03075 0.000315074 0)
(1.03058 0.000260235 0)
(1.03044 0.000214802 0)
(1.03034 0.000179465 0)
(1.03027 0.000151596 0)
(1.03022 0.000130575 0)
(1.03018 0.000115531 0)
(1.03015 0.000104673 0)
(1.03014 9.72753e-05 0)
(1.03012 9.20754e-05 0)
(1.03012 8.84171e-05 0)
(1.03011 8.60697e-05 0)
(1.03011 8.44713e-05 0)
(1.03011 8.34743e-05 0)
(1.0301 8.28073e-05 0)
(1.0301 8.23977e-05 0)
(1.0301 8.21436e-05 0)
(1.0301 8.19673e-05 0)
(1.0301 8.18939e-05 0)
(1.0301 8.17771e-05 0)
(1.0301 8.17416e-05 0)
(1.0301 8.16882e-05 0)
(1.0301 8.16711e-05 0)
(1.0301 8.16211e-05 0)
(1.0301 8.16283e-05 0)
(1.0301 8.16295e-05 0)
(1.0301 8.16813e-05 0)
(1.0301 8.16621e-05 0)
(1.0301 8.16464e-05 0)
(1.0301 8.16579e-05 0)
(1.0301 8.16688e-05 0)
(1.0301 8.16554e-05 0)
(1.0301 8.17036e-05 0)
(1.0301 8.17273e-05 0)
(1.0301 8.17494e-05 0)
(1.0301 8.17259e-05 0)
(1.0301 8.17416e-05 0)
(1.0301 8.17228e-05 0)
(1.0301 8.17153e-05 0)
(1.0301 8.16989e-05 0)
(1.0301 8.17136e-05 0)
(1.0301 8.16892e-05 0)
(1.0301 8.16894e-05 0)
(1.0301 8.16775e-05 0)
(1.0301 8.16855e-05 0)
(1.0301 8.16685e-05 0)
(1.0301 8.16465e-05 0)
(1.0301 8.16287e-05 0)
(1.0301 8.16182e-05 0)
(1.0301 8.15693e-05 0)
(1.0301 8.15562e-05 0)
(1.0301 8.15371e-05 0)
(1.0301 8.1546e-05 0)
(1.0301 8.15298e-05 0)
(1.0301 8.15586e-05 0)
(1.0301 8.15668e-05 0)
(1.0301 8.16005e-05 0)
(1.0301 8.16099e-05 0)
(1.0301 8.16553e-05 0)
(1.0301 8.16866e-05 0)
(1.0301 8.17273e-05 0)
(1.0301 8.17677e-05 0)
(1.0301 8.18157e-05 0)
(1.0301 8.18292e-05 0)
(1.0301 8.18334e-05 0)
(1.0301 8.18125e-05 0)
(1.0301 8.18063e-05 0)
(1.0301 8.17562e-05 0)
(1.0301 8.17247e-05 0)
(1.0301 8.17107e-05 0)
(1.0301 8.17442e-05 0)
(1.0301 8.17966e-05 0)
(1.0301 8.19491e-05 0)
(1.0301 8.22089e-05 0)
(1.0301 8.26151e-05 0)
(1.0301 8.32197e-05 0)
(1.0301 8.41332e-05 0)
(1.0301 8.53811e-05 0)
(1.03009 8.7088e-05 0)
(1.03008 8.90684e-05 0)
(1.03008 9.13528e-05 0)
(1.03006 9.29883e-05 0)
(1.03005 9.87546e-05 0)
(1.03 0.000120811 0)
(1.02994 0.000241065 0)
(1.02953 0.000577478 0)
(1.02896 0.00144646 0)
(1.02509 0.00215394 0)
(1.01914 0.153267 0)
(1.08957 0.0576067 0)
(1.04455 0.0181567 0)
(1.05439 0.00250483 0)
(1.04878 -0.00071073 0)
(1.05136 -0.000280319 0)
(1.05052 0.000187544 0)
(1.05072 0.000531047 0)
(1.05027 0.000573496 0)
(1.05005 0.000542976 0)
(1.04976 0.000461388 0)
(1.04955 0.000382537 0)
(1.04937 0.000307396 0)
(1.04923 0.000244033 0)
(1.04912 0.000191218 0)
(1.04903 0.000149085 0)
(1.04897 0.000115743 0)
(1.04893 9.0497e-05 0)
(1.0489 7.2196e-05 0)
(1.04887 5.87828e-05 0)
(1.04886 4.95341e-05 0)
(1.04885 4.3213e-05 0)
(1.04884 3.87243e-05 0)
(1.04884 3.58586e-05 0)
(1.04884 3.39458e-05 0)
(1.04883 3.27285e-05 0)
(1.04883 3.1894e-05 0)
(1.04883 3.13929e-05 0)
(1.04883 3.10949e-05 0)
(1.04883 3.08799e-05 0)
(1.04883 3.07851e-05 0)
(1.04883 3.06487e-05 0)
(1.04883 3.05996e-05 0)
(1.04883 3.05387e-05 0)
(1.04883 3.05218e-05 0)
(1.04883 3.04606e-05 0)
(1.04883 3.04688e-05 0)
(1.04883 3.04749e-05 0)
(1.04883 3.05315e-05 0)
(1.04883 3.0514e-05 0)
(1.04883 3.04887e-05 0)
(1.04883 3.05025e-05 0)
(1.04883 3.05241e-05 0)
(1.04883 3.05121e-05 0)
(1.04883 3.05618e-05 0)
(1.04883 3.05936e-05 0)
(1.04883 3.06271e-05 0)
(1.04883 3.0602e-05 0)
(1.04883 3.06137e-05 0)
(1.04883 3.05941e-05 0)
(1.04883 3.05853e-05 0)
(1.04883 3.05634e-05 0)
(1.04883 3.05748e-05 0)
(1.04883 3.05466e-05 0)
(1.04883 3.05426e-05 0)
(1.04883 3.05282e-05 0)
(1.04883 3.05351e-05 0)
(1.04883 3.05185e-05 0)
(1.04883 3.04915e-05 0)
(1.04883 3.04669e-05 0)
(1.04883 3.04504e-05 0)
(1.04883 3.03955e-05 0)
(1.04883 3.03793e-05 0)
(1.04883 3.03573e-05 0)
(1.04883 3.03677e-05 0)
(1.04883 3.03527e-05 0)
(1.04883 3.03832e-05 0)
(1.04883 3.03938e-05 0)
(1.04883 3.04323e-05 0)
(1.04883 3.0446e-05 0)
(1.04883 3.04974e-05 0)
(1.04883 3.05417e-05 0)
(1.04883 3.05953e-05 0)
(1.04883 3.06444e-05 0)
(1.04883 3.0702e-05 0)
(1.04883 3.0725e-05 0)
(1.04883 3.07316e-05 0)
(1.04883 3.0704e-05 0)
(1.04883 3.06923e-05 0)
(1.04883 3.06365e-05 0)
(1.04883 3.05949e-05 0)
(1.04883 3.05735e-05 0)
(1.04883 3.06121e-05 0)
(1.04883 3.06806e-05 0)
(1.04883 3.0862e-05 0)
(1.04883 3.1177e-05 0)
(1.04883 3.16735e-05 0)
(1.04883 3.24088e-05 0)
(1.04883 3.35111e-05 0)
(1.04882 3.50232e-05 0)
(1.04882 3.71047e-05 0)
(1.04882 3.95909e-05 0)
(1.04881 4.27016e-05 0)
(1.0488 4.55276e-05 0)
(1.04878 5.50719e-05 0)
(1.04874 8.58828e-05 0)
(1.04867 0.00024197 0)
(1.04828 0.000656772 0)
(1.04778 0.00182284 0)
(1.04425 0.00286639 0)
(1.01649 0.136146 0)
(1.09002 0.0585745 0)
(1.05243 0.0198937 0)
(1.06293 0.0027778 0)
(1.05726 -0.000728155 0)
(1.0598 -0.000357584 0)
(1.05892 0.000183576 0)
(1.05921 0.000559162 0)
(1.05884 0.000614968 0)
(1.0587 0.000582174 0)
(1.05848 0.000493659 0)
(1.05833 0.000406419 0)
(1.05819 0.000323266 0)
(1.05808 0.000252859 0)
(1.058 0.000194169 0)
(1.05793 0.000147259 0)
(1.05789 0.000110329 0)
(1.05785 8.25027e-05 0)
(1.05783 6.17532e-05 0)
(1.05781 4.64466e-05 0)
(1.0578 3.58063e-05 0)
(1.05779 2.84554e-05 0)
(1.05778 2.31502e-05 0)
(1.05778 1.98265e-05 0)
(1.05778 1.76305e-05 0)
(1.05778 1.62427e-05 0)
(1.05778 1.52757e-05 0)
(1.05778 1.46868e-05 0)
(1.05778 1.43536e-05 0)
(1.05778 1.41084e-05 0)
(1.05778 1.3995e-05 0)
(1.05778 1.38439e-05 0)
(1.05778 1.37823e-05 0)
(1.05778 1.3713e-05 0)
(1.05778 1.37009e-05 0)
(1.05778 1.36345e-05 0)
(1.05778 1.36394e-05 0)
(1.05778 1.36465e-05 0)
(1.05778 1.37078e-05 0)
(1.05778 1.36957e-05 0)
(1.05778 1.36625e-05 0)
(1.05778 1.36724e-05 0)
(1.05778 1.37056e-05 0)
(1.05778 1.37001e-05 0)
(1.05778 1.37521e-05 0)
(1.05778 1.37873e-05 0)
(1.05778 1.38317e-05 0)
(1.05778 1.38085e-05 0)
(1.05778 1.38173e-05 0)
(1.05778 1.37943e-05 0)
(1.05778 1.37831e-05 0)
(1.05778 1.37569e-05 0)
(1.05778 1.37646e-05 0)
(1.05778 1.37317e-05 0)
(1.05778 1.37223e-05 0)
(1.05778 1.37069e-05 0)
(1.05778 1.37133e-05 0)
(1.05778 1.36957e-05 0)
(1.05778 1.36636e-05 0)
(1.05778 1.36335e-05 0)
(1.05778 1.36136e-05 0)
(1.05778 1.35524e-05 0)
(1.05778 1.35342e-05 0)
(1.05778 1.35113e-05 0)
(1.05778 1.35235e-05 0)
(1.05778 1.3508e-05 0)
(1.05778 1.35398e-05 0)
(1.05778 1.35518e-05 0)
(1.05778 1.35947e-05 0)
(1.05778 1.36125e-05 0)
(1.05778 1.36696e-05 0)
(1.05778 1.37252e-05 0)
(1.05778 1.37932e-05 0)
(1.05778 1.38512e-05 0)
(1.05778 1.3917e-05 0)
(1.05778 1.39482e-05 0)
(1.05778 1.39595e-05 0)
(1.05778 1.39263e-05 0)
(1.05778 1.39082e-05 0)
(1.05778 1.38463e-05 0)
(1.05778 1.37962e-05 0)
(1.05778 1.37664e-05 0)
(1.05778 1.38075e-05 0)
(1.05778 1.38883e-05 0)
(1.05778 1.40935e-05 0)
(1.05778 1.44532e-05 0)
(1.05777 1.50239e-05 0)
(1.05777 1.58656e-05 0)
(1.05777 1.71191e-05 0)
(1.05777 1.88511e-05 0)
(1.05777 2.12636e-05 0)
(1.05776 2.42448e-05 0)
(1.05776 2.83015e-05 0)
(1.05775 3.25132e-05 0)
(1.05773 4.58907e-05 0)
(1.05769 8.45741e-05 0)
(1.05763 0.000270746 0)
(1.05729 0.000754696 0)
(1.05688 0.00218441 0)
(1.05392 0.00349668 0)
(1.01198 0.12013 0)
(1.08681 0.0579439 0)
(1.05567 0.0208822 0)
(1.06672 0.00297372 0)
(1.06109 -0.000718752 0)
(1.06357 -0.000413253 0)
(1.06267 0.000182353 0)
(1.06302 0.000580297 0)
(1.06273 0.000647795 0)
(1.06268 0.000614149 0)
(1.06252 0.000521636 0)
(1.06243 0.000428872 0)
(1.06233 0.00034025 0)
(1.06226 0.000264726 0)
(1.06221 0.000201681 0)
(1.06216 0.000151233 0)
(1.06213 0.000111484 0)
(1.0621 8.15444e-05 0)
(1.06209 5.92106e-05 0)
(1.06207 4.28213e-05 0)
(1.06206 3.14429e-05 0)
(1.06206 2.33807e-05 0)
(1.06205 1.75249e-05 0)
(1.06205 1.37922e-05 0)
(1.06205 1.13025e-05 0)
(1.06205 9.77293e-06 0)
(1.06205 8.71181e-06 0)
(1.06205 8.05098e-06 0)
(1.06205 7.68494e-06 0)
(1.06205 7.41533e-06 0)
(1.06205 7.28856e-06 0)
(1.06205 7.12931e-06 0)
(1.06205 7.05912e-06 0)
(1.06205 6.98056e-06 0)
(1.06205 6.97229e-06 0)
(1.06205 6.9057e-06 0)
(1.06205 6.90806e-06 0)
(1.06205 6.91372e-06 0)
(1.06205 6.97604e-06 0)
(1.06205 6.97076e-06 0)
(1.06205 6.93436e-06 0)
(1.06205 6.93692e-06 0)
(1.06205 6.97932e-06 0)
(1.06205 6.98372e-06 0)
(1.06205 7.04022e-06 0)
(1.06205 7.07612e-06 0)
(1.06205 7.12889e-06 0)
(1.06205 7.10878e-06 0)
(1.06205 7.11717e-06 0)
(1.06205 7.0908e-06 0)
(1.06205 7.07464e-06 0)
(1.06205 7.04426e-06 0)
(1.06205 7.04983e-06 0)
(1.06205 7.01286e-06 0)
(1.06205 6.99673e-06 0)
(1.06205 6.97976e-06 0)
(1.06205 6.98629e-06 0)
(1.06205 6.96778e-06 0)
(1.06205 6.92981e-06 0)
(1.06205 6.89358e-06 0)
(1.06205 6.87285e-06 0)
(1.06205 6.80749e-06 0)
(1.06205 6.78662e-06 0)
(1.06205 6.76309e-06 0)
(1.06205 6.77815e-06 0)
(1.06205 6.76122e-06 0)
(1.06205 6.79253e-06 0)
(1.06205 6.80525e-06 0)
(1.06205 6.85247e-06 0)
(1.06205 6.87449e-06 0)
(1.06205 6.93722e-06 0)
(1.06205 7.00274e-06 0)
(1.06205 7.08509e-06 0)
(1.06205 7.15297e-06 0)
(1.06205 7.22596e-06 0)
(1.06205 7.26367e-06 0)
(1.06205 7.28056e-06 0)
(1.06205 7.24335e-06 0)
(1.06205 7.21818e-06 0)
(1.06205 7.14948e-06 0)
(1.06205 7.09134e-06 0)
(1.06205 7.05272e-06 0)
(1.06205 7.09391e-06 0)
(1.06205 7.1834e-06 0)
(1.06205 7.40631e-06 0)
(1.06205 7.7997e-06 0)
(1.06205 8.42721e-06 0)
(1.06205 9.35076e-06 0)
(1.06205 1.07266e-05 0)
(1.06204 1.26569e-05 0)
(1.06204 1.5401e-05 0)
(1.06204 1.88236e-05 0)
(1.06203 2.3674e-05 0)
(1.06203 2.91962e-05 0)
(1.06201 4.59356e-05 0)
(1.06197 9.10348e-05 0)
(1.06192 0.000303211 0)
(1.06164 0.000841888 0)
(1.06135 0.00248341 0)
(1.05909 0.00399523 0)
(1.00731 0.105509 0)
(1.08238 0.0560866 0)
(1.05674 0.0212101 0)
(1.06827 0.00308614 0)
(1.06272 -0.000696161 0)
(1.06513 -0.000453885 0)
(1.0642 0.000177873 0)
(1.06463 0.000587743 0)
(1.0644 0.000664691 0)
(1.06443 0.000631441 0)
(1.06434 0.000537748 0)
(1.0643 0.000442364 0)
(1.06425 0.000350995 0)
(1.06421 0.000272652 0)
(1.06418 0.000207087 0)
(1.06416 0.000154483 0)
(1.06414 0.000112893 0)
(1.06412 8.15028e-05 0)
(1.06411 5.81144e-05 0)
(1.0641 4.09587e-05 0)
(1.0641 2.90639e-05 0)
(1.06409 2.06648e-05 0)
(1.06409 1.46034e-05 0)
(1.06409 1.06376e-05 0)
(1.06409 7.96374e-06 0)
(1.06409 6.29737e-06 0)
(1.06409 5.1545e-06 0)
(1.06409 4.44196e-06 0)
(1.06409 4.04579e-06 0)
(1.06409 3.7552e-06 0)
(1.06409 3.62106e-06 0)
(1.06409 3.46237e-06 0)
(1.06409 3.38753e-06 0)
(1.06409 3.29856e-06 0)
(1.06409 3.29171e-06 0)
(1.06409 3.2285e-06 0)
(1.06409 3.23009e-06 0)
(1.06409 3.23422e-06 0)
(1.06409 3.29261e-06 0)
(1.06409 3.29285e-06 0)
(1.06409 3.25832e-06 0)
(1.06409 3.25432e-06 0)
(1.06409 3.30109e-06 0)
(1.06409 3.31589e-06 0)
(1.06409 3.37924e-06 0)
(1.06409 3.41643e-06 0)
(1.06409 3.47437e-06 0)
(1.06409 3.45672e-06 0)
(1.06409 3.46618e-06 0)
(1.06409 3.43925e-06 0)
(1.06409 3.41703e-06 0)
(1.06409 3.38115e-06 0)
(1.06409 3.3851e-06 0)
(1.06409 3.34655e-06 0)
(1.06409 3.32338e-06 0)
(1.06409 3.3032e-06 0)
(1.06409 3.30849e-06 0)
(1.06409 3.28987e-06 0)
(1.06409 3.24599e-06 0)
(1.06409 3.20261e-06 0)
(1.06409 3.18187e-06 0)
(1.06409 3.11609e-06 0)
(1.06409 3.09225e-06 0)
(1.06409 3.06705e-06 0)
(1.06409 3.08479e-06 0)
(1.06409 3.06724e-06 0)
(1.06409 3.09585e-06 0)
(1.06409 3.10865e-06 0)
(1.06409 3.15972e-06 0)
(1.06409 3.1871e-06 0)
(1.06409 3.25531e-06 0)
(1.06409 3.33001e-06 0)
(1.06409 3.42531e-06 0)
(1.06409 3.50353e-06 0)
(1.06409 3.58304e-06 0)
(1.06409 3.62624e-06 0)
(1.06409 3.64818e-06 0)
(1.06409 3.60849e-06 0)
(1.06409 3.57602e-06 0)
(1.06409 3.50031e-06 0)
(1.06409 3.43392e-06 0)
(1.06409 3.38603e-06 0)
(1.06409 3.42474e-06 0)
(1.06409 3.51974e-06 0)
(1.06409 3.75393e-06 0)
(1.06409 4.16966e-06 0)
(1.06409 4.83936e-06 0)
(1.06409 5.82904e-06 0)
(1.06409 7.32436e-06 0)
(1.06409 9.39514e-06 0)
(1.06408 1.23398e-05 0)
(1.06408 1.60481e-05 0)
(1.06408 2.14273e-05 0)
(1.06407 2.80513e-05 0)
(1.06406 4.77914e-05 0)
(1.06403 9.83207e-05 0)
(1.06399 0.000330595 0)
(1.06379 0.000906807 0)
(1.06361 0.00269962 0)
(1.06211 0.0043439 0)
(1.00311 0.0922708 0)
(1.07781 0.0532863 0)
(1.05682 0.0209677 0)
(1.06876 0.00311783 0)
(1.06334 -0.000664566 0)
(1.06565 -0.000480187 0)
(1.06471 0.000169644 0)
(1.06519 0.000581521 0)
(1.06503 0.000665343 0)
(1.06512 0.000633471 0)
(1.06509 0.000541064 0)
(1.06511 0.000445705 0)
(1.0651 0.000354114 0)
(1.0651 0.000275169 0)
(1.06509 0.00020892 0)
(1.06508 0.000155621 0)
(1.06508 0.000113341 0)
(1.06507 8.13513e-05 0)
(1.06507 5.74887e-05 0)
(1.06507 3.99421e-05 0)
(1.06507 2.77596e-05 0)
(1.06506 1.91837e-05 0)
(1.06506 1.29973e-05 0)
(1.06506 8.98539e-06 0)
(1.06506 6.29351e-06 0)
(1.06506 4.56159e-06 0)
(1.06506 3.37613e-06 0)
(1.06506 2.62228e-06 0)
(1.06506 2.19939e-06 0)
(1.06506 1.89131e-06 0)
(1.06506 1.75268e-06 0)
(1.06506 1.60186e-06 0)
(1.06506 1.52717e-06 0)
(1.06506 1.42797e-06 0)
(1.06506 1.42004e-06 0)
(1.06506 1.36262e-06 0)
(1.06506 1.36375e-06 0)
(1.06506 1.36766e-06 0)
(1.06506 1.41973e-06 0)
(1.06506 1.42239e-06 0)
(1.06506 1.39138e-06 0)
(1.06506 1.3842e-06 0)
(1.06506 1.43189e-06 0)
(1.06506 1.45556e-06 0)
(1.06506 1.52577e-06 0)
(1.06506 1.56623e-06 0)
(1.06506 1.62793e-06 0)
(1.06506 1.61197e-06 0)
(1.06506 1.62166e-06 0)
(1.06506 1.59771e-06 0)
(1.06506 1.57067e-06 0)
(1.06506 1.52801e-06 0)
(1.06506 1.52935e-06 0)
(1.06506 1.49191e-06 0)
(1.06506 1.46289e-06 0)
(1.06506 1.43762e-06 0)
(1.06506 1.43857e-06 0)
(1.06506 1.42053e-06 0)
(1.06506 1.3718e-06 0)
(1.06506 1.32094e-06 0)
(1.06506 1.29946e-06 0)
(1.06506 1.23702e-06 0)
(1.06506 1.21113e-06 0)
(1.06506 1.18294e-06 0)
(1.06506 1.20158e-06 0)
(1.06506 1.18498e-06 0)
(1.06506 1.20954e-06 0)
(1.06506 1.22158e-06 0)
(1.06506 1.27574e-06 0)
(1.06506 1.31005e-06 0)
(1.06506 1.38354e-06 0)
(1.06506 1.46715e-06 0)
(1.06506 1.57321e-06 0)
(1.06506 1.66179e-06 0)
(1.06506 1.74695e-06 0)
(1.06506 1.79539e-06 0)
(1.06506 1.82125e-06 0)
(1.06506 1.78015e-06 0)
(1.06506 1.74028e-06 0)
(1.06506 1.65806e-06 0)
(1.06506 1.583e-06 0)
(1.06506 1.52547e-06 0)
(1.06506 1.55899e-06 0)
(1.06506 1.65639e-06 0)
(1.06506 1.89508e-06 0)
(1.06506 2.32444e-06 0)
(1.06506 3.03324e-06 0)
(1.06506 4.06904e-06 0)
(1.06506 5.61198e-06 0)
(1.06506 7.71834e-06 0)
(1.06506 1.06983e-05 0)
(1.06506 1.45642e-05 0)
(1.06506 2.04008e-05 0)
(1.06505 2.79901e-05 0)
(1.06504 5.02385e-05 0)
(1.06502 0.000104762 0)
(1.06499 0.000349914 0)
(1.06489 0.000946052 0)
(1.06481 0.00282713 0)
(1.06409 0.00454073 0)
(0.999517 0.0802739 0)
(1.07354 0.0497546 0)
(1.05648 0.0202376 0)
(1.06876 0.00307327 0)
(1.06348 -0.000625769 0)
(1.0657 -0.000492143 0)
(1.06474 0.000158017 0)
(1.06526 0.000562627 0)
(1.06516 0.000650532 0)
(1.06533 0.000620773 0)
(1.06535 0.000531759 0)
(1.06542 0.000438775 0)
(1.06545 0.000349236 0)
(1.06548 0.000271704 0)
(1.06549 0.000206468 0)
(1.06551 0.000153865 0)
(1.06551 0.00011201 0)
(1.06552 8.02718e-05 0)
(1.06552 5.65584e-05 0)
(1.06552 3.90777e-05 0)
(1.06552 2.69047e-05 0)
(1.06553 1.83354e-05 0)
(1.06553 1.2122e-05 0)
(1.06553 8.12011e-06 0)
(1.06553 5.46561e-06 0)
(1.06553 3.7583e-06 0)
(1.06553 2.58835e-06 0)
(1.06553 1.82538e-06 0)
(1.06553 1.39297e-06 0)
(1.06553 1.0701e-06 0)
(1.06553 9.27134e-07 0)
(1.06553 7.87141e-07 0)
(1.06553 7.17916e-07 0)
(1.06553 6.10817e-07 0)
(1.06553 5.99605e-07 0)
(1.06553 5.50009e-07 0)
(1.06553 5.50327e-07 0)
(1.06553 5.54453e-07 0)
(1.06553 6.00181e-07 0)
(1.06553 6.02755e-07 0)
(1.06553 5.74225e-07 0)
(1.06553 5.66519e-07 0)
(1.06553 6.13646e-07 0)
(1.06553 6.44242e-07 0)
(1.06553 7.19679e-07 0)
(1.06553 7.64718e-07 0)
(1.06553 8.30418e-07 0)
(1.06553 8.16845e-07 0)
(1.06553 8.24748e-07 0)
(1.06553 8.05889e-07 0)
(1.06553 7.7665e-07 0)
(1.06553 7.27106e-07 0)
(1.06553 7.23889e-07 0)
(1.06553 6.89142e-07 0)
(1.06553 6.56347e-07 0)
(1.06553 6.25096e-07 0)
(1.06553 6.18154e-07 0)
(1.06553 6.00383e-07 0)
(1.06553 5.48713e-07 0)
(1.06553 4.9151e-07 0)
(1.06553 4.67968e-07 0)
(1.06553 4.11253e-07 0)
(1.06553 3.85378e-07 0)
(1.06553 3.53743e-07 0)
(1.06553 3.70924e-07 0)
(1.06553 3.56495e-07 0)
(1.06553 3.77067e-07 0)
(1.06553 3.87545e-07 0)
(1.06553 4.4355e-07 0)
(1.06553 4.85438e-07 0)
(1.06553 5.64284e-07 0)
(1.06553 6.56597e-07 0)
(1.06553 7.71277e-07 0)
(1.06553 8.70458e-07 0)
(1.06553 9.61e-07 0)
(1.06553 1.01571e-06 0)
(1.06553 1.04442e-06 0)
(1.06553 1.00191e-06 0)
(1.06553 9.54209e-07 0)
(1.06553 8.65366e-07 0)
(1.06553 7.81178e-07 0)
(1.06553 7.13542e-07 0)
(1.06553 7.39057e-07 0)
(1.06553 8.3539e-07 0)
(1.06553 1.07296e-06 0)
(1.06553 1.51354e-06 0)
(1.06553 2.23283e-06 0)
(1.06553 3.26895e-06 0)
(1.06553 4.77415e-06 0)
(1.06553 6.855e-06 0)
(1.06553 9.83454e-06 0)
(1.06553 1.37882e-05 0)
(1.06553 1.9959e-05 0)
(1.06553 2.8289e-05 0)
(1.06552 5.23062e-05 0)
(1.06551 0.000109051 0)
(1.06549 0.000359471 0)
(1.06548 0.000958331 0)
(1.06551 0.0028656 0)
(1.06553 0.00459044 0)
(0.996542 0.0693462 0)
(1.06976 0.0456516 0)
(1.05597 0.0190919 0)
(1.06857 0.00295735 0)
(1.06343 -0.000580671 0)
(1.06555 -0.000489769 0)
(1.06457 0.000143632 0)
(1.06513 0.000532235 0)
(1.06508 0.000621301 0)
(1.0653 0.000594177 0)
(1.06538 0.000510352 0)
(1.06549 0.00042182 0)
(1.06556 0.000336365 0)
(1.06562 0.000262071 0)
(1.06566 0.000199405 0)
(1.06569 0.00014877 0)
(1.06571 0.000108375 0)
(1.06572 7.76776e-05 0)
(1.06573 5.47125e-05 0)
(1.06574 3.77527e-05 0)
(1.06574 2.59034e-05 0)
(1.06574 1.75537e-05 0)
(1.06575 1.14657e-05 0)
(1.06575 7.54724e-06 0)
(1.06575 4.97231e-06 0)
(1.06575 3.32152e-06 0)
(1.06575 2.18975e-06 0)
(1.06575 1.45105e-06 0)
(1.06575 1.03422e-06 0)
(1.06575 7.15585e-07 0)
(1.06575 5.6736e-07 0)
(1.06575 4.36786e-07 0)
(1.06575 3.77457e-07 0)
(1.06575 2.67293e-07 0)
(1.06575 2.51229e-07 0)
(1.06575 2.10771e-07 0)
(1.06575 2.10723e-07 0)
(1.06575 2.14055e-07 0)
(1.06575 2.5433e-07 0)
(1.06575 2.55632e-07 0)
(1.06575 2.28065e-07 0)
(1.06575 2.20525e-07 0)
(1.06575 2.66449e-07 0)
(1.06575 3.02171e-07 0)
(1.06575 3.81192e-07 0)
(1.06575 4.30937e-07 0)
(1.06575 5.02086e-07 0)
(1.06575 4.93788e-07 0)
(1.06575 4.97691e-07 0)
(1.06575 4.84505e-07 0)
(1.06575 4.54597e-07 0)
(1.06575 3.99607e-07 0)
(1.06575 3.89941e-07 0)
(1.06575 3.57835e-07 0)
(1.06575 3.23173e-07 0)
(1.06575 2.85988e-07 0)
(1.06575 2.683e-07 0)
(1.06575 2.49301e-07 0)
(1.06575 1.96879e-07 0)
(1.06575 1.35332e-07 0)
(1.06575 1.09359e-07 0)
(1.06575 5.92102e-08 0)
(1.06575 3.57498e-08 0)
(1.06575 1.16454e-09 0)
(1.06575 1.62104e-08 0)
(1.06575 4.22918e-09 0)
(1.06575 2.25417e-08 0)
(1.06575 3.06163e-08 0)
(1.06575 8.70518e-08 0)
(1.06575 1.3435e-07 0)
(1.06575 2.18589e-07 0)
(1.06575 3.18898e-07 0)
(1.06575 4.41033e-07 0)
(1.06575 5.53332e-07 0)
(1.06575 6.50385e-07 0)
(1.06575 7.1095e-07 0)
(1.06575 7.42629e-07 0)
(1.06575 6.99387e-07 0)
(1.06575 6.42465e-07 0)
(1.06575 5.44779e-07 0)
(1.06575 4.49759e-07 0)
(1.06575 3.71192e-07 0)
(1.06575 3.85965e-07 0)
(1.06575 4.7748e-07 0)
(1.06575 7.11238e-07 0)
(1.06575 1.14528e-06 0)
(1.06575 1.83683e-06 0)
(1.06575 2.83712e-06 0)
(1.06575 4.29253e-06 0)
(1.06575 6.31809e-06 0)
(1.06575 9.24579e-06 0)
(1.06575 1.31907e-05 0)
(1.06575 1.95028e-05 0)
(1.06576 2.82629e-05 0)
(1.06575 5.3162e-05 0)
(1.06576 0.000110254 0)
(1.06575 0.000358363 0)
(1.06583 0.00094347 0)
(1.06596 0.00281793 0)
(1.06669 0.00450143 0)
(0.994113 0.0593214 0)
(1.06649 0.0411008 0)
(1.05543 0.0175942 0)
(1.0683 0.0027755 0)
(1.06331 -0.000529647 0)
(1.06533 -0.000473193 0)
(1.06433 0.000127323 0)
(1.06492 0.000491718 0)
(1.06491 0.000578983 0)
(1.06519 0.000554836 0)
(1.06531 0.000477715 0)
(1.06546 0.000395458 0)
(1.06556 0.000315891 0)
(1.06565 0.000246475 0)
(1.06571 0.000187788 0)
(1.06575 0.000140282 0)
(1.06578 0.00010229 0)
(1.06581 7.33676e-05 0)
(1.06582 5.17042e-05 0)
(1.06583 3.56859e-05 0)
(1.06584 2.44612e-05 0)
(1.06585 1.65382e-05 0)
(1.06585 1.07348e-05 0)
(1.06585 7e-06 0)
(1.06585 4.56221e-06 0)
(1.06585 3.00301e-06 0)
(1.06585 1.93114e-06 0)
(1.06585 1.22279e-06 0)
(1.06586 8.30938e-07 0)
(1.06586 5.37553e-07 0)
(1.06586 3.94171e-07 0)
(1.06586 2.69754e-07 0)
(1.06586 2.22401e-07 0)
(1.06586 1.15543e-07 0)
(1.06586 9.44411e-08 0)
(1.06586 6.3165e-08 0)
(1.06586 6.43201e-08 0)
(1.06586 6.54157e-08 0)
(1.06586 1.00853e-07 0)
(1.06586 1.00273e-07 0)
(1.06586 7.40072e-08 0)
(1.06586 6.57449e-08 0)
(1.06586 1.0977e-07 0)
(1.06586 1.47862e-07 0)
(1.06586 2.29772e-07 0)
(1.06586 2.84758e-07 0)
(1.06586 3.61854e-07 0)
(1.06586 3.59178e-07 0)
(1.06586 3.59651e-07 0)
(1.06586 3.5031e-07 0)
(1.06586 3.23916e-07 0)
(1.06586 2.65961e-07 0)
(1.06586 2.48284e-07 0)
(1.06586 2.17429e-07 0)
(1.06586 1.81414e-07 0)
(1.06586 1.38903e-07 0)
(1.06586 1.08805e-07 0)
(1.06586 8.61504e-08 0)
(1.06586 3.46204e-08 0)
(1.06586 -2.88009e-08 0)
(1.06586 -5.60462e-08 0)
(1.06586 -9.97577e-08 0)
(1.06586 -1.18214e-07 0)
(1.06586 -1.55182e-07 0)
(1.06586 -1.45612e-07 0)
(1.06586 -1.56971e-07 0)
(1.06586 -1.40291e-07 0)
(1.06586 -1.34088e-07 0)
(1.06586 -7.76289e-08 0)
(1.06586 -2.32473e-08 0)
(1.06586 6.58515e-08 0)
(1.06586 1.72111e-07 0)
(1.06586 3.02373e-07 0)
(1.06586 4.2449e-07 0)
(1.06586 5.26568e-07 0)
(1.06586 5.90444e-07 0)
(1.06586 6.25616e-07 0)
(1.06586 5.82763e-07 0)
(1.06586 5.18096e-07 0)
(1.06586 4.13222e-07 0)
(1.06586 3.07732e-07 0)
(1.06586 2.16753e-07 0)
(1.06586 2.18384e-07 0)
(1.06586 3.00916e-07 0)
(1.06586 5.23804e-07 0)
(1.06586 9.29088e-07 0)
(1.06586 1.58349e-06 0)
(1.06586 2.53523e-06 0)
(1.06586 3.92087e-06 0)
(1.06586 5.84929e-06 0)
(1.06586 8.64997e-06 0)
(1.06586 1.24689e-05 0)
(1.06587 1.8703e-05 0)
(1.06587 2.75418e-05 0)
(1.06587 5.23778e-05 0)
(1.06589 0.000107954 0)
(1.0659 0.000346425 0)
(1.06606 0.000902307 0)
(1.06628 0.00268943 0)
(1.06766 0.00428463 0)
(0.992152 0.0500481 0)
(1.06373 0.0361993 0)
(1.05491 0.0158005 0)
(1.06803 0.0025337 0)
(1.06316 -0.000472904 0)
(1.06509 -0.000442821 0)
(1.06407 0.00010993 0)
(1.06468 0.000442525 0)
(1.06472 0.000525087 0)
(1.06504 0.000504113 0)
(1.06521 0.000434961 0)
(1.06539 0.000360559 0)
(1.06552 0.000288456 0)
(1.06563 0.000225367 0)
(1.06571 0.000171916 0)
(1.06577 0.000128584 0)
(1.06581 9.38469e-05 0)
(1.06584 6.73696e-05 0)
(1.06586 4.7514e-05 0)
(1.06588 3.28141e-05 0)
(1.06589 2.2497e-05 0)
(1.06589 1.51949e-05 0)
(1.0659 9.81644e-06 0)
(1.0659 6.36559e-06 0)
(1.0659 4.12849e-06 0)
(1.0659 2.69939e-06 0)
(1.0659 1.71629e-06 0)
(1.06591 1.05145e-06 0)
(1.06591 6.87297e-07 0)
(1.06591 4.21426e-07 0)
(1.06591 2.96434e-07 0)
(1.06591 1.80027e-07 0)
(1.06591 1.44526e-07 0)
(1.06591 4.70825e-08 0)
(1.06591 2.25511e-08 0)
(1.06591 -6.55647e-10 0)
(1.06591 3.5942e-09 0)
(1.06591 1.46906e-09 0)
(1.06591 3.27607e-08 0)
(1.06591 2.93719e-08 0)
(1.06591 3.68991e-09 0)
(1.06591 -6.25461e-09 0)
(1.06591 3.54204e-08 0)
(1.06591 7.36222e-08 0)
(1.06591 1.58552e-07 0)
(1.06591 2.16475e-07 0)
(1.06591 2.97688e-07 0)
(1.06591 2.99962e-07 0)
(1.06591 2.9914e-07 0)
(1.06591 2.91365e-07 0)
(1.06591 2.72444e-07 0)
(1.06591 2.14991e-07 0)
(1.06591 1.90904e-07 0)
(1.06591 1.59789e-07 0)
(1.06591 1.23375e-07 0)
(1.06591 7.6441e-08 0)
(1.06591 3.29316e-08 0)
(1.06591 4.28181e-09 0)
(1.06591 -4.58612e-08 0)
(1.06591 -1.08908e-07 0)
(1.06591 -1.35936e-07 0)
(1.06591 -1.75356e-07 0)
(1.06591 -1.89124e-07 0)
(1.06591 -2.28235e-07 0)
(1.06591 -2.27296e-07 0)
(1.06591 -2.40563e-07 0)
(1.06591 -2.25333e-07 0)
(1.06591 -2.19801e-07 0)
(1.06591 -1.6314e-07 0)
(1.06591 -9.93945e-08 0)
(1.06591 -3.70889e-09 0)
(1.06591 1.07501e-07 0)
(1.06591 2.44353e-07 0)
(1.06591 3.70361e-07 0)
(1.06591 4.75399e-07 0)
(1.06591 5.41335e-07 0)
(1.06591 5.79694e-07 0)
(1.06591 5.37203e-07 0)
(1.06591 4.6703e-07 0)
(1.06591 3.57521e-07 0)
(1.06591 2.45413e-07 0)
(1.06591 1.41614e-07 0)
(1.06591 1.28372e-07 0)
(1.06591 1.97677e-07 0)
(1.06591 3.99467e-07 0)
(1.06591 7.71101e-07 0)
(1.06591 1.381e-06 0)
(1.06591 2.26789e-06 0)
(1.06591 3.55295e-06 0)
(1.06591 5.33626e-06 0)
(1.06591 7.93308e-06 0)
(1.06592 1.15073e-05 0)
(1.06592 1.74401e-05 0)
(1.06593 2.59937e-05 0)
(1.06593 4.98163e-05 0)
(1.06596 0.000102084 0)
(1.06598 0.000324033 0)
(1.06623 0.000836475 0)
(1.06653 0.00248711 0)
(1.0685 0.00395269 0)
(0.990589 0.0413912 0)
(1.06144 0.0310243 0)
(1.05445 0.0137607 0)
(1.06778 0.00223846 0)
(1.06303 -0.000410718 0)
(1.06486 -0.000399442 0)
(1.06383 9.2157e-05 0)
(1.06446 0.00038607 0)
(1.06453 0.000461187 0)
(1.06489 0.00044347 0)
(1.06509 0.000383325 0)
(1.06531 0.000318122 0)
(1.06546 0.000254836 0)
(1.06559 0.000199332 0)
(1.06568 0.00015221 0)
(1.06576 0.000113979 0)
(1.06581 8.32448e-05 0)
(1.06585 5.98084e-05 0)
(1.06587 4.22186e-05 0)
(1.06589 2.9171e-05 0)
(1.06591 2.00159e-05 0)
(1.06591 1.35169e-05 0)
(1.06592 8.68591e-06 0)
(1.06592 5.60683e-06 0)
(1.06593 3.63095e-06 0)
(1.06593 2.36869e-06 0)
(1.06593 1.49993e-06 0)
(1.06593 8.97382e-07 0)
(1.06593 5.6818e-07 0)
(1.06593 3.29538e-07 0)
(1.06593 2.27396e-07 0)
(1.06593 1.24499e-07 0)
(1.06593 1.01032e-07 0)
(1.06593 1.74973e-08 0)
(1.06593 -7.87956e-09 0)
(1.06593 -2.43179e-08 0)
(1.06593 -1.53646e-08 0)
(1.06593 -2.10118e-08 0)
(1.06593 5.07576e-09 0)
(1.06593 -1.93262e-09 0)
(1.06593 -2.90149e-08 0)
(1.06593 -4.10796e-08 0)
(1.06593 -1.95216e-09 0)
(1.06593 3.58639e-08 0)
(1.06593 1.23777e-07 0)
(1.06593 1.80796e-07 0)
(1.06593 2.64114e-07 0)
(1.06593 2.73015e-07 0)
(1.06593 2.7203e-07 0)
(1.06593 2.65259e-07 0)
(1.06593 2.53273e-07 0)
(1.06593 1.9961e-07 0)
(1.06593 1.71882e-07 0)
(1.06593 1.39393e-07 0)
(1.06593 1.03411e-07 0)
(1.06593 5.2781e-08 0)
(1.06593 -2.67033e-09 0)
(1.06593 -3.94269e-08 0)
(1.06593 -8.79881e-08 0)
(1.06593 -1.48652e-07 0)
(1.06593 -1.75886e-07 0)
(1.06593 -2.13574e-07 0)
(1.06593 -2.24471e-07 0)
(1.06593 -2.65054e-07 0)
(1.06593 -2.71441e-07 0)
(1.06593 -2.87977e-07 0)
(1.06593 -2.72968e-07 0)
(1.06593 -2.67409e-07 0)
(1.06593 -2.1079e-07 0)
(1.06593 -1.40479e-07 0)
(1.06593 -3.65101e-08 0)
(1.06593 8.1012e-08 0)
(1.06593 2.2067e-07 0)
(1.06593 3.50577e-07 0)
(1.06593 4.59377e-07 0)
(1.06593 5.2712e-07 0)
(1.06593 5.68185e-07 0)
(1.06593 5.25899e-07 0)
(1.06593 4.49747e-07 0)
(1.06593 3.33688e-07 0)
(1.06593 2.16271e-07 0)
(1.06593 1.01379e-07 0)
(1.06593 7.2536e-08 0)
(1.06593 1.24308e-07 0)
(1.06593 3.00184e-07 0)
(1.06593 6.34221e-07 0)
(1.06593 1.18833e-06 0)
(1.06593 1.99108e-06 0)
(1.06593 3.14532e-06 0)
(1.06594 4.73894e-06 0)
(1.06594 7.06109e-06 0)
(1.06594 1.02779e-05 0)
(1.06595 1.5692e-05 0)
(1.06596 2.36027e-05 0)
(1.06597 4.54978e-05 0)
(1.06601 9.27915e-05 0)
(1.06604 0.000291942 0)
(1.06636 0.000748201 0)
(1.06674 0.00221913 0)
(1.06921 0.00351939 0)
(0.989365 0.033231 0)
(1.05959 0.0256383 0)
(1.05405 0.0115202 0)
(1.06757 0.00189687 0)
(1.06291 -0.000343526 0)
(1.06467 -0.000344253 0)
(1.06362 7.45226e-05 0)
(1.06427 0.000323688 0)
(1.06436 0.000388863 0)
(1.06476 0.00037441 0)
(1.06499 0.000324109 0)
(1.06523 0.000269224 0)
(1.0654 0.000215886 0)
(1.06555 0.000169033 0)
(1.06566 0.000129166 0)
(1.06574 9.68314e-05 0)
(1.0658 7.07446e-05 0)
(1.06585 5.08593e-05 0)
(1.06588 3.5937e-05 0)
(1.0659 2.48345e-05 0)
(1.06591 1.70592e-05 0)
(1.06592 1.15293e-05 0)
(1.06593 7.35539e-06 0)
(1.06593 4.71987e-06 0)
(1.06594 3.0588e-06 0)
(1.06594 1.99875e-06 0)
(1.06594 1.26325e-06 0)
(1.06594 7.38758e-07 0)
(1.06594 4.55175e-07 0)
(1.06594 2.4548e-07 0)
(1.06594 1.68627e-07 0)
(1.06594 8.36702e-08 0)
(1.06594 7.30644e-08 0)
(1.06594 6.08335e-09 0)
(1.06594 -1.83865e-08 0)
(1.06594 -2.81417e-08 0)
(1.06594 -1.43287e-08 0)
(1.06594 -2.35084e-08 0)
(1.06594 -4.30652e-09 0)
(1.06594 -1.54302e-08 0)
(1.06594 -4.42725e-08 0)
(1.06594 -5.858e-08 0)
(1.06594 -2.22798e-08 0)
(1.06594 1.44316e-08 0)
(1.06594 1.03919e-07 0)
(1.06594 1.60038e-07 0)
(1.06594 2.44199e-07 0)
(1.06594 2.60231e-07 0)
(1.06594 2.605e-07 0)
(1.06594 2.54728e-07 0)
(1.06594 2.48843e-07 0)
(1.06594 2.01177e-07 0)
(1.06594 1.70885e-07 0)
(1.06594 1.36259e-07 0)
(1.06594 9.93798e-08 0)
(1.06594 4.56197e-08 0)
(1.06594 -1.94653e-08 0)
(1.06594 -6.52419e-08 0)
(1.06594 -1.12008e-07 0)
(1.06594 -1.69213e-07 0)
(1.06594 -1.96489e-07 0)
(1.06594 -2.33339e-07 0)
(1.06594 -2.42061e-07 0)
(1.06594 -2.83083e-07 0)
(1.06594 -2.95658e-07 0)
(1.06594 -3.16295e-07 0)
(1.06594 -3.0124e-07 0)
(1.06594 -2.94498e-07 0)
(1.06594 -2.38029e-07 0)
(1.06594 -1.63261e-07 0)
(1.06594 -5.22848e-08 0)
(1.06594 7.16858e-08 0)
(1.06594 2.13058e-07 0)
(1.06594 3.47227e-07 0)
(1.06594 4.60104e-07 0)
(1.06594 5.29213e-07 0)
(1.06594 5.7211e-07 0)
(1.06594 5.30034e-07 0)
(1.06594 4.47892e-07 0)
(1.06594 3.24038e-07 0)
(1.06594 1.99945e-07 0)
(1.06594 7.54783e-08 0)
(1.06594 2.98035e-08 0)
(1.06594 6.14399e-08 0)
(1.06594 2.08554e-07 0)
(1.06594 4.99108e-07 0)
(1.06594 9.85657e-07 0)
(1.06594 1.687e-06 0)
(1.06595 2.6843e-06 0)
(1.06595 4.04868e-06 0)
(1.06595 6.0328e-06 0)
(1.06596 8.78926e-06 0)
(1.06596 1.34823e-05 0)
(1.06598 2.04149e-05 0)
(1.06599 3.9542e-05 0)
(1.06604 8.03697e-05 0)
(1.06608 0.000251197 0)
(1.06647 0.00064018 0)
(1.06691 0.00189448 0)
(1.06981 0.00299929 0)
(0.988435 0.0254604 0)
(1.05815 0.0200925 0)
(1.05373 0.00912016 0)
(1.0674 0.00151653 0)
(1.06282 -0.000271944 0)
(1.06451 -0.000278833 0)
(1.06345 5.73453e-05 0)
(1.0641 0.000256619 0)
(1.06423 0.000309689 0)
(1.06464 0.00029846 0)
(1.0649 0.000258657 0)
(1.06516 0.000214989 0)
(1.06535 0.000172516 0)
(1.06551 0.000135182 0)
(1.06563 0.000103332 0)
(1.06572 7.75495e-05 0)
(1.06579 5.66473e-05 0)
(1.06584 4.07335e-05 0)
(1.06587 2.88147e-05 0)
(1.0659 1.9908e-05 0)
(1.06591 1.36919e-05 0)
(1.06593 9.27062e-06 0)
(1.06593 5.85237e-06 0)
(1.06594 3.71862e-06 0)
(1.06594 2.41466e-06 0)
(1.06594 1.59007e-06 0)
(1.06594 1.00314e-06 0)
(1.06595 5.66528e-07 0)
(1.06595 3.38609e-07 0)
(1.06595 1.62146e-07 0)
(1.06595 1.12087e-07 0)
(1.06595 4.94808e-08 0)
(1.06595 5.26642e-08 0)
(1.06595 3.17131e-09 0)
(1.06595 -1.90726e-08 0)
(1.06595 -2.22056e-08 0)
(1.06595 -3.86327e-09 0)
(1.06595 -1.65401e-08 0)
(1.06595 -4.67856e-09 0)
(1.06595 -2.03352e-08 0)
(1.06595 -5.12008e-08 0)
(1.06595 -6.76528e-08 0)
(1.06595 -3.40046e-08 0)
(1.06595 7.01626e-11 0)
(1.06595 8.93115e-08 0)
(1.06595 1.45729e-07 0)
(1.06595 2.29504e-07 0)
(1.06595 2.5202e-07 0)
(1.06595 2.54673e-07 0)
(1.06595 2.5045e-07 0)
(1.06595 2.5009e-07 0)
(1.06595 2.10055e-07 0)
(1.06595 1.78814e-07 0)
(1.06595 1.41779e-07 0)
(1.06595 1.02401e-07 0)
(1.06595 4.6119e-08 0)
(1.06595 -2.75567e-08 0)
(1.06595 -8.17597e-08 0)
(1.06595 -1.27313e-07 0)
(1.06595 -1.80544e-07 0)
(1.06595 -2.06173e-07 0)
(1.06595 -2.42748e-07 0)
(1.06595 -2.50788e-07 0)
(1.06595 -2.91696e-07 0)
(1.06595 -3.09417e-07 0)
(1.06595 -3.34589e-07 0)
(1.06595 -3.1989e-07 0)
(1.06595 -3.10807e-07 0)
(1.06595 -2.54205e-07 0)
(1.06595 -1.76217e-07 0)
(1.06595 -5.96883e-08 0)
(1.06595 6.95875e-08 0)
(1.06595 2.12867e-07 0)
(1.06595 3.50568e-07 0)
(1.06595 4.67029e-07 0)
(1.06595 5.36899e-07 0)
(1.06595 5.80578e-07 0)
(1.06595 5.38804e-07 0)
(1.06595 4.51254e-07 0)
(1.06595 3.19635e-07 0)
(1.06595 1.88115e-07 0)
(1.06595 5.42441e-08 0)
(1.06595 -9.32646e-09 0)
(1.06595 5.11228e-10 0)
(1.06595 1.16048e-07 0)
(1.06595 3.57463e-07 0)
(1.06595 7.66558e-07 0)
(1.06595 1.35183e-06 0)
(1.06595 2.17043e-06 0)
(1.06595 3.27182e-06 0)
(1.06596 4.86306e-06 0)
(1.06596 7.06947e-06 0)
(1.06597 1.08628e-05 0)
(1.06599 1.65205e-05 0)
(1.066 3.21458e-05 0)
(1.06606 6.5232e-05 0)
(1.06611 0.00020307 0)
(1.06656 0.000515493 0)
(1.06704 0.00152277 0)
(1.07029 0.00240755 0)
(0.987766 0.0179828 0)
(1.0571 0.0144301 0)
(1.05348 0.00659895 0)
(1.06726 0.0011055 0)
(1.06275 -0.000196756 0)
(1.06439 -0.000205093 0)
(1.06332 4.07504e-05 0)
(1.06398 0.000186015 0)
(1.06412 0.000225216 0)
(1.06455 0.00021715 0)
(1.06483 0.000188335 0)
(1.0651 0.000156576 0)
(1.06531 0.000125676 0)
(1.06548 9.85301e-05 0)
(1.06561 7.52969e-05 0)
(1.06571 5.65745e-05 0)
(1.06578 4.12816e-05 0)
(1.06583 2.96698e-05 0)
(1.06587 2.10171e-05 0)
(1.0659 1.45102e-05 0)
(1.06591 9.99524e-06 0)
(1.06593 6.7885e-06 0)
(1.06593 4.20972e-06 0)
(1.06594 2.62571e-06 0)
(1.06594 1.70868e-06 0)
(1.06595 1.14682e-06 0)
(1.06595 7.23038e-07 0)
(1.06595 3.79711e-07 0)
(1.06595 2.14377e-07 0)
(1.06595 7.69366e-08 0)
(1.06595 5.53229e-08 0)
(1.06595 1.81253e-08 0)
(1.06595 3.61836e-08 0)
(1.06595 4.53695e-09 0)
(1.06595 -1.38036e-08 0)
(1.06595 -1.15379e-08 0)
(1.06595 1.16127e-08 0)
(1.06595 -4.36835e-09 0)
(1.06595 -4.08243e-10 0)
(1.06595 -2.08052e-08 0)
(1.06595 -5.40116e-08 0)
(1.06595 -7.30603e-08 0)
(1.06595 -4.135e-08 0)
(1.06595 -1.08537e-08 0)
(1.06595 7.67758e-08 0)
(1.06595 1.33432e-07 0)
(1.06595 2.15831e-07 0)
(1.06595 2.43732e-07 0)
(1.06595 2.49631e-07 0)
(1.06595 2.47564e-07 0)
(1.06595 2.52539e-07 0)
(1.06595 2.20741e-07 0)
(1.06595 1.90434e-07 0)
(1.06595 1.51104e-07 0)
(1.06595 1.08269e-07 0)
(1.06595 4.98955e-08 0)
(1.06595 -3.07645e-08 0)
(1.06595 -9.25512e-08 0)
(1.06595 -1.37517e-07 0)
(1.06595 -1.86307e-07 0)
(1.06595 -2.0944e-07 0)
(1.06595 -2.46314e-07 0)
(1.06595 -2.55238e-07 0)
(1.06595 -2.96028e-07 0)
(1.06595 -3.17683e-07 0)
(1.06595 -3.47264e-07 0)
(1.06595 -3.33555e-07 0)
(1.06595 -3.21431e-07 0)
(1.06595 -2.64176e-07 0)
(1.06595 -1.83959e-07 0)
(1.06595 -6.31697e-08 0)
(1.06595 7.06822e-08 0)
(1.06595 2.1556e-07 0)
(1.06595 3.55441e-07 0)
(1.06595 4.74871e-07 0)
(1.06595 5.4503e-07 0)
(1.06595 5.88494e-07 0)
(1.06595 5.46934e-07 0)
(1.06595 4.54861e-07 0)
(1.06595 3.16006e-07 0)
(1.06595 1.77084e-07 0)
(1.06595 3.37173e-08 0)
(1.06595 -4.73382e-08 0)
(1.06595 -6.15039e-08 0)
(1.06595 1.99198e-08 0)
(1.06595 2.07669e-07 0)
(1.06595 5.31492e-07 0)
(1.06595 9.88744e-07 0)
(1.06596 1.61132e-06 0)
(1.06596 2.42254e-06 0)
(1.06596 3.57616e-06 0)
(1.06597 5.15925e-06 0)
(1.06598 7.906e-06 0)
(1.06599 1.20437e-05 0)
(1.06601 2.35677e-05 0)
(1.06608 4.78865e-05 0)
(1.06613 0.000149019 0)
(1.06662 0.000377528 0)
(1.06714 0.00111405 0)
(1.07066 0.00175971 0)
(0.987332 0.0107093 0)
(1.0564 0.00868838 0)
(1.05332 0.0039927 0)
(1.06718 0.000672249 0)
(1.06271 -0.000118886 0)
(1.06431 -0.000125214 0)
(1.06324 2.46957e-05 0)
(1.0639 0.000112947 0)
(1.06405 0.000136973 0)
(1.06449 0.000132012 0)
(1.06478 0.000114524 0)
(1.06507 9.51632e-05 0)
(1.06528 7.63413e-05 0)
(1.06546 5.98552e-05 0)
(1.06559 4.56729e-05 0)
(1.0657 3.43718e-05 0)
(1.06577 2.4995e-05 0)
(1.06583 1.79258e-05 0)
(1.06587 1.27258e-05 0)
(1.06589 8.76854e-06 0)
(1.06591 6.06062e-06 0)
(1.06593 4.13928e-06 0)
(1.06594 2.4623e-06 0)
(1.06594 1.46699e-06 0)
(1.06594 9.5622e-07 0)
(1.06595 6.74687e-07 0)
(1.06595 4.27652e-07 0)
(1.06595 1.81527e-07 0)
(1.06595 8.1774e-08 0)
(1.06595 -1.11342e-08 0)
(1.06595 -1.93192e-09 0)
(1.06595 -1.23903e-08 0)
(1.06595 2.14846e-08 0)
(1.06595 8.2244e-09 0)
(1.06595 -4.63529e-09 0)
(1.06595 1.16548e-09 0)
(1.06595 2.90785e-08 0)
(1.06595 1.02543e-08 0)
(1.06595 6.17852e-09 0)
(1.06595 -1.91177e-08 0)
(1.06595 -5.46402e-08 0)
(1.06595 -7.7083e-08 0)
(1.06595 -4.65245e-08 0)
(1.06595 -1.94449e-08 0)
(1.06595 6.53114e-08 0)
(1.06595 1.20965e-07 0)
(1.06595 2.01461e-07 0)
(1.06595 2.33655e-07 0)
(1.06595 2.43352e-07 0)
(1.06595 2.43946e-07 0)
(1.06595 2.54301e-07 0)
(1.06595 2.30547e-07 0)
(1.06595 2.02956e-07 0)
(1.06595 1.61528e-07 0)
(1.06595 1.14782e-07 0)
(1.06595 5.44786e-08 0)
(1.06595 -3.11042e-08 0)
(1.06595 -9.94777e-08 0)
(1.06595 -1.43947e-07 0)
(1.06595 -1.8867e-07 0)
(1.06595 -2.08821e-07 0)
(1.06595 -2.46511e-07 0)
(1.06595 -2.57513e-07 0)
(1.06595 -2.98676e-07 0)
(1.06595 -3.22771e-07 0)
(1.06595 -3.56184e-07 0)
(1.06595 -3.43895e-07 0)
(1.06595 -3.28773e-07 0)
(1.06595 -2.70154e-07 0)
(1.06595 -1.88668e-07 0)
(1.06595 -6.50155e-08 0)
(1.06595 7.27612e-08 0)
(1.06595 2.18757e-07 0)
(1.06595 3.59477e-07 0)
(1.06595 4.81235e-07 0)
(1.06595 5.51261e-07 0)
(1.06595 5.93706e-07 0)
(1.06595 5.52164e-07 0)
(1.06595 4.56636e-07 0)
(1.06595 3.11446e-07 0)
(1.06595 1.65477e-07 0)
(1.06595 1.2959e-08 0)
(1.06595 -8.49262e-08 0)
(1.06595 -1.24302e-07 0)
(1.06595 -7.95051e-08 0)
(1.06595 5.11818e-08 0)
(1.06595 2.8408e-07 0)
(1.06595 6.04233e-07 0)
(1.06596 1.01802e-06 0)
(1.06596 1.51928e-06 0)
(1.06596 2.2021e-06 0)
(1.06597 3.10785e-06 0)
(1.06598 4.69909e-06 0)
(1.066 7.13436e-06 0)
(1.06602 1.41134e-05 0)
(1.06609 2.89143e-05 0)
(1.06615 9.06406e-05 0)
(1.06666 0.000229911 0)
(1.06721 0.000678686 0)
(1.07091 0.00107162 0)
(0.987119 0.00355607 0)
(1.05606 0.00290062 0)
(1.05324 0.00133604 0)
(1.06713 0.000225546 0)
(1.06269 -3.93628e-05 0)
(1.06427 -4.15709e-05 0)
(1.06319 9.01141e-06 0)
(1.06386 3.84225e-05 0)
(1.06401 4.64727e-05 0)
(1.06447 4.45761e-05 0)
(1.06475 3.8609e-05 0)
(1.06505 3.19407e-05 0)
(1.06527 2.55035e-05 0)
(1.06545 1.99534e-05 0)
(1.06559 1.50878e-05 0)
(1.06569 1.14241e-05 0)
(1.06577 8.14818e-06 0)
(1.06583 5.77057e-06 0)
(1.06587 4.13465e-06 0)
(1.06589 2.81732e-06 0)
(1.06591 1.98409e-06 0)
(1.06593 1.38707e-06 0)
(1.06594 6.47899e-07 0)
(1.06594 2.69277e-07 0)
(1.06594 1.76526e-07 0)
(1.06595 1.8221e-07 0)
(1.06595 1.217e-07 0)
(1.06595 -2.2966e-08 0)
(1.06595 -5.71256e-08 0)
(1.06595 -1.02267e-07 0)
(1.06595 -5.93879e-08 0)
(1.06595 -4.27361e-08 0)
(1.06595 7.28643e-09 0)
(1.06595 1.25815e-08 0)
(1.06595 6.90093e-09 0)
(1.06595 1.40839e-08 0)
(1.06595 4.59947e-08 0)
(1.06595 2.52069e-08 0)
(1.06595 1.35548e-08 0)
(1.06595 -1.66418e-08 0)
(1.06595 -5.36969e-08 0)
(1.06595 -8.03528e-08 0)
(1.06595 -5.04958e-08 0)
(1.06595 -2.61885e-08 0)
(1.06595 5.47738e-08 0)
(1.06595 1.0768e-07 0)
(1.06595 1.85665e-07 0)
(1.06595 2.21313e-07 0)
(1.06595 2.352e-07 0)
(1.06595 2.38723e-07 0)
(1.06595 2.54681e-07 0)
(1.06595 2.38311e-07 0)
(1.06595 2.14738e-07 0)
(1.06595 1.71613e-07 0)
(1.06595 1.20808e-07 0)
(1.06595 5.87053e-08 0)
(1.06595 -2.96449e-08 0)
(1.06595 -1.03543e-07 0)
(1.06595 -1.47402e-07 0)
(1.06595 -1.8877e-07 0)
(1.06595 -2.05872e-07 0)
(1.06595 -2.44752e-07 0)
(1.06595 -2.58466e-07 0)
(1.06595 -3.00601e-07 0)
(1.06595 -3.25765e-07 0)
(1.06595 -3.61995e-07 0)
(1.06595 -3.51285e-07 0)
(1.06595 -3.33801e-07 0)
(1.06595 -2.73234e-07 0)
(1.06595 -1.91182e-07 0)
(1.06595 -6.61785e-08 0)
(1.06595 7.4634e-08 0)
(1.06595 2.21382e-07 0)
(1.06595 3.61594e-07 0)
(1.06595 4.84942e-07 0)
(1.06595 5.54499e-07 0)
(1.06595 5.95316e-07 0)
(1.06595 5.53544e-07 0)
(1.06595 4.55733e-07 0)
(1.06595 3.05427e-07 0)
(1.06595 1.53081e-07 0)
(1.06595 -8.03818e-09 0)
(1.06595 -1.22073e-07 0)
(1.06595 -1.87014e-07 0)
(1.06595 -1.80571e-07 0)
(1.06595 -1.09202e-07 0)
(1.06595 2.9272e-08 0)
(1.06596 2.0633e-07 0)
(1.06596 4.03339e-07 0)
(1.06596 5.82762e-07 0)
(1.06596 7.74347e-07 0)
(1.06597 9.6988e-07 0)
(1.06598 1.3392e-06 0)
(1.066 1.96016e-06 0)
(1.06602 4.12202e-06 0)
(1.06609 8.94815e-06 0)
(1.06616 2.96294e-05 0)
(1.06668 7.64392e-05 0)
(1.06725 0.000227253 0)
(1.07103 0.000359314 0)
(0.987119 -0.00355734 0)
(1.05606 -0.00290223 0)
(1.05324 -0.00133732 0)
(1.06713 -0.000225662 0)
(1.06269 4.07199e-05 0)
(1.06427 4.33422e-05 0)
(1.06319 -6.55043e-06 0)
(1.06386 -3.65886e-05 0)
(1.06401 -4.47879e-05 0)
(1.06447 -4.36279e-05 0)
(1.06475 -3.80167e-05 0)
(1.06505 -3.18912e-05 0)
(1.06527 -2.58363e-05 0)
(1.06545 -2.03651e-05 0)
(1.06559 -1.58219e-05 0)
(1.06569 -1.17758e-05 0)
(1.06577 -8.88991e-06 0)
(1.06583 -6.52133e-06 0)
(1.06587 -4.5557e-06 0)
(1.06589 -3.20393e-06 0)
(1.06591 -2.13674e-06 0)
(1.06593 -1.3986e-06 0)
(1.06594 -1.1911e-06 0)
(1.06594 -9.39647e-07 0)
(1.06594 -6.08908e-07 0)
(1.06595 -3.18132e-07 0)
(1.06595 -1.89218e-07 0)
(1.06595 -2.28287e-07 0)
(1.06595 -1.98163e-07 0)
(1.06595 -1.95194e-07 0)
(1.06595 -1.16475e-07 0)
(1.06595 -7.21346e-08 0)
(1.06595 -6.93577e-09 0)
(1.06595 1.63471e-08 0)
(1.06595 1.95854e-08 0)
(1.06595 2.62796e-08 0)
(1.06595 6.0332e-08 0)
(1.06595 3.86087e-08 0)
(1.06595 2.06379e-08 0)
(1.06595 -1.41056e-08 0)
(1.06595 -5.15162e-08 0)
(1.06595 -8.26073e-08 0)
(1.06595 -5.36395e-08 0)
(1.06595 -3.12283e-08 0)
(1.06595 4.53922e-08 0)
(1.06595 9.37225e-08 0)
(1.06595 1.68108e-07 0)
(1.06595 2.06662e-07 0)
(1.06595 2.24991e-07 0)
(1.06595 2.31619e-07 0)
(1.06595 2.53231e-07 0)
(1.06595 2.43567e-07 0)
(1.06595 2.24776e-07 0)
(1.06595 1.80696e-07 0)
(1.06595 1.2588e-07 0)
(1.06595 6.22613e-08 0)
(1.06595 -2.69802e-08 0)
(1.06595 -1.05096e-07 0)
(1.06595 -1.48356e-07 0)
(1.06595 -1.87236e-07 0)
(1.06595 -2.01526e-07 0)
(1.06595 -2.41705e-07 0)
(1.06595 -2.58455e-07 0)
(1.06595 -3.01947e-07 0)
(1.06595 -3.27214e-07 0)
(1.06595 -3.64896e-07 0)
(1.06595 -3.55663e-07 0)
(1.06595 -3.36741e-07 0)
(1.06595 -2.74037e-07 0)
(1.06595 -1.91712e-07 0)
(1.06595 -6.68877e-08 0)
(1.06595 7.57979e-08 0)
(1.06595 2.22952e-07 0)
(1.06595 3.61469e-07 0)
(1.06595 4.85434e-07 0)
(1.06595 5.54248e-07 0)
(1.06595 5.92958e-07 0)
(1.06595 5.50704e-07 0)
(1.06595 4.51747e-07 0)
(1.06595 2.97853e-07 0)
(1.06595 1.40098e-07 0)
(1.06595 -2.90065e-08 0)
(1.06595 -1.58425e-07 0)
(1.06595 -2.48522e-07 0)
(1.06595 -2.81149e-07 0)
(1.06595 -2.70152e-07 0)
(1.06595 -2.27442e-07 0)
(1.06596 -1.96212e-07 0)
(1.06596 -2.19081e-07 0)
(1.06596 -3.65244e-07 0)
(1.06596 -6.71789e-07 0)
(1.06597 -1.19695e-06 0)
(1.06598 -2.07078e-06 0)
(1.066 -3.30076e-06 0)
(1.06602 -6.04719e-06 0)
(1.06609 -1.13484e-05 0)
(1.06616 -3.22608e-05 0)
(1.06668 -7.89908e-05 0)
(1.06725 -0.000229544 0)
(1.07103 -0.000361078 0)
(0.987332 -0.0107105 0)
(1.0564 -0.00868996 0)
(1.05332 -0.00399396 0)
(1.06718 -0.000672365 0)
(1.06271 0.000120242 0)
(1.06431 0.000126986 0)
(1.06324 -2.2264e-05 0)
(1.0639 -0.000111131 0)
(1.06405 -0.000135313 0)
(1.0645 -0.000131072 0)
(1.06478 -0.000113955 0)
(1.06507 -9.51272e-05 0)
(1.06528 -7.66736e-05 0)
(1.06546 -6.0283e-05 0)
(1.06559 -4.64144e-05 0)
(1.0657 -3.4731e-05 0)
(1.06577 -2.57459e-05 0)
(1.06583 -1.86742e-05 0)
(1.06587 -1.3143e-05 0)
(1.0659 -9.15268e-06 0)
(1.06591 -6.20454e-06 0)
(1.06593 -4.14706e-06 0)
(1.06594 -3.00832e-06 0)
(1.06594 -2.1309e-06 0)
(1.06594 -1.37857e-06 0)
(1.06595 -8.11198e-07 0)
(1.06595 -4.98128e-07 0)
(1.06595 -4.29537e-07 0)
(1.06595 -3.36601e-07 0)
(1.06595 -2.8719e-07 0)
(1.06595 -1.72516e-07 0)
(1.06595 -9.94976e-08 0)
(1.06595 -2.0747e-08 0)
(1.06595 1.9014e-08 0)
(1.06595 3.24524e-08 0)
(1.06595 3.75288e-08 0)
(1.06595 7.104e-08 0)
(1.06595 4.91404e-08 0)
(1.06595 2.64125e-08 0)
(1.06595 -1.20135e-08 0)
(1.06595 -4.85296e-08 0)
(1.06595 -8.33808e-08 0)
(1.06595 -5.59822e-08 0)
(1.06595 -3.47617e-08 0)
(1.06595 3.73516e-08 0)
(1.06595 7.96579e-08 0)
(1.06595 1.48695e-07 0)
(1.06595 1.89755e-07 0)
(1.06595 2.12627e-07 0)
(1.06595 2.22568e-07 0)
(1.06595 2.49543e-07 0)
(1.06595 2.46084e-07 0)
(1.06595 2.32307e-07 0)
(1.06595 1.88415e-07 0)
(1.06595 1.29761e-07 0)
(1.06595 6.51373e-08 0)
(1.06595 -2.3432e-08 0)
(1.06595 -1.04307e-07 0)
(1.06595 -1.47285e-07 0)
(1.06595 -1.84353e-07 0)
(1.06595 -1.96473e-07 0)
(1.06595 -2.37812e-07 0)
(1.06595 -2.57749e-07 0)
(1.06595 -3.02583e-07 0)
(1.06595 -3.27476e-07 0)
(1.06595 -3.65086e-07 0)
(1.06595 -3.57008e-07 0)
(1.06595 -3.37555e-07 0)
(1.06595 -2.73067e-07 0)
(1.06595 -1.90401e-07 0)
(1.06595 -6.71565e-08 0)
(1.06595 7.60852e-08 0)
(1.06595 2.23184e-07 0)
(1.06595 3.59082e-07 0)
(1.06595 4.82413e-07 0)
(1.06595 5.50191e-07 0)
(1.06595 5.86417e-07 0)
(1.06595 5.4349e-07 0)
(1.06595 4.44368e-07 0)
(1.06595 2.88608e-07 0)
(1.06595 1.26619e-07 0)
(1.06595 -4.9637e-08 0)
(1.06595 -1.93591e-07 0)
(1.06595 -3.07738e-07 0)
(1.06595 -3.79062e-07 0)
(1.06595 -4.28216e-07 0)
(1.06595 -4.80436e-07 0)
(1.06595 -5.94392e-07 0)
(1.06596 -8.35258e-07 0)
(1.06596 -1.30265e-06 0)
(1.06596 -2.10037e-06 0)
(1.06597 -3.33393e-06 0)
(1.06598 -5.42603e-06 0)
(1.066 -8.4669e-06 0)
(1.06601 -1.60283e-05 0)
(1.06609 -3.13013e-05 0)
(1.06615 -9.32571e-05 0)
(1.06666 -0.000232448 0)
(1.06721 -0.000680961 0)
(1.07091 -0.00107338 0)
(0.987766 -0.017984 0)
(1.0571 -0.0144316 0)
(1.05348 -0.00660015 0)
(1.06726 -0.00110561 0)
(1.06275 0.0001981 0)
(1.06439 0.000206856 0)
(1.06332 -3.83756e-05 0)
(1.06398 -0.000184238 0)
(1.06412 -0.000223601 0)
(1.06455 -0.000216226 0)
(1.06483 -0.000187806 0)
(1.0651 -0.000156561 0)
(1.06531 -0.000126005 0)
(1.06548 -9.89823e-05 0)
(1.06561 -7.60467e-05 0)
(1.06571 -5.69453e-05 0)
(1.06578 -4.20458e-05 0)
(1.06583 -3.04142e-05 0)
(1.06587 -2.14276e-05 0)
(1.0659 -1.4887e-05 0)
(1.06591 -1.01236e-05 0)
(1.06593 -6.7907e-06 0)
(1.06593 -4.75659e-06 0)
(1.06594 -3.27546e-06 0)
(1.06594 -2.11329e-06 0)
(1.06595 -1.28226e-06 0)
(1.06595 -7.97449e-07 0)
(1.06595 -6.23239e-07 0)
(1.06595 -4.68988e-07 0)
(1.06595 -3.75336e-07 0)
(1.06595 -2.26844e-07 0)
(1.06595 -1.24331e-07 0)
(1.06595 -3.33262e-08 0)
(1.06595 2.04189e-08 0)
(1.06595 4.45241e-08 0)
(1.06595 4.7988e-08 0)
(1.06595 7.78849e-08 0)
(1.06595 5.58033e-08 0)
(1.06595 2.9913e-08 0)
(1.06595 -1.09942e-08 0)
(1.06595 -4.55e-08 0)
(1.06595 -8.26684e-08 0)
(1.06595 -5.77126e-08 0)
(1.06595 -3.72408e-08 0)
(1.06595 3.03183e-08 0)
(1.06595 6.58931e-08 0)
(1.06595 1.27386e-07 0)
(1.06595 1.70463e-07 0)
(1.06595 1.97953e-07 0)
(1.06595 2.11436e-07 0)
(1.06595 2.43147e-07 0)
(1.06595 2.45535e-07 0)
(1.06595 2.36594e-07 0)
(1.06595 1.94331e-07 0)
(1.06595 1.3218e-07 0)
(1.06595 6.70818e-08 0)
(1.06595 -1.95553e-08 0)
(1.06595 -1.01616e-07 0)
(1.06595 -1.44813e-07 0)
(1.06595 -1.80666e-07 0)
(1.06595 -1.91512e-07 0)
(1.06595 -2.33643e-07 0)
(1.06595 -2.56781e-07 0)
(1.06595 -3.0259e-07 0)
(1.06595 -3.2697e-07 0)
(1.06595 -3.63108e-07 0)
(1.06595 -3.55693e-07 0)
(1.06595 -3.36426e-07 0)
(1.06595 -2.70994e-07 0)
(1.06595 -1.87763e-07 0)
(1.06595 -6.72384e-08 0)
(1.06595 7.52121e-08 0)
(1.06595 2.21587e-07 0)
(1.06595 3.54204e-07 0)
(1.06595 4.75527e-07 0)
(1.06595 5.41867e-07 0)
(1.06595 5.75348e-07 0)
(1.06595 5.31675e-07 0)
(1.06595 4.33165e-07 0)
(1.06595 2.77278e-07 0)
(1.06595 1.12452e-07 0)
(1.06595 -6.98493e-08 0)
(1.06595 -2.27354e-07 0)
(1.06595 -3.63832e-07 0)
(1.06595 -4.7231e-07 0)
(1.06595 -5.80056e-07 0)
(1.06595 -7.24254e-07 0)
(1.06595 -9.79312e-07 0)
(1.06596 -1.43132e-06 0)
(1.06596 -2.2077e-06 0)
(1.06596 -3.47594e-06 0)
(1.06597 -5.38325e-06 0)
(1.06598 -8.62365e-06 0)
(1.06599 -1.33603e-05 0)
(1.06601 -2.54623e-05 0)
(1.06608 -5.02471e-05 0)
(1.06613 -0.000151606 0)
(1.06662 -0.000380034 0)
(1.06714 -0.0011163 0)
(1.07066 -0.00176144 0)
(0.988435 -0.0254615 0)
(1.05815 -0.0200939 0)
(1.05373 -0.0091213 0)
(1.06739 -0.00151664 0)
(1.06282 0.000273255 0)
(1.06451 0.000280564 0)
(1.06345 -5.50522e-05 0)
(1.0641 -0.000254902 0)
(1.06423 -0.000308135 0)
(1.06464 -0.000297561 0)
(1.0649 -0.00025817 0)
(1.06516 -0.000214989 0)
(1.06535 -0.000172833 0)
(1.06551 -0.000135654 0)
(1.06563 -0.000104081 0)
(1.06572 -7.79292e-05 0)
(1.06579 -5.74202e-05 0)
(1.06584 -4.14719e-05 0)
(1.06587 -2.92159e-05 0)
(1.0659 -2.02693e-05 0)
(1.06591 -1.3801e-05 0)
(1.06593 -9.26722e-06 0)
(1.06593 -6.39162e-06 0)
(1.06594 -4.34558e-06 0)
(1.06594 -2.79731e-06 0)
(1.06594 -1.71974e-06 0)
(1.06594 -1.08024e-06 0)
(1.06595 -8.07538e-07 0)
(1.06595 -5.94288e-07 0)
(1.06595 -4.58091e-07 0)
(1.06595 -2.79318e-07 0)
(1.06595 -1.47572e-07 0)
(1.06595 -4.48729e-08 0)
(1.06595 2.00877e-08 0)
(1.06595 5.45173e-08 0)
(1.06595 5.72163e-08 0)
(1.06595 8.09052e-08 0)
(1.06595 5.77441e-08 0)
(1.06595 2.99181e-08 0)
(1.06595 -1.21476e-08 0)
(1.06595 -4.38125e-08 0)
(1.06595 -8.15045e-08 0)
(1.06595 -5.94741e-08 0)
(1.06595 -3.98181e-08 0)
(1.06595 2.31636e-08 0)
(1.06595 5.19692e-08 0)
(1.06595 1.03874e-07 0)
(1.06595 1.4807e-07 0)
(1.06595 1.80293e-07 0)
(1.06595 1.97589e-07 0)
(1.06595 2.3325e-07 0)
(1.06595 2.41121e-07 0)
(1.06595 2.36567e-07 0)
(1.06595 1.97406e-07 0)
(1.06595 1.32415e-07 0)
(1.06595 6.71638e-08 0)
(1.06595 -1.65546e-08 0)
(1.06595 -9.8165e-08 0)
(1.06595 -1.4189e-07 0)
(1.06595 -1.77264e-07 0)
(1.06595 -1.87867e-07 0)
(1.06595 -2.30402e-07 0)
(1.06595 -2.56461e-07 0)
(1.06595 -3.02675e-07 0)
(1.06595 -3.26548e-07 0)
(1.06595 -3.60192e-07 0)
(1.06595 -3.52817e-07 0)
(1.06595 -3.34222e-07 0)
(1.06595 -2.68975e-07 0)
(1.06595 -1.85125e-07 0)
(1.06595 -6.80996e-08 0)
(1.06595 7.21802e-08 0)
(1.06595 2.17077e-07 0)
(1.06595 3.45892e-07 0)
(1.06595 4.63931e-07 0)
(1.06595 5.28323e-07 0)
(1.06595 5.58928e-07 0)
(1.06595 5.14574e-07 0)
(1.06595 4.17307e-07 0)
(1.06595 2.62896e-07 0)
(1.06595 9.69314e-08 0)
(1.06595 -9.01406e-08 0)
(1.06595 -2.59912e-07 0)
(1.06595 -4.16511e-07 0)
(1.06595 -5.59401e-07 0)
(1.06595 -7.22761e-07 0)
(1.06595 -9.54022e-07 0)
(1.06595 -1.34267e-06 0)
(1.06595 -1.9941e-06 0)
(1.06596 -3.05972e-06 0)
(1.06596 -4.76478e-06 0)
(1.06596 -7.29003e-06 0)
(1.06597 -1.15666e-05 0)
(1.06599 -1.78138e-05 0)
(1.066 -3.40098e-05 0)
(1.06606 -6.7553e-05 0)
(1.06611 -0.000205613 0)
(1.06656 -0.000517955 0)
(1.06704 -0.00152498 0)
(1.07029 -0.00240924 0)
(0.989365 -0.033232 0)
(1.05959 -0.0256397 0)
(1.05405 -0.0115213 0)
(1.06757 -0.00189698 0)
(1.06291 0.000344775 0)
(1.06467 0.000345918 0)
(1.06362 -7.2335e-05 0)
(1.06427 -0.000322056 0)
(1.06437 -0.00038738 0)
(1.06476 -0.000373543 0)
(1.06499 -0.000323657 0)
(1.06523 -0.000269225 0)
(1.0654 -0.000216178 0)
(1.06555 -0.000169507 0)
(1.06566 -0.000129894 0)
(1.06574 -9.72074e-05 0)
(1.0658 -7.15116e-05 0)
(1.06585 -5.15871e-05 0)
(1.06588 -3.63231e-05 0)
(1.0659 -2.51691e-05 0)
(1.06591 -1.71476e-05 0)
(1.06592 -1.15193e-05 0)
(1.06593 -7.87394e-06 0)
(1.06593 -5.31562e-06 0)
(1.06594 -3.41768e-06 0)
(1.06594 -2.11586e-06 0)
(1.06594 -1.3409e-06 0)
(1.06594 -9.81462e-07 0)
(1.06594 -7.13614e-07 0)
(1.06594 -5.36098e-07 0)
(1.06594 -3.30935e-07 0)
(1.06594 -1.7233e-07 0)
(1.06594 -5.72204e-08 0)
(1.06594 1.64625e-08 0)
(1.06594 6.00185e-08 0)
(1.06594 6.34169e-08 0)
(1.06594 7.94946e-08 0)
(1.06594 5.37768e-08 0)
(1.06594 2.46298e-08 0)
(1.06594 -1.74848e-08 0)
(1.06594 -4.56644e-08 0)
(1.06594 -8.2071e-08 0)
(1.06594 -6.28673e-08 0)
(1.06594 -4.45474e-08 0)
(1.06594 1.34918e-08 0)
(1.06594 3.59955e-08 0)
(1.06594 7.69458e-08 0)
(1.06594 1.2073e-07 0)
(1.06594 1.57954e-07 0)
(1.06594 1.7915e-07 0)
(1.06594 2.17905e-07 0)
(1.06594 2.30682e-07 0)
(1.06594 2.29965e-07 0)
(1.06594 1.95203e-07 0)
(1.06594 1.28552e-07 0)
(1.06594 6.31058e-08 0)
(1.06594 -1.68282e-08 0)
(1.06594 -9.62607e-08 0)
(1.06594 -1.40594e-07 0)
(1.06594 -1.76079e-07 0)
(1.06594 -1.87674e-07 0)
(1.06594 -2.30342e-07 0)
(1.06594 -2.58869e-07 0)
(1.06594 -3.04939e-07 0)
(1.06594 -3.28161e-07 0)
(1.06594 -3.58814e-07 0)
(1.06594 -3.50825e-07 0)
(1.06594 -3.33204e-07 0)
(1.06594 -2.69317e-07 0)
(1.06594 -1.8518e-07 0)
(1.06594 -7.19759e-08 0)
(1.06594 6.48978e-08 0)
(1.06594 2.07211e-07 0)
(1.06594 3.3183e-07 0)
(1.06594 4.455e-07 0)
(1.06594 5.07355e-07 0)
(1.06594 5.35108e-07 0)
(1.06594 4.90298e-07 0)
(1.06594 3.94813e-07 0)
(1.06594 2.43212e-07 0)
(1.06594 7.84373e-08 0)
(1.06594 -1.12383e-07 0)
(1.06594 -2.92621e-07 0)
(1.06594 -4.66703e-07 0)
(1.06594 -6.40165e-07 0)
(1.06594 -8.5464e-07 0)
(1.06594 -1.16625e-06 0)
(1.06595 -1.67773e-06 0)
(1.06595 -2.51213e-06 0)
(1.06595 -3.84034e-06 0)
(1.06595 -5.93658e-06 0)
(1.06596 -9.00474e-06 0)
(1.06596 -1.41678e-05 0)
(1.06598 -2.16777e-05 0)
(1.06599 -4.13652e-05 0)
(1.06604 -8.26381e-05 0)
(1.06608 -0.000253681 0)
(1.06647 -0.000642583 0)
(1.06691 -0.00189663 0)
(1.06981 -0.00300093 0)
(0.990589 -0.0413922 0)
(1.06144 -0.0310257 0)
(1.05444 -0.0137618 0)
(1.06778 -0.00223858 0)
(1.06303 0.00041187 0)
(1.06486 0.000401002 0)
(1.06383 -9.01015e-05 0)
(1.06446 -0.000384549 0)
(1.06453 -0.000459782 0)
(1.06489 -0.00044264 0)
(1.06509 -0.000382899 0)
(1.06531 -0.000318105 0)
(1.06546 -0.00025509 0)
(1.06559 -0.000199786 0)
(1.06569 -0.000152894 0)
(1.06576 -0.00011433 0)
(1.06581 -8.39843e-05 0)
(1.06585 -6.05153e-05 0)
(1.06587 -4.25775e-05 0)
(1.06589 -2.94674e-05 0)
(1.06591 -2.00809e-05 0)
(1.06591 -1.34948e-05 0)
(1.06592 -9.16998e-06 0)
(1.06592 -6.16353e-06 0)
(1.06593 -3.96367e-06 0)
(1.06593 -2.4665e-06 0)
(1.06593 -1.57613e-06 0)
(1.06593 -1.14469e-06 0)
(1.06593 -8.29814e-07 0)
(1.06593 -6.13055e-07 0)
(1.06593 -3.85097e-07 0)
(1.06593 -2.03502e-07 0)
(1.06593 -7.511e-08 0)
(1.06593 5.77972e-09 0)
(1.06593 5.62479e-08 0)
(1.06593 6.1255e-08 0)
(1.06593 7.08252e-08 0)
(1.06593 4.11839e-08 0)
(1.06593 1.06796e-08 0)
(1.06593 -3.06316e-08 0)
(1.06593 -5.4817e-08 0)
(1.06593 -8.8391e-08 0)
(1.06593 -7.14495e-08 0)
(1.06593 -5.62236e-08 0)
(1.06593 -2.90063e-09 0)
(1.06593 1.38832e-08 0)
(1.06593 4.37662e-08 0)
(1.06593 8.49084e-08 0)
(1.06593 1.27199e-07 0)
(1.06593 1.51877e-07 0)
(1.06593 1.92805e-07 0)
(1.06593 2.09617e-07 0)
(1.06593 2.12144e-07 0)
(1.06593 1.8261e-07 0)
(1.06593 1.16165e-07 0)
(1.06593 5.04326e-08 0)
(1.06593 -2.46379e-08 0)
(1.06593 -1.00304e-07 0)
(1.06593 -1.45497e-07 0)
(1.06593 -1.81632e-07 0)
(1.06593 -1.94722e-07 0)
(1.06593 -2.37788e-07 0)
(1.06593 -2.6842e-07 0)
(1.06593 -3.14052e-07 0)
(1.06593 -3.36475e-07 0)
(1.06593 -3.64125e-07 0)
(1.06593 -3.5499e-07 0)
(1.06593 -3.3847e-07 0)
(1.06593 -2.76941e-07 0)
(1.06593 -1.93004e-07 0)
(1.06593 -8.29228e-08 0)
(1.06593 4.92442e-08 0)
(1.06593 1.87049e-07 0)
(1.06593 3.06688e-07 0)
(1.06593 4.15105e-07 0)
(1.06593 4.73728e-07 0)
(1.06593 4.98793e-07 0)
(1.06593 4.53906e-07 0)
(1.06593 3.60876e-07 0)
(1.06593 2.13573e-07 0)
(1.06593 5.23611e-08 0)
(1.06593 -1.41162e-07 0)
(1.06593 -3.29841e-07 0)
(1.06593 -5.18367e-07 0)
(1.06593 -7.17658e-07 0)
(1.06593 -9.77187e-07 0)
(1.06593 -1.36064e-06 0)
(1.06593 -1.98117e-06 0)
(1.06593 -2.9776e-06 0)
(1.06594 -4.53549e-06 0)
(1.06594 -6.96684e-06 0)
(1.06594 -1.04864e-05 0)
(1.06595 -1.63553e-05 0)
(1.06596 -2.48279e-05 0)
(1.06597 -4.72697e-05 0)
(1.06601 -9.49944e-05 0)
(1.06604 -0.000294354 0)
(1.06636 -0.000750531 0)
(1.06674 -0.0022212 0)
(1.06921 -0.00352097 0)
(0.992152 -0.0500491 0)
(1.06373 -0.0362006 0)
(1.05491 -0.0158014 0)
(1.06803 -0.00253384 0)
(1.06316 0.000473923 0)
(1.06509 0.00044424 0)
(1.06407 -0.000108039 0)
(1.06468 -0.000441137 0)
(1.06472 -0.000523773 0)
(1.06504 -0.000503331 0)
(1.06521 -0.000434559 0)
(1.06539 -0.00036051 0)
(1.06552 -0.00028866 0)
(1.06563 -0.000225779 0)
(1.06571 -0.000172533 0)
(1.06577 -0.000128885 0)
(1.06581 -9.45365e-05 0)
(1.06584 -6.80395e-05 0)
(1.06586 -4.78296e-05 0)
(1.06588 -3.30632e-05 0)
(1.06589 -2.25328e-05 0)
(1.06589 -1.51511e-05 0)
(1.0659 -1.02557e-05 0)
(1.0659 -6.87549e-06 0)
(1.0659 -4.43018e-06 0)
(1.0659 -2.77367e-06 0)
(1.0659 -1.7886e-06 0)
(1.06591 -1.30106e-06 0)
(1.06591 -9.5036e-07 0)
(1.06591 -6.98011e-07 0)
(1.06591 -4.49787e-07 0)
(1.06591 -2.49652e-07 0)
(1.06591 -1.07196e-07 0)
(1.06591 -2.20216e-08 0)
(1.06591 3.25194e-08 0)
(1.06591 3.94987e-08 0)
(1.06591 4.49545e-08 0)
(1.06591 1.08158e-08 0)
(1.06591 -1.99071e-08 0)
(1.06591 -5.99295e-08 0)
(1.06591 -7.95806e-08 0)
(1.06591 -1.10499e-07 0)
(1.06591 -9.55351e-08 0)
(1.06591 -8.50503e-08 0)
(1.06591 -3.68021e-08 0)
(1.06591 -2.3952e-08 0)
(1.06591 -4.45951e-09 0)
(1.06591 3.28169e-08 0)
(1.06591 8.02789e-08 0)
(1.06591 1.07443e-07 0)
(1.06591 1.49497e-07 0)
(1.06591 1.68936e-07 0)
(1.06591 1.73995e-07 0)
(1.06591 1.50011e-07 0)
(1.06591 8.64662e-08 0)
(1.06591 2.05505e-08 0)
(1.06591 -4.87185e-08 0)
(1.06591 -1.20739e-07 0)
(1.06591 -1.66493e-07 0)
(1.06591 -2.04024e-07 0)
(1.06591 -2.17551e-07 0)
(1.06591 -2.60973e-07 0)
(1.06591 -2.93488e-07 0)
(1.06591 -3.3917e-07 0)
(1.06591 -3.61048e-07 0)
(1.06591 -3.86222e-07 0)
(1.06591 -3.75619e-07 0)
(1.06591 -3.60099e-07 0)
(1.06591 -3.01328e-07 0)
(1.06591 -2.175e-07 0)
(1.06591 -1.09265e-07 0)
(1.06591 1.65697e-08 0)
(1.06591 1.4751e-07 0)
(1.06591 2.60223e-07 0)
(1.06591 3.62209e-07 0)
(1.06591 4.16695e-07 0)
(1.06591 4.39307e-07 0)
(1.06591 3.95034e-07 0)
(1.06591 3.05842e-07 0)
(1.06591 1.65173e-07 0)
(1.06591 8.74904e-09 0)
(1.06591 -1.85573e-07 0)
(1.06591 -3.81505e-07 0)
(1.06591 -5.8163e-07 0)
(1.06591 -8.01758e-07 0)
(1.06591 -1.09901e-06 0)
(1.06591 -1.54391e-06 0)
(1.06591 -2.25698e-06 0)
(1.06591 -3.39002e-06 0)
(1.06591 -5.13893e-06 0)
(1.06591 -7.84066e-06 0)
(1.06592 -1.17069e-05 0)
(1.06592 -1.80774e-05 0)
(1.06593 -2.71742e-05 0)
(1.06593 -5.15263e-05 0)
(1.06596 -0.000104209 0)
(1.06598 -0.000326358 0)
(1.06623 -0.000838719 0)
(1.06653 -0.0024891 0)
(1.06849 -0.00395421 0)
(0.994113 -0.0593223 0)
(1.06649 -0.0411021 0)
(1.05542 -0.0175951 0)
(1.0683 -0.00277568 0)
(1.06331 0.000530504 0)
(1.06533 0.000474449 0)
(1.06433 -0.000125629 0)
(1.06492 -0.000490482 0)
(1.06492 -0.000577774 0)
(1.06519 -0.000554116 0)
(1.06532 -0.000477342 0)
(1.06547 -0.000395372 0)
(1.06556 -0.000316041 0)
(1.06565 -0.000246835 0)
(1.06571 -0.000188323 0)
(1.06575 -0.000140511 0)
(1.06578 -0.000102914 0)
(1.06581 -7.39837e-05 0)
(1.06582 -5.19638e-05 0)
(1.06583 -3.58855e-05 0)
(1.06584 -2.44607e-05 0)
(1.06585 -1.64662e-05 0)
(1.06585 -1.1126e-05 0)
(1.06585 -7.45593e-06 0)
(1.06585 -4.82753e-06 0)
(1.06585 -3.05388e-06 0)
(1.06585 -1.99715e-06 0)
(1.06585 -1.46758e-06 0)
(1.06585 -1.09292e-06 0)
(1.06586 -8.09966e-07 0)
(1.06586 -5.41803e-07 0)
(1.06586 -3.26785e-07 0)
(1.06586 -1.74666e-07 0)
(1.06586 -8.83403e-08 0)
(1.06586 -3.24481e-08 0)
(1.06586 -2.36663e-08 0)
(1.06586 -2.00034e-08 0)
(1.06586 -5.81931e-08 0)
(1.06586 -8.85344e-08 0)
(1.06586 -1.27195e-07 0)
(1.06586 -1.41927e-07 0)
(1.06586 -1.70411e-07 0)
(1.06586 -1.5693e-07 0)
(1.06586 -1.51789e-07 0)
(1.06586 -1.10084e-07 0)
(1.06586 -9.98354e-08 0)
(1.06586 -8.9073e-08 0)
(1.06586 -5.67059e-08 0)
(1.06586 -4.32727e-09 0)
(1.06586 2.70245e-08 0)
(1.06586 7.04056e-08 0)
(1.06586 9.16059e-08 0)
(1.06586 9.84157e-08 0)
(1.06586 7.96118e-08 0)
(1.06586 2.13592e-08 0)
(1.06586 -4.51188e-08 0)
(1.06586 -1.11056e-07 0)
(1.06586 -1.79747e-07 0)
(1.06586 -2.24667e-07 0)
(1.06586 -2.63993e-07 0)
(1.06586 -2.77746e-07 0)
(1.06586 -3.19598e-07 0)
(1.06586 -3.51232e-07 0)
(1.06586 -3.97515e-07 0)
(1.06586 -4.19587e-07 0)
(1.06586 -4.4306e-07 0)
(1.06586 -4.3093e-07 0)
(1.06586 -4.16048e-07 0)
(1.06586 -3.60019e-07 0)
(1.06586 -2.76129e-07 0)
(1.06586 -1.72706e-07 0)
(1.06586 -5.46249e-08 0)
(1.06586 7.12676e-08 0)
(1.06586 1.74269e-07 0)
(1.06586 2.68598e-07 0)
(1.06586 3.17953e-07 0)
(1.06586 3.38389e-07 0)
(1.06586 2.95605e-07 0)
(1.06586 2.12143e-07 0)
(1.06586 8.01112e-08 0)
(1.06586 -7.264e-08 0)
(1.06586 -2.62879e-07 0)
(1.06586 -4.65446e-07 0)
(1.06586 -6.75954e-07 0)
(1.06586 -9.13229e-07 0)
(1.06586 -1.241e-06 0)
(1.06586 -1.73615e-06 0)
(1.06586 -2.52347e-06 0)
(1.06586 -3.76333e-06 0)
(1.06586 -5.65931e-06 0)
(1.06586 -8.55924e-06 0)
(1.06586 -1.26579e-05 0)
(1.06587 -1.93108e-05 0)
(1.06587 -2.86703e-05 0)
(1.06587 -5.40148e-05 0)
(1.06589 -0.000109987 0)
(1.06589 -0.000348648 0)
(1.06606 -0.00090445 0)
(1.06628 -0.00269132 0)
(1.06766 -0.00428607 0)
(0.996542 -0.069347 0)
(1.06976 -0.0456527 0)
(1.05597 -0.0190928 0)
(1.06857 -0.00295755 0)
(1.06343 0.000581357 0)
(1.06555 0.000490855 0)
(1.06457 -0.000142155 0)
(1.06513 -0.00053116 0)
(1.06508 -0.000620211 0)
(1.06531 -0.000593533 0)
(1.06539 -0.000510014 0)
(1.0655 -0.0004217 0)
(1.06556 -0.000336464 0)
(1.06562 -0.000262377 0)
(1.06566 -0.000199854 0)
(1.06569 -0.000148923 0)
(1.06571 -0.000108925 0)
(1.06572 -7.82307e-05 0)
(1.06573 -5.49172e-05 0)
(1.06574 -3.79109e-05 0)
(1.06574 -2.58669e-05 0)
(1.06574 -1.74591e-05 0)
(1.06575 -1.18136e-05 0)
(1.06575 -7.9465e-06 0)
(1.06575 -5.20231e-06 0)
(1.06575 -3.35523e-06 0)
(1.06575 -2.24797e-06 0)
(1.06575 -1.68481e-06 0)
(1.06575 -1.29392e-06 0)
(1.06575 -9.86176e-07 0)
(1.06575 -6.99004e-07 0)
(1.06575 -4.80249e-07 0)
(1.06575 -3.24015e-07 0)
(1.06575 -2.37618e-07 0)
(1.06575 -1.8268e-07 0)
(1.06575 -1.73201e-07 0)
(1.06575 -1.68974e-07 0)
(1.06575 -2.0973e-07 0)
(1.06575 -2.40572e-07 0)
(1.06575 -2.78044e-07 0)
(1.06575 -2.87868e-07 0)
(1.06575 -3.12955e-07 0)
(1.06575 -2.99979e-07 0)
(1.06575 -3.00576e-07 0)
(1.06575 -2.66508e-07 0)
(1.06575 -2.58839e-07 0)
(1.06575 -2.54219e-07 0)
(1.06575 -2.28147e-07 0)
(1.06575 -1.7229e-07 0)
(1.06575 -1.35738e-07 0)
(1.06575 -9.0888e-08 0)
(1.06575 -6.7813e-08 0)
(1.06575 -5.96461e-08 0)
(1.06575 -7.37727e-08 0)
(1.06575 -1.26372e-07 0)
(1.06575 -1.93014e-07 0)
(1.06575 -2.57387e-07 0)
(1.06575 -3.22132e-07 0)
(1.06575 -3.6462e-07 0)
(1.06575 -4.05564e-07 0)
(1.06575 -4.20505e-07 0)
(1.06575 -4.59786e-07 0)
(1.06575 -4.88226e-07 0)
(1.06575 -5.32441e-07 0)
(1.06575 -5.52352e-07 0)
(1.06575 -5.73852e-07 0)
(1.06575 -5.59935e-07 0)
(1.06575 -5.46077e-07 0)
(1.06575 -4.94543e-07 0)
(1.06575 -4.15213e-07 0)
(1.06575 -3.18856e-07 0)
(1.06575 -2.09411e-07 0)
(1.06575 -8.78771e-08 0)
(1.06575 9.33306e-09 0)
(1.06575 9.73883e-08 0)
(1.06575 1.41867e-07 0)
(1.06575 1.60258e-07 0)
(1.06575 1.1892e-07 0)
(1.06575 3.96066e-08 0)
(1.06575 -8.72355e-08 0)
(1.06575 -2.35518e-07 0)
(1.06575 -4.1757e-07 0)
(1.06575 -6.17856e-07 0)
(1.06575 -8.37595e-07 0)
(1.06575 -1.08935e-06 0)
(1.06575 -1.44223e-06 0)
(1.06575 -1.97961e-06 0)
(1.06575 -2.8248e-06 0)
(1.06575 -4.14076e-06 0)
(1.06575 -6.13655e-06 0)
(1.06575 -9.15672e-06 0)
(1.06575 -1.33671e-05 0)
(1.06576 -2.0077e-05 0)
(1.06576 -2.93316e-05 0)
(1.06575 -5.47147e-05 0)
(1.06576 -0.000112183 0)
(1.06575 -0.000360469 0)
(1.06583 -0.000945498 0)
(1.06596 -0.00281971 0)
(1.06669 -0.00450278 0)
(0.999517 -0.0802746 0)
(1.07354 -0.0497557 0)
(1.05647 -0.0202383 0)
(1.06876 -0.00307346 0)
(1.06348 0.000626298 0)
(1.0657 0.000493075 0)
(1.06474 -0.000156758 0)
(1.06527 -0.000561709 0)
(1.06516 -0.000649565 0)
(1.06533 -0.000620211 0)
(1.06536 -0.000531458 0)
(1.06542 -0.00043863 0)
(1.06545 -0.000349292 0)
(1.06548 -0.000271959 0)
(1.06549 -0.000206837 0)
(1.06551 -0.000153948 0)
(1.06551 -0.000112489 0)
(1.06552 -8.07657e-05 0)
(1.06552 -5.67239e-05 0)
(1.06552 -3.92098e-05 0)
(1.06553 -2.68453e-05 0)
(1.06553 -1.82378e-05 0)
(1.06553 -1.24385e-05 0)
(1.06553 -8.46915e-06 0)
(1.06553 -5.67066e-06 0)
(1.06553 -3.78337e-06 0)
(1.06553 -2.64077e-06 0)
(1.06553 -2.04783e-06 0)
(1.06553 -1.64519e-06 0)
(1.06553 -1.32928e-06 0)
(1.06553 -1.03608e-06 0)
(1.06553 -8.2206e-07 0)
(1.06553 -6.64674e-07 0)
(1.06553 -5.78941e-07 0)
(1.06553 -5.26424e-07 0)
(1.06553 -5.176e-07 0)
(1.06553 -5.11247e-07 0)
(1.06553 -5.52369e-07 0)
(1.06553 -5.83739e-07 0)
(1.06553 -6.20205e-07 0)
(1.06553 -6.25644e-07 0)
(1.06553 -6.46744e-07 0)
(1.06553 -6.33629e-07 0)
(1.06553 -6.39664e-07 0)
(1.06553 -6.13917e-07 0)
(1.06553 -6.08391e-07 0)
(1.06553 -6.07326e-07 0)
(1.06553 -5.87539e-07 0)
(1.06553 -5.30521e-07 0)
(1.06553 -4.90872e-07 0)
(1.06553 -4.45477e-07 0)
(1.06553 -4.21272e-07 0)
(1.06553 -4.12268e-07 0)
(1.06553 -4.22429e-07 0)
(1.06553 -4.68878e-07 0)
(1.06553 -5.33803e-07 0)
(1.06553 -5.95389e-07 0)
(1.06553 -6.56263e-07 0)
(1.06553 -6.95134e-07 0)
(1.06553 -7.36775e-07 0)
(1.06553 -7.53326e-07 0)
(1.06553 -7.90757e-07 0)
(1.06553 -8.16279e-07 0)
(1.06553 -8.56512e-07 0)
(1.06553 -8.72705e-07 0)
(1.06553 -8.9212e-07 0)
(1.06553 -8.76511e-07 0)
(1.06553 -8.63651e-07 0)
(1.06553 -8.17783e-07 0)
(1.06553 -7.46032e-07 0)
(1.06553 -6.55195e-07 0)
(1.06553 -5.54995e-07 0)
(1.06553 -4.41231e-07 0)
(1.06553 -3.47477e-07 0)
(1.06553 -2.64811e-07 0)
(1.06553 -2.24959e-07 0)
(1.06553 -2.08518e-07 0)
(1.06553 -2.4815e-07 0)
(1.06553 -3.24024e-07 0)
(1.06553 -4.4682e-07 0)
(1.06553 -5.87508e-07 0)
(1.06553 -7.60474e-07 0)
(1.06553 -9.50892e-07 0)
(1.06553 -1.16831e-06 0)
(1.06553 -1.42296e-06 0)
(1.06553 -1.79235e-06 0)
(1.06553 -2.36629e-06 0)
(1.06553 -3.25646e-06 0)
(1.06553 -4.62778e-06 0)
(1.06553 -6.68199e-06 0)
(1.06553 -9.74692e-06 0)
(1.06553 -1.39498e-05 0)
(1.06553 -2.04947e-05 0)
(1.06553 -2.92893e-05 0)
(1.06552 -5.37621e-05 0)
(1.06551 -0.000110861 0)
(1.06549 -0.000361444 0)
(1.06548 -0.000960228 0)
(1.06551 -0.00286725 0)
(1.06553 -0.00459169 0)
(1.00311 -0.0922714 0)
(1.0778 -0.0532872 0)
(1.05682 -0.0209684 0)
(1.06875 -0.00311798 0)
(1.06333 0.000664972 0)
(1.06565 0.00048099 0)
(1.06471 -0.000168589 0)
(1.06519 -0.000580749 0)
(1.06503 -0.000664499 0)
(1.06512 -0.000632997 0)
(1.0651 -0.000540797 0)
(1.06511 -0.000445544 0)
(1.0651 -0.000354141 0)
(1.0651 -0.000275379 0)
(1.06509 -0.000209218 0)
(1.06509 -0.000155652 0)
(1.06508 -0.000113751 0)
(1.06508 -8.17953e-05 0)
(1.06507 -5.7634e-05 0)
(1.06507 -4.00642e-05 0)
(1.06507 -2.76984e-05 0)
(1.06506 -1.91047e-05 0)
(1.06506 -1.32945e-05 0)
(1.06506 -9.29872e-06 0)
(1.06506 -6.48623e-06 0)
(1.06506 -4.58325e-06 0)
(1.06506 -3.42659e-06 0)
(1.06506 -2.83145e-06 0)
(1.06506 -2.43994e-06 0)
(1.06506 -2.13131e-06 0)
(1.06506 -1.84279e-06 0)
(1.06506 -1.63324e-06 0)
(1.06506 -1.47857e-06 0)
(1.06506 -1.39448e-06 0)
(1.06506 -1.34481e-06 0)
(1.06506 -1.33791e-06 0)
(1.06506 -1.3288e-06 0)
(1.06506 -1.36791e-06 0)
(1.06506 -1.39945e-06 0)
(1.06506 -1.4349e-06 0)
(1.06506 -1.4371e-06 0)
(1.06506 -1.45401e-06 0)
(1.06506 -1.44028e-06 0)
(1.06506 -1.45086e-06 0)
(1.06506 -1.43349e-06 0)
(1.06506 -1.42967e-06 0)
(1.06506 -1.42977e-06 0)
(1.06506 -1.41528e-06 0)
(1.06506 -1.35963e-06 0)
(1.06506 -1.31842e-06 0)
(1.06506 -1.2731e-06 0)
(1.06506 -1.24915e-06 0)
(1.06506 -1.24028e-06 0)
(1.06506 -1.24751e-06 0)
(1.06506 -1.28667e-06 0)
(1.06506 -1.34787e-06 0)
(1.06506 -1.4064e-06 0)
(1.06506 -1.46375e-06 0)
(1.06506 -1.49825e-06 0)
(1.06506 -1.5391e-06 0)
(1.06506 -1.55732e-06 0)
(1.06506 -1.59286e-06 0)
(1.06506 -1.61528e-06 0)
(1.06506 -1.65232e-06 0)
(1.06506 -1.66634e-06 0)
(1.06506 -1.68447e-06 0)
(1.06506 -1.66793e-06 0)
(1.06506 -1.65509e-06 0)
(1.06506 -1.61409e-06 0)
(1.06506 -1.54835e-06 0)
(1.06506 -1.46321e-06 0)
(1.06506 -1.37265e-06 0)
(1.06506 -1.26831e-06 0)
(1.06506 -1.18199e-06 0)
(1.06506 -1.1062e-06 0)
(1.06506 -1.07154e-06 0)
(1.06506 -1.0569e-06 0)
(1.06506 -1.09358e-06 0)
(1.06506 -1.16336e-06 0)
(1.06506 -1.27805e-06 0)
(1.06506 -1.40963e-06 0)
(1.06506 -1.57202e-06 0)
(1.06506 -1.75258e-06 0)
(1.06506 -1.95908e-06 0)
(1.06506 -2.20654e-06 0)
(1.06506 -2.57297e-06 0)
(1.06506 -3.15066e-06 0)
(1.06506 -4.05626e-06 0)
(1.06506 -5.47014e-06 0)
(1.06506 -7.55218e-06 0)
(1.06506 -1.06118e-05 0)
(1.06506 -1.47093e-05 0)
(1.06506 -2.08936e-05 0)
(1.06505 -2.89139e-05 0)
(1.06504 -5.15848e-05 0)
(1.06502 -0.000106438 0)
(1.06499 -0.000351738 0)
(1.06488 -0.000947804 0)
(1.06481 -0.00282865 0)
(1.06408 -0.00454187 0)
(1.00731 -0.105509 0)
(1.08238 -0.0560874 0)
(1.05674 -0.0212105 0)
(1.06827 -0.00308624 0)
(1.06272 0.000696479 0)
(1.06513 0.000454572 0)
(1.0642 -0.000177014 0)
(1.06463 -0.000587106 0)
(1.0644 -0.000663975 0)
(1.06443 -0.000631068 0)
(1.06434 -0.000537521 0)
(1.0643 -0.000442204 0)
(1.06425 -0.000351007 0)
(1.06421 -0.000272823 0)
(1.06418 -0.000207327 0)
(1.06416 -0.000154475 0)
(1.06414 -0.000113236 0)
(1.06412 -8.19022e-05 0)
(1.06411 -5.82478e-05 0)
(1.0641 -4.10771e-05 0)
(1.0641 -2.90142e-05 0)
(1.06409 -2.06109e-05 0)
(1.06409 -1.48867e-05 0)
(1.06409 -1.09273e-05 0)
(1.06409 -8.14254e-06 0)
(1.06409 -6.3135e-06 0)
(1.06409 -5.20779e-06 0)
(1.06409 -4.63712e-06 0)
(1.06409 -4.27239e-06 0)
(1.06409 -3.97672e-06 0)
(1.06409 -3.69502e-06 0)
(1.06409 -3.49258e-06 0)
(1.06409 -3.34444e-06 0)
(1.06409 -3.26327e-06 0)
(1.06409 -3.21609e-06 0)
(1.06409 -3.21195e-06 0)
(1.06409 -3.20048e-06 0)
(1.06409 -3.23552e-06 0)
(1.06409 -3.26666e-06 0)
(1.06409 -3.30107e-06 0)
(1.06409 -3.30149e-06 0)
(1.06409 -3.31457e-06 0)
(1.06409 -3.30003e-06 0)
(1.06409 -3.31376e-06 0)
(1.06409 -3.30439e-06 0)
(1.06409 -3.30194e-06 0)
(1.06409 -3.30133e-06 0)
(1.06409 -3.29054e-06 0)
(1.06409 -3.23846e-06 0)
(1.06409 -3.19753e-06 0)
(1.06409 -3.15277e-06 0)
(1.06409 -3.12971e-06 0)
(1.06409 -3.12174e-06 0)
(1.06409 -3.127e-06 0)
(1.06409 -3.15904e-06 0)
(1.06409 -3.21474e-06 0)
(1.06409 -3.26981e-06 0)
(1.06409 -3.32379e-06 0)
(1.06409 -3.35356e-06 0)
(1.06409 -3.39194e-06 0)
(1.06409 -3.4115e-06 0)
(1.06409 -3.44479e-06 0)
(1.06409 -3.464e-06 0)
(1.06409 -3.49746e-06 0)
(1.06409 -3.50952e-06 0)
(1.06409 -3.52669e-06 0)
(1.06409 -3.51006e-06 0)
(1.06409 -3.4969e-06 0)
(1.06409 -3.46068e-06 0)
(1.06409 -3.40131e-06 0)
(1.06409 -3.32289e-06 0)
(1.06409 -3.24221e-06 0)
(1.06409 -3.14816e-06 0)
(1.06409 -3.07043e-06 0)
(1.06409 -3.00208e-06 0)
(1.06409 -2.97267e-06 0)
(1.06409 -2.95966e-06 0)
(1.06409 -2.99265e-06 0)
(1.06409 -3.05524e-06 0)
(1.06409 -3.16016e-06 0)
(1.06409 -3.28161e-06 0)
(1.06409 -3.43119e-06 0)
(1.06409 -3.59914e-06 0)
(1.06409 -3.79538e-06 0)
(1.06409 -4.03398e-06 0)
(1.06409 -4.38414e-06 0)
(1.06409 -4.93679e-06 0)
(1.06409 -5.81566e-06 0)
(1.06409 -7.19048e-06 0)
(1.06409 -9.23337e-06 0)
(1.06408 -1.22546e-05 0)
(1.06408 -1.61775e-05 0)
(1.06408 -2.18763e-05 0)
(1.06407 -2.88945e-05 0)
(1.06406 -4.90173e-05 0)
(1.06403 -9.98493e-05 0)
(1.06398 -0.000332255 0)
(1.06379 -0.000908399 0)
(1.0636 -0.00270099 0)
(1.06211 -0.00434492 0)
(1.01198 -0.12013 0)
(1.08681 -0.0579445 0)
(1.05567 -0.0208825 0)
(1.06672 -0.00297376 0)
(1.06109 0.000719006 0)
(1.06357 0.000413814 0)
(1.06267 -0.000181689 0)
(1.06302 -0.000579787 0)
(1.06273 -0.000647222 0)
(1.06268 -0.000613896 0)
(1.06252 -0.000521457 0)
(1.06243 -0.000428728 0)
(1.06234 -0.000340263 0)
(1.06227 -0.000264862 0)
(1.06221 -0.000201872 0)
(1.06216 -0.000151196 0)
(1.06213 -0.000111755 0)
(1.0621 -8.18951e-05 0)
(1.06209 -5.93303e-05 0)
(1.06207 -4.2932e-05 0)
(1.06206 -3.13998e-05 0)
(1.06206 -2.33426e-05 0)
(1.06205 -1.77878e-05 0)
(1.06205 -1.40509e-05 0)
(1.06205 -1.14535e-05 0)
(1.06205 -9.77885e-06 0)
(1.06205 -8.7716e-06 0)
(1.06205 -8.23214e-06 0)
(1.06205 -7.88981e-06 0)
(1.06205 -7.61463e-06 0)
(1.06205 -7.34764e-06 0)
(1.06205 -7.15666e-06 0)
(1.06205 -7.019e-06 0)
(1.06205 -6.94212e-06 0)
(1.06205 -6.89677e-06 0)
(1.06205 -6.89596e-06 0)
(1.06205 -6.88336e-06 0)
(1.06205 -6.9131e-06 0)
(1.06205 -6.9431e-06 0)
(1.06205 -6.9764e-06 0)
(1.06205 -6.97635e-06 0)
(1.06205 -6.98642e-06 0)
(1.06205 -6.97117e-06 0)
(1.06205 -6.98653e-06 0)
(1.06205 -6.9841e-06 0)
(1.06205 -6.98304e-06 0)
(1.06205 -6.98043e-06 0)
(1.06205 -6.97173e-06 0)
(1.06205 -6.9248e-06 0)
(1.06205 -6.88645e-06 0)
(1.06205 -6.84295e-06 0)
(1.06205 -6.82081e-06 0)
(1.06205 -6.81424e-06 0)
(1.06205 -6.81873e-06 0)
(1.06205 -6.84428e-06 0)
(1.06205 -6.89298e-06 0)
(1.06205 -6.94358e-06 0)
(1.06205 -6.99397e-06 0)
(1.06205 -7.01891e-06 0)
(1.06205 -7.05331e-06 0)
(1.06205 -7.07347e-06 0)
(1.06205 -7.10425e-06 0)
(1.06205 -7.12029e-06 0)
(1.06205 -7.14963e-06 0)
(1.06205 -7.1596e-06 0)
(1.06205 -7.17598e-06 0)
(1.06205 -7.16013e-06 0)
(1.06205 -7.14686e-06 0)
(1.06205 -7.11569e-06 0)
(1.06205 -7.06357e-06 0)
(1.06205 -6.99276e-06 0)
(1.06205 -6.9223e-06 0)
(1.06205 -6.83927e-06 0)
(1.06205 -6.77045e-06 0)
(1.06205 -6.70959e-06 0)
(1.06205 -6.68539e-06 0)
(1.06205 -6.67385e-06 0)
(1.06205 -6.70266e-06 0)
(1.06205 -6.75771e-06 0)
(1.06205 -6.85208e-06 0)
(1.06205 -6.9622e-06 0)
(1.06205 -7.09692e-06 0)
(1.06205 -7.24869e-06 0)
(1.06205 -7.43083e-06 0)
(1.06205 -7.65564e-06 0)
(1.06205 -7.98545e-06 0)
(1.06205 -8.50858e-06 0)
(1.06205 -9.33719e-06 0)
(1.06205 -1.06044e-05 0)
(1.06204 -1.25082e-05 0)
(1.06204 -1.53209e-05 0)
(1.06204 -1.89396e-05 0)
(1.06203 -2.40809e-05 0)
(1.06203 -2.99584e-05 0)
(1.06201 -4.70401e-05 0)
(1.06197 -9.2405e-05 0)
(1.06192 -0.00030469 0)
(1.06164 -0.000843306 0)
(1.06135 -0.00248461 0)
(1.05909 -0.00399613 0)
(1.01649 -0.136146 0)
(1.09002 -0.0585749 0)
(1.05243 -0.0198938 0)
(1.06293 -0.00277779 0)
(1.05726 0.000728353 0)
(1.0598 0.000358 0)
(1.05892 -0.000183094 0)
(1.05921 -0.000558762 0)
(1.05884 -0.000614549 0)
(1.0587 -0.000582045 0)
(1.05848 -0.000493526 0)
(1.05833 -0.000406303 0)
(1.05819 -0.000323289 0)
(1.05808 -0.00025296 0)
(1.058 -0.000194319 0)
(1.05794 -0.000147199 0)
(1.05789 -0.000110528 0)
(1.05785 -8.27962e-05 0)
(1.05783 -6.18582e-05 0)
(1.05781 -4.65432e-05 0)
(1.0578 -3.57567e-05 0)
(1.05779 -2.84245e-05 0)
(1.05779 -2.33872e-05 0)
(1.05778 -2.00403e-05 0)
(1.05778 -1.77462e-05 0)
(1.05778 -1.62413e-05 0)
(1.05778 -1.534e-05 0)
(1.05778 -1.48466e-05 0)
(1.05778 -1.45304e-05 0)
(1.05778 -1.42826e-05 0)
(1.05778 -1.40395e-05 0)
(1.05778 -1.38656e-05 0)
(1.05778 -1.37417e-05 0)
(1.05778 -1.3671e-05 0)
(1.05778 -1.36271e-05 0)
(1.05778 -1.36298e-05 0)
(1.05778 -1.36177e-05 0)
(1.05778 -1.36419e-05 0)
(1.05778 -1.36697e-05 0)
(1.05778 -1.37018e-05 0)
(1.05778 -1.37019e-05 0)
(1.05778 -1.37098e-05 0)
(1.05778 -1.36942e-05 0)
(1.05778 -1.37097e-05 0)
(1.05778 -1.37126e-05 0)
(1.05778 -1.37131e-05 0)
(1.05778 -1.37079e-05 0)
(1.05778 -1.37001e-05 0)
(1.05778 -1.36589e-05 0)
(1.05778 -1.36256e-05 0)
(1.05778 -1.35848e-05 0)
(1.05778 -1.35634e-05 0)
(1.05778 -1.35583e-05 0)
(1.05778 -1.35635e-05 0)
(1.05778 -1.3583e-05 0)
(1.05778 -1.36236e-05 0)
(1.05778 -1.36684e-05 0)
(1.05778 -1.37146e-05 0)
(1.05778 -1.37347e-05 0)
(1.05778 -1.37641e-05 0)
(1.05778 -1.37836e-05 0)
(1.05778 -1.38117e-05 0)
(1.05778 -1.38247e-05 0)
(1.05778 -1.38498e-05 0)
(1.05778 -1.38576e-05 0)
(1.05778 -1.38734e-05 0)
(1.05778 -1.38591e-05 0)
(1.05778 -1.38462e-05 0)
(1.05778 -1.38202e-05 0)
(1.05778 -1.3776e-05 0)
(1.05778 -1.37134e-05 0)
(1.05778 -1.36535e-05 0)
(1.05778 -1.35822e-05 0)
(1.05778 -1.35228e-05 0)
(1.05778 -1.34693e-05 0)
(1.05778 -1.34502e-05 0)
(1.05778 -1.34401e-05 0)
(1.05778 -1.34644e-05 0)
(1.05778 -1.35116e-05 0)
(1.05778 -1.35947e-05 0)
(1.05778 -1.36921e-05 0)
(1.05778 -1.38101e-05 0)
(1.05778 -1.39426e-05 0)
(1.05778 -1.41055e-05 0)
(1.05778 -1.431e-05 0)
(1.05778 -1.46106e-05 0)
(1.05777 -1.509e-05 0)
(1.05777 -1.58521e-05 0)
(1.05777 -1.70085e-05 0)
(1.05777 -1.8722e-05 0)
(1.05777 -2.11914e-05 0)
(1.05776 -2.4341e-05 0)
(1.05776 -2.86511e-05 0)
(1.05775 -3.31761e-05 0)
(1.05773 -4.68808e-05 0)
(1.05769 -8.57782e-05 0)
(1.05763 -0.00027203 0)
(1.05728 -0.000755925 0)
(1.05688 -0.00218545 0)
(1.05392 -0.00349746 0)
(1.01914 -0.153268 0)
(1.08957 -0.0576069 0)
(1.04455 -0.0181567 0)
(1.05439 -0.00250477 0)
(1.04878 0.00071087 0)
(1.05136 0.000280584 0)
(1.05052 -0.000187208 0)
(1.05072 -0.000530732 0)
(1.05027 -0.000573226 0)
(1.05005 -0.000542948 0)
(1.04976 -0.000461289 0)
(1.04955 -0.000382457 0)
(1.04937 -0.000307425 0)
(1.04923 -0.000244091 0)
(1.04912 -0.000191335 0)
(1.04903 -0.00014901 0)
(1.04897 -0.000115875 0)
(1.04893 -9.07271e-05 0)
(1.0489 -7.22874e-05 0)
(1.04887 -5.88599e-05 0)
(1.04886 -4.94732e-05 0)
(1.04885 -4.31954e-05 0)
(1.04884 -3.89346e-05 0)
(1.04884 -3.60218e-05 0)
(1.04884 -3.40344e-05 0)
(1.04883 -3.27303e-05 0)
(1.04883 -3.19562e-05 0)
(1.04883 -3.15263e-05 0)
(1.04883 -3.1243e-05 0)
(1.04883 -3.10277e-05 0)
(1.04883 -3.08157e-05 0)
(1.04883 -3.06648e-05 0)
(1.04883 -3.05577e-05 0)
(1.04883 -3.04953e-05 0)
(1.04883 -3.04534e-05 0)
(1.04883 -3.0459e-05 0)
(1.04883 -3.04489e-05 0)
(1.04883 -3.04681e-05 0)
(1.04883 -3.04922e-05 0)
(1.04883 -3.05229e-05 0)
(1.04883 -3.0523e-05 0)
(1.04883 -3.0529e-05 0)
(1.04883 -3.05138e-05 0)
(1.04883 -3.05283e-05 0)
(1.04883 -3.05343e-05 0)
(1.04883 -3.05367e-05 0)
(1.04883 -3.05289e-05 0)
(1.04883 -3.05213e-05 0)
(1.04883 -3.04859e-05 0)
(1.04883 -3.04595e-05 0)
(1.04883 -3.04237e-05 0)
(1.04883 -3.0403e-05 0)
(1.04883 -3.03988e-05 0)
(1.04883 -3.0406e-05 0)
(1.04883 -3.04201e-05 0)
(1.04883 -3.04518e-05 0)
(1.04883 -3.04894e-05 0)
(1.04883 -3.05309e-05 0)
(1.04883 -3.05461e-05 0)
(1.04883 -3.05698e-05 0)
(1.04883 -3.05874e-05 0)
(1.04883 -3.06124e-05 0)
(1.04883 -3.06225e-05 0)
(1.04883 -3.06435e-05 0)
(1.04883 -3.06492e-05 0)
(1.04883 -3.06647e-05 0)
(1.04883 -3.06522e-05 0)
(1.04883 -3.06403e-05 0)
(1.04883 -3.06194e-05 0)
(1.04883 -3.05834e-05 0)
(1.04883 -3.05294e-05 0)
(1.04883 -3.04804e-05 0)
(1.04883 -3.04214e-05 0)
(1.04883 -3.03722e-05 0)
(1.04883 -3.0326e-05 0)
(1.04883 -3.03116e-05 0)
(1.04883 -3.0303e-05 0)
(1.04883 -3.03226e-05 0)
(1.04883 -3.03616e-05 0)
(1.04883 -3.04328e-05 0)
(1.04883 -3.05159e-05 0)
(1.04883 -3.06153e-05 0)
(1.04883 -3.07261e-05 0)
(1.04883 -3.08652e-05 0)
(1.04883 -3.10428e-05 0)
(1.04883 -3.13044e-05 0)
(1.04883 -3.17234e-05 0)
(1.04883 -3.23949e-05 0)
(1.04883 -3.34126e-05 0)
(1.04883 -3.49098e-05 0)
(1.04882 -3.70402e-05 0)
(1.04882 -3.9663e-05 0)
(1.04881 -4.29832e-05 0)
(1.0488 -4.60757e-05 0)
(1.04878 -5.59039e-05 0)
(1.04873 -8.68968e-05 0)
(1.04867 -0.000243057 0)
(1.04828 -0.000657802 0)
(1.04778 -0.0018237 0)
(1.04424 -0.00286703 0)
(1.01572 -0.170766 0)
(1.08011 -0.0545674 0)
(1.02686 -0.0155977 0)
(1.03593 -0.00218066 0)
(1.03052 0.00063218 0)
(1.03312 0.000159959 0)
(1.03231 -0.000215705 0)
(1.03242 -0.000518683 0)
(1.0319 -0.000546954 0)
(1.0316 -0.000520289 0)
(1.03124 -0.000448176 0)
(1.03098 -0.000380097 0)
(1.03075 -0.000315097 0)
(1.03058 -0.000260261 0)
(1.03044 -0.000214895 0)
(1.03034 -0.000179383 0)
(1.03027 -0.000151666 0)
(1.03022 -0.000130746 0)
(1.03018 -0.000115612 0)
(1.03015 -0.000104732 0)
(1.03014 -9.72147e-05 0)
(1.03012 -9.20822e-05 0)
(1.03012 -8.85934e-05 0)
(1.03011 -8.61865e-05 0)
(1.03011 -8.45535e-05 0)
(1.03011 -8.34869e-05 0)
(1.0301 -8.286e-05 0)
(1.0301 -8.25091e-05 0)
(1.0301 -8.22664e-05 0)
(1.0301 -8.2087e-05 0)
(1.0301 -8.19116e-05 0)
(1.0301 -8.17897e-05 0)
(1.0301 -8.17031e-05 0)
(1.0301 -8.16506e-05 0)
(1.0301 -8.16115e-05 0)
(1.0301 -8.16195e-05 0)
(1.0301 -8.16119e-05 0)
(1.0301 -8.16267e-05 0)
(1.0301 -8.16457e-05 0)
(1.0301 -8.16749e-05 0)
(1.0301 -8.16743e-05 0)
(1.0301 -8.16779e-05 0)
(1.0301 -8.16639e-05 0)
(1.0301 -8.16771e-05 0)
(1.0301 -8.16835e-05 0)
(1.0301 -8.16876e-05 0)
(1.0301 -8.16781e-05 0)
(1.0301 -8.16704e-05 0)
(1.0301 -8.1641e-05 0)
(1.0301 -8.16225e-05 0)
(1.0301 -8.1594e-05 0)
(1.0301 -8.15749e-05 0)
(1.0301 -8.15701e-05 0)
(1.0301 -8.15805e-05 0)
(1.0301 -8.15901e-05 0)
(1.0301 -8.16125e-05 0)
(1.0301 -8.16414e-05 0)
(1.0301 -8.16781e-05 0)
(1.0301 -8.16882e-05 0)
(1.0301 -8.17057e-05 0)
(1.0301 -8.17199e-05 0)
(1.0301 -8.17416e-05 0)
(1.0301 -8.17487e-05 0)
(1.0301 -8.17658e-05 0)
(1.0301 -8.17693e-05 0)
(1.0301 -8.17843e-05 0)
(1.0301 -8.17738e-05 0)
(1.0301 -8.17631e-05 0)
(1.0301 -8.17471e-05 0)
(1.0301 -8.17197e-05 0)
(1.0301 -8.16747e-05 0)
(1.0301 -8.16366e-05 0)
(1.0301 -8.15904e-05 0)
(1.0301 -8.15522e-05 0)
(1.0301 -8.15134e-05 0)
(1.0301 -8.15029e-05 0)
(1.0301 -8.14959e-05 0)
(1.0301 -8.15113e-05 0)
(1.0301 -8.1542e-05 0)
(1.0301 -8.16e-05 0)
(1.0301 -8.16671e-05 0)
(1.0301 -8.17463e-05 0)
(1.0301 -8.18333e-05 0)
(1.0301 -8.19449e-05 0)
(1.0301 -8.20902e-05 0)
(1.0301 -8.23043e-05 0)
(1.0301 -8.26481e-05 0)
(1.0301 -8.32046e-05 0)
(1.0301 -8.40479e-05 0)
(1.0301 -8.52838e-05 0)
(1.03009 -8.70313e-05 0)
(1.03009 -8.91197e-05 0)
(1.03008 -9.15716e-05 0)
(1.03006 -9.34233e-05 0)
(1.03005 -9.9394e-05 0)
(1.03 -0.000121614 0)
(1.02994 -0.000241965 0)
(1.02952 -0.000578303 0)
(1.02896 -0.00144713 0)
(1.02509 -0.00215445 0)
(0.99636 -0.186968 0)
(1.05016 -0.0487631 0)
(0.988545 -0.0121411 0)
(0.996716 -0.0018127 0)
(0.991743 0.000469873 0)
(0.994295 -1.22286e-05 0)
(0.993546 -0.00028238 0)
(0.993568 -0.000529541 0)
(0.992986 -0.000543155 0)
(0.992605 -0.00052167 0)
(0.992192 -0.000462431 0)
(0.991882 -0.000407898 0)
(0.991621 -0.000356217 0)
(0.991423 -0.000313681 0)
(0.99127 -0.000278743 0)
(0.991157 -0.000251873 0)
(0.991074 -0.000231167 0)
(0.991015 -0.000215785 0)
(0.990973 -0.00020435 0)
(0.990944 -0.000196147 0)
(0.990925 -0.000190506 0)
(0.990912 -0.000186655 0)
(0.990903 -0.000184029 0)
(0.990897 -0.000182212 0)
(0.990894 -0.00018099 0)
(0.990891 -0.000180194 0)
(0.99089 -0.000179729 0)
(0.990889 -0.000179467 0)
(0.990888 -0.000179277 0)
(0.990888 -0.00017914 0)
(0.990888 -0.000179007 0)
(0.990887 -0.000178918 0)
(0.990887 -0.000178855 0)
(0.990887 -0.000178816 0)
(0.990887 -0.000178782 0)
(0.990887 -0.00017879 0)
(0.990887 -0.000178786 0)
(0.990887 -0.000178798 0)
(0.990887 -0.000178811 0)
(0.990887 -0.000178835 0)
(0.990887 -0.000178834 0)
(0.990887 -0.000178836 0)
(0.990887 -0.000178824 0)
(0.990887 -0.000178835 0)
(0.990887 -0.00017884 0)
(0.990887 -0.000178845 0)
(0.990887 -0.000178835 0)
(0.990887 -0.000178827 0)
(0.990887 -0.000178804 0)
(0.990887 -0.000178794 0)
(0.990887 -0.000178775 0)
(0.990887 -0.000178757 0)
(0.990887 -0.000178752 0)
(0.990888 -0.000178765 0)
(0.990888 -0.000178771 0)
(0.990888 -0.000178784 0)
(0.990888 -0.000178805 0)
(0.990888 -0.000178835 0)
(0.990888 -0.000178841 0)
(0.990888 -0.000178852 0)
(0.990888 -0.000178863 0)
(0.990888 -0.00017888 0)
(0.990888 -0.000178884 0)
(0.990888 -0.000178898 0)
(0.990888 -0.0001789 0)
(0.990887 -0.000178914 0)
(0.990887 -0.000178905 0)
(0.990887 -0.000178896 0)
(0.990887 -0.000178885 0)
(0.990887 -0.000178866 0)
(0.990887 -0.000178832 0)
(0.990887 -0.000178805 0)
(0.990887 -0.000178772 0)
(0.990887 -0.000178745 0)
(0.990887 -0.000178714 0)
(0.990888 -0.000178708 0)
(0.990888 -0.000178702 0)
(0.990888 -0.000178714 0)
(0.990888 -0.000178736 0)
(0.990888 -0.000178779 0)
(0.990888 -0.000178828 0)
(0.990888 -0.000178885 0)
(0.990888 -0.000178948 0)
(0.990888 -0.00017903 0)
(0.990887 -0.000179138 0)
(0.990887 -0.000179298 0)
(0.990886 -0.000179555 0)
(0.990885 -0.000179976 0)
(0.990883 -0.000180613 0)
(0.99088 -0.000181543 0)
(0.990875 -0.000182851 0)
(0.990868 -0.000184375 0)
(0.990859 -0.000186027 0)
(0.990846 -0.000186891 0)
(0.990832 -0.00018976 0)
(0.990793 -0.000203845 0)
(0.990736 -0.000285249 0)
(0.990325 -0.000532624 0)
(0.989739 -0.001099 0)
(0.985947 -0.0014201 0)
(0.938327 -0.19526 0)
(0.975247 -0.0389763 0)
(0.907052 -0.00773514 0)
(0.914179 -0.00123154 0)
(0.909957 0.000378895 0)
(0.912368 -6.43479e-05 0)
(0.9117 -0.00022224 0)
(0.911635 -0.000392067 0)
(0.911023 -0.000392466 0)
(0.910595 -0.000378311 0)
(0.910155 -0.000337824 0)
(0.909822 -0.000301893 0)
(0.909544 -0.000267618 0)
(0.909335 -0.000240334 0)
(0.909174 -0.000217873 0)
(0.909056 -0.000200311 0)
(0.90897 -0.000186817 0)
(0.908908 -0.000176879 0)
(0.908865 -0.000169458 0)
(0.908836 -0.000164134 0)
(0.908816 -0.00016048 0)
(0.908803 -0.000158013 0)
(0.908794 -0.000156331 0)
(0.908788 -0.000155151 0)
(0.908784 -0.000154371 0)
(0.908782 -0.000153862 0)
(0.90878 -0.000153565 0)
(0.908779 -0.000153402 0)
(0.908779 -0.000153277 0)
(0.908778 -0.000153189 0)
(0.908778 -0.000153102 0)
(0.908778 -0.000153046 0)
(0.908778 -0.00015301 0)
(0.908778 -0.000152985 0)
(0.908778 -0.000152954 0)
(0.908778 -0.000152961 0)
(0.908778 -0.000152962 0)
(0.908778 -0.00015297 0)
(0.908778 -0.000152975 0)
(0.908778 -0.000152994 0)
(0.908777 -0.000152995 0)
(0.908777 -0.000152995 0)
(0.908777 -0.000152985 0)
(0.908777 -0.000152995 0)
(0.908777 -0.000152996 0)
(0.908777 -0.000153 0)
(0.908777 -0.000152994 0)
(0.908777 -0.000152984 0)
(0.908777 -0.000152968 0)
(0.908778 -0.000152967 0)
(0.908778 -0.000152956 0)
(0.908778 -0.000152943 0)
(0.908778 -0.000152937 0)
(0.908778 -0.000152949 0)
(0.908778 -0.000152953 0)
(0.908778 -0.00015296 0)
(0.908778 -0.00015297 0)
(0.908778 -0.000152994 0)
(0.908778 -0.000152996 0)
(0.908778 -0.000153 0)
(0.908778 -0.000153007 0)
(0.908778 -0.000153019 0)
(0.908778 -0.00015302 0)
(0.908778 -0.00015303 0)
(0.908778 -0.00015303 0)
(0.908778 -0.000153042 0)
(0.908778 -0.000153036 0)
(0.908778 -0.000153028 0)
(0.908777 -0.000153022 0)
(0.908777 -0.000153012 0)
(0.908777 -0.000152987 0)
(0.908777 -0.000152971 0)
(0.908778 -0.00015295 0)
(0.908778 -0.000152935 0)
(0.908778 -0.000152913 0)
(0.908778 -0.00015291 0)
(0.908778 -0.000152906 0)
(0.908778 -0.000152913 0)
(0.908778 -0.000152929 0)
(0.908778 -0.000152956 0)
(0.908778 -0.000152985 0)
(0.908778 -0.000153022 0)
(0.908778 -0.000153061 0)
(0.908778 -0.000153112 0)
(0.908778 -0.00015318 0)
(0.908777 -0.000153282 0)
(0.908776 -0.000153447 0)
(0.908775 -0.000153718 0)
(0.908773 -0.000154128 0)
(0.90877 -0.000154724 0)
(0.908765 -0.000155559 0)
(0.908758 -0.000156509 0)
(0.908749 -0.000157444 0)
(0.908737 -0.000157644 0)
(0.908726 -0.000158326 0)
(0.908695 -0.000165508 0)
(0.908653 -0.000211263 0)
(0.908284 -0.000361517 0)
(0.907753 -0.000655375 0)
(0.904634 -0.000608758 0)
(0.789192 -0.171958 0)
(0.802641 -0.0240893 0)
(0.735301 -0.00286391 0)
(0.741137 -0.000114105 0)
(0.7381 0.000739906 0)
(0.740144 0.000429856 0)
(0.739604 0.000370522 0)
(0.739481 0.000282783 0)
(0.738916 0.000288992 0)
(0.738507 0.000295409 0)
(0.738102 0.000315605 0)
(0.737794 0.000332231 0)
(0.737541 0.000348732 0)
(0.737351 0.000361883 0)
(0.737206 0.000372742 0)
(0.7371 0.000381225 0)
(0.737023 0.000387753 0)
(0.736968 0.000392518 0)
(0.73693 0.000396053 0)
(0.736904 0.000398589 0)
(0.736887 0.00040032 0)
(0.736875 0.000401462 0)
(0.736867 0.000402241 0)
(0.736862 0.00040281 0)
(0.736859 0.000403171 0)
(0.736857 0.000403402 0)
(0.736856 0.000403539 0)
(0.736855 0.000403615 0)
(0.736854 0.000403676 0)
(0.736854 0.000403714 0)
(0.736854 0.000403753 0)
(0.736853 0.00040378 0)
(0.736853 0.000403794 0)
(0.736853 0.000403802 0)
(0.736853 0.000403825 0)
(0.736853 0.000403823 0)
(0.736853 0.000403817 0)
(0.736853 0.000403807 0)
(0.736853 0.000403808 0)
(0.736853 0.000403802 0)
(0.736853 0.000403799 0)
(0.736853 0.000403797 0)
(0.736853 0.000403806 0)
(0.736853 0.000403801 0)
(0.736853 0.000403801 0)
(0.736853 0.000403799 0)
(0.736853 0.0004038 0)
(0.736853 0.000403809 0)
(0.736853 0.000403822 0)
(0.736853 0.000403814 0)
(0.736853 0.000403815 0)
(0.736853 0.000403828 0)
(0.736853 0.000403833 0)
(0.736853 0.000403822 0)
(0.736854 0.000403821 0)
(0.736854 0.000403819 0)
(0.736854 0.000403816 0)
(0.736854 0.000403801 0)
(0.736854 0.000403801 0)
(0.736854 0.000403803 0)
(0.736854 0.000403798 0)
(0.736854 0.000403792 0)
(0.736854 0.000403793 0)
(0.736854 0.000403786 0)
(0.736853 0.000403786 0)
(0.736853 0.000403777 0)
(0.736853 0.00040378 0)
(0.736853 0.000403787 0)
(0.736853 0.000403787 0)
(0.736853 0.00040379 0)
(0.736853 0.000403804 0)
(0.736853 0.000403812 0)
(0.736853 0.00040382 0)
(0.736853 0.000403826 0)
(0.736853 0.000403839 0)
(0.736854 0.000403838 0)
(0.736854 0.000403841 0)
(0.736854 0.000403839 0)
(0.736854 0.00040383 0)
(0.736854 0.000403817 0)
(0.736854 0.000403806 0)
(0.736854 0.000403789 0)
(0.736854 0.000403766 0)
(0.736854 0.000403743 0)
(0.736853 0.000403716 0)
(0.736853 0.000403668 0)
(0.736852 0.000403585 0)
(0.736851 0.000403454 0)
(0.736849 0.00040326 0)
(0.736846 0.000402977 0)
(0.736842 0.000402579 0)
(0.736836 0.00040214 0)
(0.736828 0.000401758 0)
(0.736819 0.000401855 0)
(0.736811 0.000402229 0)
(0.736792 0.000399966 0)
(0.736771 0.000382188 0)
(0.736491 0.000315308 0)
(0.736104 0.00021192 0)
(0.734291 0.000456928 0)
(0.427096 -0.0731985 0)
(0.418175 -0.00685144 0)
(0.375401 0.00051848 0)
(0.378965 0.00106372 0)
(0.377653 0.00130239 0)
(0.378783 0.00120312 0)
(0.378484 0.00119568 0)
(0.37838 0.00117224 0)
(0.378049 0.00117603 0)
(0.377806 0.00117772 0)
(0.377573 0.00118329 0)
(0.377396 0.00118739 0)
(0.377253 0.00119147 0)
(0.377146 0.00119469 0)
(0.377065 0.00119734 0)
(0.377006 0.00119938 0)
(0.376963 0.00120095 0)
(0.376934 0.0012021 0)
(0.376913 0.00120292 0)
(0.376899 0.00120352 0)
(0.376889 0.00120392 0)
(0.376883 0.00120419 0)
(0.376879 0.00120437 0)
(0.376876 0.00120451 0)
(0.376875 0.00120459 0)
(0.376873 0.00120464 0)
(0.376873 0.00120467 0)
(0.376872 0.00120468 0)
(0.376872 0.0012047 0)
(0.376872 0.00120471 0)
(0.376872 0.00120472 0)
(0.376871 0.00120472 0)
(0.376871 0.00120473 0)
(0.376871 0.00120473 0)
(0.376871 0.00120474 0)
(0.376871 0.00120473 0)
(0.376871 0.00120473 0)
(0.376871 0.00120473 0)
(0.376871 0.00120473 0)
(0.376871 0.00120473 0)
(0.376871 0.00120473 0)
(0.376871 0.00120473 0)
(0.376871 0.00120473 0)
(0.376871 0.00120473 0)
(0.376871 0.00120473 0)
(0.376871 0.00120473 0)
(0.376871 0.00120473 0)
(0.376871 0.00120473 0)
(0.376871 0.00120473 0)
(0.376871 0.00120473 0)
(0.376871 0.00120473 0)
(0.376871 0.00120473 0)
(0.376871 0.00120474 0)
(0.376872 0.00120473 0)
(0.376872 0.00120473 0)
(0.376872 0.00120473 0)
(0.376872 0.00120473 0)
(0.376872 0.00120473 0)
(0.376872 0.00120473 0)
(0.376872 0.00120473 0)
(0.376872 0.00120473 0)
(0.376872 0.00120473 0)
(0.376872 0.00120473 0)
(0.376872 0.00120473 0)
(0.376872 0.00120473 0)
(0.376872 0.00120472 0)
(0.376872 0.00120472 0)
(0.376871 0.00120473 0)
(0.376871 0.00120473 0)
(0.376871 0.00120473 0)
(0.376871 0.00120473 0)
(0.376871 0.00120473 0)
(0.376872 0.00120473 0)
(0.376872 0.00120473 0)
(0.376872 0.00120474 0)
(0.376872 0.00120474 0)
(0.376872 0.00120474 0)
(0.376872 0.00120474 0)
(0.376872 0.00120474 0)
(0.376872 0.00120473 0)
(0.376872 0.00120473 0)
(0.376872 0.00120473 0)
(0.376872 0.00120472 0)
(0.376872 0.00120472 0)
(0.376872 0.00120471 0)
(0.376871 0.0012047 0)
(0.376871 0.00120468 0)
(0.37687 0.00120464 0)
(0.376869 0.00120459 0)
(0.376868 0.00120452 0)
(0.376866 0.00120443 0)
(0.376862 0.00120432 0)
(0.376858 0.00120425 0)
(0.376853 0.00120435 0)
(0.37685 0.00120471 0)
(0.376845 0.0012046 0)
(0.376844 0.00120154 0)
(0.376714 0.00118527 0)
(0.376554 0.00116652 0)
(0.376216 0.00130269 0)
)
;

boundaryField
{
    inlet
    {
        type            fixedValue;
        value           uniform (1 0 0);
    }
    outlet
    {
        type            zeroGradient;
    }
    lowerWall
    {
        type            noSlip;
    }
    upperWall
    {
        type            noSlip;
    }
    frontAndBack
    {
        type            empty;
    }
}


// ************************************************************************* //
