/*--------------------------------*- C++ -*----------------------------------*\
| =========                 |                                                 |
| \\      /  F ield         | OpenFOAM: The Open Source CFD Toolbox           |
|  \\    /   O peration     | Version:  v1906                                 |
|   \\  /    A nd           | Web:      www.OpenFOAM.com                      |
|    \\/     M anipulation  |                                                 |
\*---------------------------------------------------------------------------*/
FoamFile
{
    version     2.0;
    format      ascii;
    class       volScalarField;
    location    "0.5";
    object      Ux;
}
// * * * * * * * * * * * * * * * * * * * * * * * * * * * * * * * * * * * * * //

dimensions      [0 1 -1 0 0 0 0];


internalField   nonuniform List<scalar> 
4000
(
0.427096
0.418175
0.375401
0.378965
0.377653
0.378783
0.378484
0.37838
0.378049
0.377806
0.377572
0.377396
0.377253
0.377146
0.377065
0.377006
0.376964
0.376934
0.376913
0.376899
0.376889
0.376883
0.376879
0.376876
0.376875
0.376873
0.376873
0.376872
0.376872
0.376872
0.376872
0.376872
0.376872
0.376872
0.376872
0.376872
0.376872
0.376871
0.376871
0.376871
0.376871
0.376871
0.376871
0.376871
0.376871
0.376871
0.376872
0.376872
0.376872
0.376871
0.376871
0.376871
0.376871
0.376871
0.376871
0.376871
0.376871
0.376871
0.376871
0.376871
0.376872
0.376872
0.376872
0.376872
0.376872
0.376872
0.376872
0.376872
0.376872
0.376872
0.376872
0.376872
0.376872
0.376872
0.376872
0.376872
0.376872
0.376872
0.376872
0.376872
0.376872
0.376872
0.376872
0.376872
0.376871
0.376871
0.376871
0.37687
0.376869
0.376868
0.376866
0.376862
0.376858
0.376853
0.376851
0.376846
0.376845
0.376716
0.376556
0.376218
0.789192
0.802641
0.735301
0.741137
0.7381
0.740144
0.739604
0.73948
0.738916
0.738506
0.738101
0.737793
0.737541
0.737351
0.737206
0.7371
0.737023
0.736968
0.73693
0.736904
0.736887
0.736875
0.736867
0.736862
0.736859
0.736857
0.736856
0.736855
0.736855
0.736854
0.736854
0.736854
0.736854
0.736854
0.736854
0.736853
0.736854
0.736854
0.736853
0.736853
0.736853
0.736853
0.736853
0.736853
0.736853
0.736853
0.736853
0.736853
0.736853
0.736853
0.736853
0.736853
0.736853
0.736853
0.736853
0.736853
0.736853
0.736853
0.736853
0.736853
0.736853
0.736853
0.736854
0.736854
0.736854
0.736854
0.736854
0.736854
0.736854
0.736854
0.736854
0.736854
0.736854
0.736854
0.736854
0.736854
0.736854
0.736853
0.736853
0.736853
0.736853
0.736853
0.736853
0.736853
0.736853
0.736853
0.736852
0.736851
0.736849
0.736846
0.736842
0.736836
0.736828
0.736819
0.736812
0.736794
0.736773
0.736494
0.736107
0.734295
0.938327
0.975248
0.907053
0.91418
0.909957
0.912368
0.9117
0.911635
0.911023
0.910595
0.910155
0.909821
0.909544
0.909334
0.909174
0.909055
0.908969
0.908908
0.908865
0.908836
0.908816
0.908802
0.908794
0.908788
0.908784
0.908782
0.908781
0.90878
0.908779
0.908779
0.908778
0.908778
0.908778
0.908778
0.908778
0.908778
0.908778
0.908778
0.908778
0.908778
0.908778
0.908778
0.908778
0.908778
0.908778
0.908778
0.908778
0.908778
0.908778
0.908778
0.908778
0.908778
0.908778
0.908778
0.908778
0.908778
0.908778
0.908778
0.908778
0.908778
0.908778
0.908778
0.908778
0.908778
0.908778
0.908778
0.908778
0.908778
0.908779
0.908779
0.908779
0.908779
0.908779
0.908779
0.908778
0.908778
0.908778
0.908778
0.908778
0.908778
0.908778
0.908778
0.908778
0.908778
0.908777
0.908777
0.908776
0.908775
0.908773
0.90877
0.908765
0.908758
0.908749
0.908738
0.908727
0.908697
0.908655
0.908287
0.907757
0.904639
0.99636
1.05016
0.988546
0.996717
0.991743
0.994295
0.993547
0.993568
0.992985
0.992604
0.992191
0.991882
0.99162
0.991422
0.991269
0.991156
0.991073
0.991014
0.990973
0.990944
0.990924
0.990911
0.990903
0.990897
0.990894
0.990891
0.99089
0.990889
0.990889
0.990888
0.990888
0.990888
0.990888
0.990888
0.990888
0.990888
0.990888
0.990888
0.990888
0.990888
0.990888
0.990888
0.990888
0.990888
0.990888
0.990888
0.990888
0.990888
0.990888
0.990888
0.990887
0.990887
0.990887
0.990887
0.990887
0.990887
0.990887
0.990887
0.990887
0.990887
0.990887
0.990888
0.990888
0.990888
0.990888
0.990888
0.990888
0.990888
0.990888
0.990888
0.990888
0.990888
0.990888
0.990888
0.990888
0.990888
0.990888
0.990888
0.990887
0.990887
0.990887
0.990887
0.990887
0.990887
0.990887
0.990887
0.990886
0.990885
0.990883
0.99088
0.990875
0.990868
0.990859
0.990847
0.990833
0.990794
0.990739
0.990328
0.989743
0.985952
1.01572
1.08011
1.02686
1.03593
1.03052
1.03312
1.03231
1.03242
1.0319
1.0316
1.03124
1.03098
1.03075
1.03058
1.03044
1.03034
1.03027
1.03022
1.03018
1.03015
1.03014
1.03012
1.03012
1.03011
1.03011
1.03011
1.0301
1.0301
1.0301
1.0301
1.0301
1.0301
1.0301
1.0301
1.0301
1.0301
1.0301
1.0301
1.0301
1.0301
1.0301
1.0301
1.0301
1.0301
1.0301
1.0301
1.0301
1.0301
1.0301
1.0301
1.0301
1.0301
1.0301
1.0301
1.0301
1.0301
1.0301
1.0301
1.0301
1.0301
1.0301
1.0301
1.0301
1.0301
1.0301
1.0301
1.0301
1.0301
1.0301
1.0301
1.0301
1.0301
1.0301
1.0301
1.0301
1.0301
1.0301
1.0301
1.0301
1.0301
1.0301
1.0301
1.0301
1.0301
1.0301
1.0301
1.0301
1.0301
1.0301
1.0301
1.03009
1.03008
1.03008
1.03006
1.03005
1.03
1.02994
1.02953
1.02896
1.02509
1.01914
1.08957
1.04455
1.05439
1.04878
1.05136
1.05052
1.05072
1.05027
1.05005
1.04976
1.04955
1.04937
1.04923
1.04912
1.04903
1.04897
1.04893
1.0489
1.04887
1.04886
1.04885
1.04884
1.04884
1.04884
1.04883
1.04883
1.04883
1.04883
1.04883
1.04883
1.04883
1.04883
1.04883
1.04883
1.04883
1.04883
1.04883
1.04883
1.04883
1.04883
1.04883
1.04883
1.04883
1.04883
1.04883
1.04883
1.04883
1.04883
1.04883
1.04883
1.04883
1.04883
1.04883
1.04883
1.04883
1.04883
1.04883
1.04883
1.04883
1.04883
1.04883
1.04883
1.04883
1.04883
1.04883
1.04883
1.04883
1.04883
1.04883
1.04883
1.04883
1.04883
1.04883
1.04883
1.04883
1.04883
1.04883
1.04883
1.04883
1.04883
1.04883
1.04883
1.04883
1.04883
1.04883
1.04883
1.04883
1.04883
1.04882
1.04882
1.04882
1.04881
1.0488
1.04878
1.04874
1.04867
1.04828
1.04778
1.04425
1.01649
1.09002
1.05243
1.06293
1.05726
1.0598
1.05892
1.05921
1.05884
1.0587
1.05848
1.05833
1.05819
1.05808
1.058
1.05793
1.05789
1.05785
1.05783
1.05781
1.0578
1.05779
1.05778
1.05778
1.05778
1.05778
1.05778
1.05778
1.05778
1.05778
1.05778
1.05778
1.05778
1.05778
1.05778
1.05778
1.05778
1.05778
1.05778
1.05778
1.05778
1.05778
1.05778
1.05778
1.05778
1.05778
1.05778
1.05778
1.05778
1.05778
1.05778
1.05778
1.05778
1.05778
1.05778
1.05778
1.05778
1.05778
1.05778
1.05778
1.05778
1.05778
1.05778
1.05778
1.05778
1.05778
1.05778
1.05778
1.05778
1.05778
1.05778
1.05778
1.05778
1.05778
1.05778
1.05778
1.05778
1.05778
1.05778
1.05778
1.05778
1.05778
1.05778
1.05778
1.05778
1.05778
1.05777
1.05777
1.05777
1.05777
1.05777
1.05776
1.05776
1.05775
1.05773
1.05769
1.05763
1.05729
1.05688
1.05392
1.01198
1.08681
1.05567
1.06672
1.06109
1.06357
1.06267
1.06302
1.06273
1.06268
1.06252
1.06243
1.06233
1.06226
1.06221
1.06216
1.06213
1.0621
1.06209
1.06207
1.06206
1.06206
1.06205
1.06205
1.06205
1.06205
1.06205
1.06205
1.06205
1.06205
1.06205
1.06205
1.06205
1.06205
1.06205
1.06205
1.06205
1.06205
1.06205
1.06205
1.06205
1.06205
1.06205
1.06205
1.06205
1.06205
1.06205
1.06205
1.06205
1.06205
1.06205
1.06205
1.06205
1.06205
1.06205
1.06205
1.06205
1.06205
1.06205
1.06205
1.06205
1.06205
1.06205
1.06205
1.06205
1.06205
1.06205
1.06205
1.06205
1.06205
1.06205
1.06205
1.06205
1.06205
1.06205
1.06205
1.06205
1.06205
1.06205
1.06205
1.06205
1.06205
1.06205
1.06205
1.06205
1.06205
1.06205
1.06205
1.06205
1.06204
1.06204
1.06204
1.06203
1.06203
1.06201
1.06197
1.06192
1.06164
1.06135
1.05909
1.00731
1.08238
1.05674
1.06827
1.06272
1.06513
1.0642
1.06463
1.0644
1.06443
1.06434
1.0643
1.06425
1.06421
1.06418
1.06416
1.06414
1.06412
1.06411
1.0641
1.0641
1.06409
1.06409
1.06409
1.06409
1.06409
1.06409
1.06409
1.06409
1.06409
1.06409
1.06409
1.06409
1.06409
1.06409
1.06409
1.06409
1.06409
1.06409
1.06409
1.06409
1.06409
1.06409
1.06409
1.06409
1.06409
1.06409
1.06409
1.06409
1.06409
1.06409
1.06409
1.06409
1.06409
1.06409
1.06409
1.06409
1.06409
1.06409
1.06409
1.06409
1.06409
1.06409
1.06409
1.06409
1.06409
1.06409
1.06409
1.06409
1.06409
1.06409
1.06409
1.06409
1.06409
1.06409
1.06409
1.06409
1.06409
1.06409
1.06409
1.06409
1.06409
1.06409
1.06409
1.06409
1.06409
1.06409
1.06409
1.06409
1.06409
1.06408
1.06408
1.06408
1.06407
1.06406
1.06403
1.06399
1.06379
1.06361
1.06211
1.00311
1.07781
1.05682
1.06876
1.06334
1.06565
1.06471
1.06519
1.06503
1.06512
1.06509
1.06511
1.0651
1.0651
1.06509
1.06508
1.06508
1.06507
1.06507
1.06507
1.06507
1.06506
1.06506
1.06506
1.06506
1.06506
1.06506
1.06506
1.06506
1.06506
1.06506
1.06506
1.06506
1.06506
1.06506
1.06506
1.06506
1.06506
1.06506
1.06506
1.06506
1.06506
1.06506
1.06506
1.06506
1.06506
1.06506
1.06506
1.06506
1.06506
1.06506
1.06506
1.06506
1.06506
1.06506
1.06506
1.06506
1.06506
1.06506
1.06506
1.06506
1.06506
1.06506
1.06506
1.06506
1.06506
1.06506
1.06506
1.06506
1.06506
1.06506
1.06506
1.06506
1.06506
1.06506
1.06506
1.06506
1.06506
1.06506
1.06506
1.06506
1.06506
1.06506
1.06506
1.06506
1.06506
1.06506
1.06506
1.06506
1.06506
1.06506
1.06506
1.06506
1.06505
1.06504
1.06502
1.06499
1.06489
1.06481
1.06409
0.999517
1.07354
1.05648
1.06876
1.06348
1.0657
1.06474
1.06526
1.06516
1.06533
1.06535
1.06542
1.06545
1.06548
1.06549
1.06551
1.06551
1.06552
1.06552
1.06552
1.06552
1.06553
1.06553
1.06553
1.06553
1.06553
1.06553
1.06553
1.06553
1.06553
1.06553
1.06553
1.06553
1.06553
1.06553
1.06553
1.06553
1.06553
1.06553
1.06553
1.06553
1.06553
1.06553
1.06553
1.06553
1.06553
1.06553
1.06553
1.06553
1.06553
1.06553
1.06553
1.06553
1.06553
1.06553
1.06553
1.06553
1.06553
1.06553
1.06553
1.06553
1.06553
1.06553
1.06553
1.06553
1.06553
1.06553
1.06553
1.06553
1.06553
1.06553
1.06553
1.06553
1.06553
1.06553
1.06553
1.06553
1.06553
1.06553
1.06553
1.06553
1.06553
1.06553
1.06553
1.06553
1.06553
1.06553
1.06553
1.06553
1.06553
1.06553
1.06553
1.06553
1.06553
1.06552
1.06551
1.06549
1.06548
1.06551
1.06553
0.996542
1.06976
1.05597
1.06857
1.06343
1.06555
1.06457
1.06513
1.06508
1.0653
1.06538
1.06549
1.06556
1.06562
1.06566
1.06569
1.06571
1.06572
1.06573
1.06574
1.06574
1.06574
1.06575
1.06575
1.06575
1.06575
1.06575
1.06575
1.06575
1.06575
1.06575
1.06575
1.06575
1.06575
1.06575
1.06575
1.06575
1.06575
1.06575
1.06575
1.06575
1.06575
1.06575
1.06575
1.06575
1.06575
1.06575
1.06575
1.06575
1.06575
1.06575
1.06575
1.06575
1.06575
1.06575
1.06575
1.06575
1.06575
1.06575
1.06575
1.06575
1.06575
1.06575
1.06575
1.06575
1.06575
1.06575
1.06575
1.06575
1.06575
1.06575
1.06575
1.06575
1.06575
1.06575
1.06575
1.06575
1.06575
1.06575
1.06575
1.06575
1.06575
1.06575
1.06575
1.06575
1.06575
1.06575
1.06575
1.06575
1.06575
1.06575
1.06575
1.06575
1.06576
1.06575
1.06576
1.06575
1.06583
1.06596
1.06669
0.994113
1.06649
1.05543
1.0683
1.06331
1.06533
1.06433
1.06492
1.06491
1.06519
1.06531
1.06546
1.06556
1.06565
1.06571
1.06575
1.06578
1.06581
1.06582
1.06583
1.06584
1.06585
1.06585
1.06585
1.06585
1.06585
1.06585
1.06585
1.06586
1.06586
1.06586
1.06586
1.06586
1.06586
1.06586
1.06586
1.06586
1.06586
1.06586
1.06586
1.06586
1.06586
1.06586
1.06586
1.06586
1.06586
1.06586
1.06586
1.06586
1.06586
1.06586
1.06586
1.06586
1.06586
1.06586
1.06586
1.06586
1.06586
1.06586
1.06586
1.06586
1.06586
1.06586
1.06586
1.06586
1.06586
1.06586
1.06586
1.06586
1.06586
1.06586
1.06586
1.06586
1.06586
1.06586
1.06586
1.06586
1.06586
1.06586
1.06586
1.06586
1.06586
1.06586
1.06586
1.06586
1.06586
1.06586
1.06586
1.06586
1.06586
1.06586
1.06586
1.06587
1.06587
1.06587
1.06589
1.0659
1.06606
1.06628
1.06766
0.992152
1.06373
1.05491
1.06803
1.06316
1.06509
1.06407
1.06468
1.06472
1.06504
1.06521
1.06539
1.06552
1.06563
1.06571
1.06577
1.06581
1.06584
1.06586
1.06588
1.06589
1.06589
1.0659
1.0659
1.0659
1.0659
1.0659
1.06591
1.06591
1.06591
1.06591
1.06591
1.06591
1.06591
1.06591
1.06591
1.06591
1.06591
1.06591
1.06591
1.06591
1.06591
1.06591
1.06591
1.06591
1.06591
1.06591
1.06591
1.06591
1.06591
1.06591
1.06591
1.06591
1.06591
1.06591
1.06591
1.06591
1.06591
1.06591
1.06591
1.06591
1.06591
1.06591
1.06591
1.06591
1.06591
1.06591
1.06591
1.06591
1.06591
1.06591
1.06591
1.06591
1.06591
1.06591
1.06591
1.06591
1.06591
1.06591
1.06591
1.06591
1.06591
1.06591
1.06591
1.06591
1.06591
1.06591
1.06591
1.06591
1.06591
1.06591
1.06592
1.06592
1.06593
1.06593
1.06596
1.06598
1.06623
1.06653
1.0685
0.990589
1.06144
1.05445
1.06778
1.06303
1.06486
1.06383
1.06446
1.06453
1.06489
1.06509
1.06531
1.06546
1.06559
1.06568
1.06576
1.06581
1.06585
1.06587
1.06589
1.06591
1.06591
1.06592
1.06592
1.06593
1.06593
1.06593
1.06593
1.06593
1.06593
1.06593
1.06593
1.06593
1.06593
1.06593
1.06593
1.06593
1.06593
1.06593
1.06593
1.06593
1.06593
1.06593
1.06593
1.06593
1.06593
1.06593
1.06593
1.06593
1.06593
1.06593
1.06593
1.06593
1.06593
1.06593
1.06593
1.06593
1.06593
1.06593
1.06593
1.06593
1.06593
1.06593
1.06593
1.06593
1.06593
1.06593
1.06593
1.06593
1.06593
1.06593
1.06593
1.06593
1.06593
1.06593
1.06593
1.06593
1.06593
1.06593
1.06593
1.06593
1.06593
1.06593
1.06593
1.06593
1.06593
1.06593
1.06593
1.06593
1.06594
1.06594
1.06594
1.06595
1.06596
1.06597
1.06601
1.06604
1.06636
1.06674
1.06921
0.989365
1.05959
1.05405
1.06757
1.06291
1.06467
1.06362
1.06427
1.06436
1.06476
1.06499
1.06523
1.0654
1.06555
1.06566
1.06574
1.0658
1.06585
1.06588
1.0659
1.06591
1.06592
1.06593
1.06593
1.06594
1.06594
1.06594
1.06594
1.06594
1.06594
1.06594
1.06594
1.06594
1.06594
1.06594
1.06594
1.06594
1.06594
1.06594
1.06594
1.06594
1.06594
1.06594
1.06594
1.06594
1.06594
1.06594
1.06594
1.06594
1.06594
1.06594
1.06594
1.06594
1.06594
1.06594
1.06594
1.06594
1.06594
1.06594
1.06594
1.06594
1.06594
1.06594
1.06594
1.06594
1.06594
1.06594
1.06594
1.06594
1.06594
1.06594
1.06594
1.06594
1.06594
1.06594
1.06594
1.06594
1.06594
1.06594
1.06594
1.06594
1.06594
1.06594
1.06594
1.06594
1.06594
1.06594
1.06594
1.06595
1.06595
1.06595
1.06596
1.06596
1.06598
1.06599
1.06604
1.06608
1.06647
1.06691
1.06981
0.988435
1.05815
1.05373
1.0674
1.06282
1.06451
1.06345
1.0641
1.06423
1.06464
1.0649
1.06516
1.06535
1.06551
1.06563
1.06572
1.06579
1.06584
1.06587
1.0659
1.06591
1.06593
1.06593
1.06594
1.06594
1.06594
1.06594
1.06595
1.06595
1.06595
1.06595
1.06595
1.06595
1.06595
1.06595
1.06595
1.06595
1.06595
1.06595
1.06595
1.06595
1.06595
1.06595
1.06595
1.06595
1.06595
1.06595
1.06595
1.06595
1.06595
1.06595
1.06595
1.06595
1.06595
1.06595
1.06595
1.06595
1.06595
1.06595
1.06595
1.06595
1.06595
1.06595
1.06595
1.06595
1.06595
1.06595
1.06595
1.06595
1.06595
1.06595
1.06595
1.06595
1.06595
1.06595
1.06595
1.06595
1.06595
1.06595
1.06595
1.06595
1.06595
1.06595
1.06595
1.06595
1.06595
1.06595
1.06595
1.06595
1.06595
1.06596
1.06596
1.06597
1.06599
1.066
1.06606
1.06611
1.06656
1.06704
1.07029
0.987766
1.0571
1.05348
1.06726
1.06275
1.06439
1.06332
1.06398
1.06412
1.06455
1.06483
1.0651
1.06531
1.06548
1.06561
1.06571
1.06578
1.06583
1.06587
1.0659
1.06591
1.06593
1.06593
1.06594
1.06594
1.06595
1.06595
1.06595
1.06595
1.06595
1.06595
1.06595
1.06595
1.06595
1.06595
1.06595
1.06595
1.06595
1.06595
1.06595
1.06595
1.06595
1.06595
1.06595
1.06595
1.06595
1.06595
1.06595
1.06595
1.06595
1.06595
1.06595
1.06595
1.06595
1.06595
1.06595
1.06595
1.06595
1.06595
1.06595
1.06595
1.06595
1.06595
1.06595
1.06595
1.06595
1.06595
1.06595
1.06595
1.06595
1.06595
1.06595
1.06595
1.06595
1.06595
1.06595
1.06595
1.06595
1.06595
1.06595
1.06595
1.06595
1.06595
1.06595
1.06595
1.06595
1.06595
1.06595
1.06596
1.06596
1.06596
1.06597
1.06598
1.06599
1.06601
1.06608
1.06613
1.06662
1.06714
1.07066
0.987332
1.0564
1.05332
1.06718
1.06271
1.06431
1.06324
1.0639
1.06405
1.06449
1.06478
1.06507
1.06528
1.06546
1.06559
1.0657
1.06577
1.06583
1.06587
1.06589
1.06591
1.06593
1.06594
1.06594
1.06594
1.06595
1.06595
1.06595
1.06595
1.06595
1.06595
1.06595
1.06595
1.06595
1.06595
1.06595
1.06595
1.06595
1.06595
1.06595
1.06595
1.06595
1.06595
1.06595
1.06595
1.06595
1.06595
1.06595
1.06595
1.06595
1.06595
1.06595
1.06595
1.06595
1.06595
1.06595
1.06595
1.06595
1.06595
1.06595
1.06595
1.06595
1.06595
1.06595
1.06595
1.06595
1.06595
1.06595
1.06595
1.06595
1.06595
1.06595
1.06595
1.06595
1.06595
1.06595
1.06595
1.06595
1.06595
1.06595
1.06595
1.06595
1.06595
1.06595
1.06595
1.06595
1.06595
1.06595
1.06596
1.06596
1.06596
1.06597
1.06598
1.066
1.06602
1.06609
1.06615
1.06666
1.06721
1.07091
0.987119
1.05606
1.05324
1.06713
1.06269
1.06427
1.06319
1.06386
1.06401
1.06447
1.06475
1.06505
1.06527
1.06545
1.06559
1.06569
1.06577
1.06583
1.06587
1.06589
1.06591
1.06593
1.06594
1.06594
1.06594
1.06595
1.06595
1.06595
1.06595
1.06595
1.06595
1.06595
1.06595
1.06595
1.06595
1.06595
1.06595
1.06595
1.06595
1.06595
1.06595
1.06595
1.06595
1.06595
1.06595
1.06595
1.06595
1.06595
1.06595
1.06595
1.06595
1.06595
1.06595
1.06595
1.06595
1.06595
1.06595
1.06595
1.06595
1.06595
1.06595
1.06595
1.06595
1.06595
1.06595
1.06595
1.06595
1.06595
1.06595
1.06595
1.06595
1.06595
1.06595
1.06595
1.06595
1.06595
1.06595
1.06595
1.06595
1.06595
1.06595
1.06595
1.06595
1.06595
1.06595
1.06595
1.06595
1.06596
1.06596
1.06596
1.06596
1.06597
1.06598
1.066
1.06602
1.06609
1.06616
1.06668
1.06725
1.07103
0.987119
1.05606
1.05324
1.06713
1.06269
1.06427
1.06319
1.06386
1.06401
1.06447
1.06475
1.06505
1.06527
1.06545
1.06559
1.06569
1.06577
1.06583
1.06587
1.06589
1.06591
1.06593
1.06594
1.06594
1.06594
1.06595
1.06595
1.06595
1.06595
1.06595
1.06595
1.06595
1.06595
1.06595
1.06595
1.06595
1.06595
1.06595
1.06595
1.06595
1.06595
1.06595
1.06595
1.06595
1.06595
1.06595
1.06595
1.06595
1.06595
1.06595
1.06595
1.06595
1.06595
1.06595
1.06595
1.06595
1.06595
1.06595
1.06595
1.06595
1.06595
1.06595
1.06595
1.06595
1.06595
1.06595
1.06595
1.06595
1.06595
1.06595
1.06595
1.06595
1.06595
1.06595
1.06595
1.06595
1.06595
1.06595
1.06595
1.06595
1.06595
1.06595
1.06595
1.06595
1.06595
1.06595
1.06595
1.06596
1.06596
1.06596
1.06596
1.06597
1.06598
1.066
1.06602
1.06609
1.06616
1.06668
1.06725
1.07103
0.987332
1.0564
1.05332
1.06718
1.06271
1.06431
1.06324
1.0639
1.06405
1.0645
1.06478
1.06507
1.06528
1.06546
1.06559
1.0657
1.06577
1.06583
1.06587
1.0659
1.06591
1.06593
1.06594
1.06594
1.06594
1.06595
1.06595
1.06595
1.06595
1.06595
1.06595
1.06595
1.06595
1.06595
1.06595
1.06595
1.06595
1.06595
1.06595
1.06595
1.06595
1.06595
1.06595
1.06595
1.06595
1.06595
1.06595
1.06595
1.06595
1.06595
1.06595
1.06595
1.06595
1.06595
1.06595
1.06595
1.06595
1.06595
1.06595
1.06595
1.06595
1.06595
1.06595
1.06595
1.06595
1.06595
1.06595
1.06595
1.06595
1.06595
1.06595
1.06595
1.06595
1.06595
1.06595
1.06595
1.06595
1.06595
1.06595
1.06595
1.06595
1.06595
1.06595
1.06595
1.06595
1.06595
1.06595
1.06595
1.06596
1.06596
1.06596
1.06597
1.06598
1.066
1.06601
1.06609
1.06615
1.06666
1.06721
1.07091
0.987766
1.0571
1.05348
1.06726
1.06275
1.06439
1.06332
1.06398
1.06412
1.06455
1.06483
1.0651
1.06531
1.06548
1.06561
1.06571
1.06578
1.06583
1.06587
1.0659
1.06591
1.06593
1.06593
1.06594
1.06594
1.06595
1.06595
1.06595
1.06595
1.06595
1.06595
1.06595
1.06595
1.06595
1.06595
1.06595
1.06595
1.06595
1.06595
1.06595
1.06595
1.06595
1.06595
1.06595
1.06595
1.06595
1.06595
1.06595
1.06595
1.06595
1.06595
1.06595
1.06595
1.06595
1.06595
1.06595
1.06595
1.06595
1.06595
1.06595
1.06595
1.06595
1.06595
1.06595
1.06595
1.06595
1.06595
1.06595
1.06595
1.06595
1.06595
1.06595
1.06595
1.06595
1.06595
1.06595
1.06595
1.06595
1.06595
1.06595
1.06595
1.06595
1.06595
1.06595
1.06595
1.06595
1.06595
1.06595
1.06596
1.06596
1.06596
1.06597
1.06598
1.06599
1.06601
1.06608
1.06613
1.06662
1.06714
1.07066
0.988435
1.05815
1.05373
1.06739
1.06282
1.06451
1.06345
1.0641
1.06423
1.06464
1.0649
1.06516
1.06535
1.06551
1.06563
1.06572
1.06579
1.06584
1.06587
1.0659
1.06591
1.06593
1.06593
1.06594
1.06594
1.06594
1.06594
1.06595
1.06595
1.06595
1.06595
1.06595
1.06595
1.06595
1.06595
1.06595
1.06595
1.06595
1.06595
1.06595
1.06595
1.06595
1.06595
1.06595
1.06595
1.06595
1.06595
1.06595
1.06595
1.06595
1.06595
1.06595
1.06595
1.06595
1.06595
1.06595
1.06595
1.06595
1.06595
1.06595
1.06595
1.06595
1.06595
1.06595
1.06595
1.06595
1.06595
1.06595
1.06595
1.06595
1.06595
1.06595
1.06595
1.06595
1.06595
1.06595
1.06595
1.06595
1.06595
1.06595
1.06595
1.06595
1.06595
1.06595
1.06595
1.06595
1.06595
1.06595
1.06595
1.06596
1.06596
1.06596
1.06597
1.06599
1.066
1.06606
1.06611
1.06656
1.06704
1.07029
0.989365
1.05959
1.05405
1.06757
1.06291
1.06467
1.06362
1.06427
1.06437
1.06476
1.06499
1.06523
1.0654
1.06555
1.06566
1.06574
1.0658
1.06585
1.06588
1.0659
1.06591
1.06592
1.06593
1.06593
1.06594
1.06594
1.06594
1.06594
1.06594
1.06594
1.06594
1.06594
1.06594
1.06594
1.06594
1.06594
1.06594
1.06594
1.06594
1.06594
1.06594
1.06594
1.06594
1.06594
1.06594
1.06594
1.06594
1.06594
1.06594
1.06594
1.06594
1.06594
1.06594
1.06594
1.06594
1.06594
1.06594
1.06594
1.06594
1.06594
1.06594
1.06594
1.06594
1.06594
1.06594
1.06594
1.06594
1.06594
1.06594
1.06594
1.06594
1.06594
1.06594
1.06594
1.06594
1.06594
1.06594
1.06594
1.06594
1.06594
1.06594
1.06594
1.06594
1.06594
1.06594
1.06594
1.06594
1.06595
1.06595
1.06595
1.06595
1.06596
1.06596
1.06598
1.06599
1.06604
1.06608
1.06647
1.06691
1.06981
0.990589
1.06144
1.05444
1.06778
1.06303
1.06486
1.06383
1.06446
1.06453
1.06489
1.06509
1.06531
1.06546
1.06559
1.06569
1.06576
1.06581
1.06585
1.06587
1.06589
1.06591
1.06591
1.06592
1.06592
1.06593
1.06593
1.06593
1.06593
1.06593
1.06593
1.06593
1.06593
1.06593
1.06593
1.06593
1.06593
1.06593
1.06593
1.06593
1.06593
1.06593
1.06593
1.06593
1.06593
1.06593
1.06593
1.06593
1.06593
1.06593
1.06593
1.06593
1.06593
1.06593
1.06593
1.06593
1.06593
1.06593
1.06593
1.06593
1.06593
1.06593
1.06593
1.06593
1.06593
1.06593
1.06593
1.06593
1.06593
1.06593
1.06593
1.06593
1.06593
1.06593
1.06593
1.06593
1.06593
1.06593
1.06593
1.06593
1.06593
1.06593
1.06593
1.06593
1.06593
1.06593
1.06593
1.06593
1.06593
1.06593
1.06594
1.06594
1.06594
1.06595
1.06596
1.06597
1.06601
1.06604
1.06636
1.06674
1.06921
0.992152
1.06373
1.05491
1.06803
1.06316
1.06509
1.06407
1.06468
1.06472
1.06504
1.06521
1.06539
1.06552
1.06563
1.06571
1.06577
1.06581
1.06584
1.06586
1.06588
1.06589
1.06589
1.0659
1.0659
1.0659
1.0659
1.0659
1.06591
1.06591
1.06591
1.06591
1.06591
1.06591
1.06591
1.06591
1.06591
1.06591
1.06591
1.06591
1.06591
1.06591
1.06591
1.06591
1.06591
1.06591
1.06591
1.06591
1.06591
1.06591
1.06591
1.06591
1.06591
1.06591
1.06591
1.06591
1.06591
1.06591
1.06591
1.06591
1.06591
1.06591
1.06591
1.06591
1.06591
1.06591
1.06591
1.06591
1.06591
1.06591
1.06591
1.06591
1.06591
1.06591
1.06591
1.06591
1.06591
1.06591
1.06591
1.06591
1.06591
1.06591
1.06591
1.06591
1.06591
1.06591
1.06591
1.06591
1.06591
1.06591
1.06591
1.06591
1.06592
1.06592
1.06593
1.06593
1.06596
1.06598
1.06623
1.06653
1.06849
0.994113
1.06649
1.05542
1.0683
1.06331
1.06533
1.06433
1.06492
1.06492
1.06519
1.06532
1.06547
1.06556
1.06565
1.06571
1.06575
1.06578
1.06581
1.06582
1.06583
1.06584
1.06585
1.06585
1.06585
1.06585
1.06585
1.06585
1.06585
1.06585
1.06586
1.06586
1.06586
1.06586
1.06586
1.06586
1.06586
1.06586
1.06586
1.06586
1.06586
1.06586
1.06586
1.06586
1.06586
1.06586
1.06586
1.06586
1.06586
1.06586
1.06586
1.06586
1.06586
1.06586
1.06586
1.06586
1.06586
1.06586
1.06586
1.06586
1.06586
1.06586
1.06586
1.06586
1.06586
1.06586
1.06586
1.06586
1.06586
1.06586
1.06586
1.06586
1.06586
1.06586
1.06586
1.06586
1.06586
1.06586
1.06586
1.06586
1.06586
1.06586
1.06586
1.06586
1.06586
1.06586
1.06586
1.06586
1.06586
1.06586
1.06586
1.06586
1.06586
1.06587
1.06587
1.06587
1.06589
1.06589
1.06606
1.06628
1.06766
0.996542
1.06976
1.05597
1.06857
1.06343
1.06555
1.06457
1.06513
1.06508
1.06531
1.06539
1.0655
1.06556
1.06562
1.06566
1.06569
1.06571
1.06572
1.06573
1.06574
1.06574
1.06574
1.06575
1.06575
1.06575
1.06575
1.06575
1.06575
1.06575
1.06575
1.06575
1.06575
1.06575
1.06575
1.06575
1.06575
1.06575
1.06575
1.06575
1.06575
1.06575
1.06575
1.06575
1.06575
1.06575
1.06575
1.06575
1.06575
1.06575
1.06575
1.06575
1.06575
1.06575
1.06575
1.06575
1.06575
1.06575
1.06575
1.06575
1.06575
1.06575
1.06575
1.06575
1.06575
1.06575
1.06575
1.06575
1.06575
1.06575
1.06575
1.06575
1.06575
1.06575
1.06575
1.06575
1.06575
1.06575
1.06575
1.06575
1.06575
1.06575
1.06575
1.06575
1.06575
1.06575
1.06575
1.06575
1.06575
1.06575
1.06575
1.06575
1.06575
1.06576
1.06576
1.06575
1.06576
1.06575
1.06583
1.06596
1.06669
0.999517
1.07354
1.05647
1.06876
1.06348
1.0657
1.06474
1.06527
1.06516
1.06533
1.06536
1.06542
1.06545
1.06548
1.06549
1.06551
1.06551
1.06552
1.06552
1.06552
1.06553
1.06553
1.06553
1.06553
1.06553
1.06553
1.06553
1.06553
1.06553
1.06553
1.06553
1.06553
1.06553
1.06553
1.06553
1.06553
1.06553
1.06553
1.06553
1.06553
1.06553
1.06553
1.06553
1.06553
1.06553
1.06553
1.06553
1.06553
1.06553
1.06553
1.06553
1.06553
1.06553
1.06553
1.06553
1.06553
1.06553
1.06553
1.06553
1.06553
1.06553
1.06553
1.06553
1.06553
1.06553
1.06553
1.06553
1.06553
1.06553
1.06553
1.06553
1.06553
1.06553
1.06553
1.06553
1.06553
1.06553
1.06553
1.06553
1.06553
1.06553
1.06553
1.06553
1.06553
1.06553
1.06553
1.06553
1.06553
1.06553
1.06553
1.06553
1.06553
1.06553
1.06553
1.06552
1.06551
1.06549
1.06548
1.06551
1.06553
1.00311
1.0778
1.05682
1.06875
1.06333
1.06565
1.06471
1.06519
1.06503
1.06512
1.0651
1.06511
1.0651
1.0651
1.06509
1.06509
1.06508
1.06508
1.06507
1.06507
1.06507
1.06506
1.06506
1.06506
1.06506
1.06506
1.06506
1.06506
1.06506
1.06506
1.06506
1.06506
1.06506
1.06506
1.06506
1.06506
1.06506
1.06506
1.06506
1.06506
1.06506
1.06506
1.06506
1.06506
1.06506
1.06506
1.06506
1.06506
1.06506
1.06506
1.06506
1.06506
1.06506
1.06506
1.06506
1.06506
1.06506
1.06506
1.06506
1.06506
1.06506
1.06506
1.06506
1.06506
1.06506
1.06506
1.06506
1.06506
1.06506
1.06506
1.06506
1.06506
1.06506
1.06506
1.06506
1.06506
1.06506
1.06506
1.06506
1.06506
1.06506
1.06506
1.06506
1.06506
1.06506
1.06506
1.06506
1.06506
1.06506
1.06506
1.06506
1.06506
1.06506
1.06505
1.06504
1.06502
1.06499
1.06488
1.06481
1.06408
1.00731
1.08238
1.05674
1.06827
1.06272
1.06513
1.0642
1.06463
1.0644
1.06443
1.06434
1.0643
1.06425
1.06421
1.06418
1.06416
1.06414
1.06412
1.06411
1.0641
1.0641
1.06409
1.06409
1.06409
1.06409
1.06409
1.06409
1.06409
1.06409
1.06409
1.06409
1.06409
1.06409
1.06409
1.06409
1.06409
1.06409
1.06409
1.06409
1.06409
1.06409
1.06409
1.06409
1.06409
1.06409
1.06409
1.06409
1.06409
1.06409
1.06409
1.06409
1.06409
1.06409
1.06409
1.06409
1.06409
1.06409
1.06409
1.06409
1.06409
1.06409
1.06409
1.06409
1.06409
1.06409
1.06409
1.06409
1.06409
1.06409
1.06409
1.06409
1.06409
1.06409
1.06409
1.06409
1.06409
1.06409
1.06409
1.06409
1.06409
1.06409
1.06409
1.06409
1.06409
1.06409
1.06409
1.06409
1.06409
1.06409
1.06409
1.06408
1.06408
1.06408
1.06407
1.06406
1.06403
1.06398
1.06379
1.0636
1.06211
1.01198
1.08681
1.05567
1.06672
1.06109
1.06357
1.06267
1.06302
1.06273
1.06268
1.06252
1.06243
1.06234
1.06227
1.06221
1.06216
1.06213
1.0621
1.06209
1.06207
1.06206
1.06206
1.06205
1.06205
1.06205
1.06205
1.06205
1.06205
1.06205
1.06205
1.06205
1.06205
1.06205
1.06205
1.06205
1.06205
1.06205
1.06205
1.06205
1.06205
1.06205
1.06205
1.06205
1.06205
1.06205
1.06205
1.06205
1.06205
1.06205
1.06205
1.06205
1.06205
1.06205
1.06205
1.06205
1.06205
1.06205
1.06205
1.06205
1.06205
1.06205
1.06205
1.06205
1.06205
1.06205
1.06205
1.06205
1.06205
1.06205
1.06205
1.06205
1.06205
1.06205
1.06205
1.06205
1.06205
1.06205
1.06205
1.06205
1.06205
1.06205
1.06205
1.06205
1.06205
1.06205
1.06205
1.06205
1.06205
1.06205
1.06204
1.06204
1.06204
1.06203
1.06203
1.06201
1.06197
1.06192
1.06164
1.06135
1.05909
1.01649
1.09002
1.05243
1.06293
1.05726
1.0598
1.05892
1.05921
1.05884
1.0587
1.05848
1.05833
1.05819
1.05808
1.058
1.05794
1.05789
1.05785
1.05783
1.05781
1.0578
1.05779
1.05779
1.05778
1.05778
1.05778
1.05778
1.05778
1.05778
1.05778
1.05778
1.05778
1.05778
1.05778
1.05778
1.05778
1.05778
1.05778
1.05778
1.05778
1.05778
1.05778
1.05778
1.05778
1.05778
1.05778
1.05778
1.05778
1.05778
1.05778
1.05778
1.05778
1.05778
1.05778
1.05778
1.05778
1.05778
1.05778
1.05778
1.05778
1.05778
1.05778
1.05778
1.05778
1.05778
1.05778
1.05778
1.05778
1.05778
1.05778
1.05778
1.05778
1.05778
1.05778
1.05778
1.05778
1.05778
1.05778
1.05778
1.05778
1.05778
1.05778
1.05778
1.05778
1.05778
1.05778
1.05777
1.05777
1.05777
1.05777
1.05777
1.05776
1.05776
1.05775
1.05773
1.05769
1.05763
1.05728
1.05688
1.05392
1.01914
1.08957
1.04455
1.05439
1.04878
1.05136
1.05052
1.05072
1.05027
1.05005
1.04976
1.04955
1.04937
1.04923
1.04912
1.04903
1.04897
1.04893
1.0489
1.04887
1.04886
1.04885
1.04884
1.04884
1.04884
1.04883
1.04883
1.04883
1.04883
1.04883
1.04883
1.04883
1.04883
1.04883
1.04883
1.04883
1.04883
1.04883
1.04883
1.04883
1.04883
1.04883
1.04883
1.04883
1.04883
1.04883
1.04883
1.04883
1.04883
1.04883
1.04883
1.04883
1.04883
1.04883
1.04883
1.04883
1.04883
1.04883
1.04883
1.04883
1.04883
1.04883
1.04883
1.04883
1.04883
1.04883
1.04883
1.04883
1.04883
1.04883
1.04883
1.04883
1.04883
1.04883
1.04883
1.04883
1.04883
1.04883
1.04883
1.04883
1.04883
1.04883
1.04883
1.04883
1.04883
1.04883
1.04883
1.04883
1.04883
1.04883
1.04882
1.04882
1.04881
1.0488
1.04878
1.04873
1.04867
1.04828
1.04778
1.04424
1.01572
1.08011
1.02686
1.03593
1.03052
1.03312
1.03231
1.03242
1.0319
1.0316
1.03124
1.03098
1.03075
1.03058
1.03044
1.03034
1.03027
1.03022
1.03018
1.03015
1.03014
1.03012
1.03012
1.03011
1.03011
1.03011
1.0301
1.0301
1.0301
1.0301
1.0301
1.0301
1.0301
1.0301
1.0301
1.0301
1.0301
1.0301
1.0301
1.0301
1.0301
1.0301
1.0301
1.0301
1.0301
1.0301
1.0301
1.0301
1.0301
1.0301
1.0301
1.0301
1.0301
1.0301
1.0301
1.0301
1.0301
1.0301
1.0301
1.0301
1.0301
1.0301
1.0301
1.0301
1.0301
1.0301
1.0301
1.0301
1.0301
1.0301
1.0301
1.0301
1.0301
1.0301
1.0301
1.0301
1.0301
1.0301
1.0301
1.0301
1.0301
1.0301
1.0301
1.0301
1.0301
1.0301
1.0301
1.0301
1.0301
1.0301
1.03009
1.03009
1.03008
1.03006
1.03005
1.03
1.02994
1.02952
1.02896
1.02509
0.99636
1.05016
0.988545
0.996716
0.991743
0.994295
0.993546
0.993568
0.992986
0.992605
0.992192
0.991882
0.991621
0.991423
0.99127
0.991157
0.991074
0.991015
0.990973
0.990944
0.990925
0.990912
0.990903
0.990897
0.990894
0.990891
0.99089
0.990889
0.990888
0.990888
0.990888
0.990887
0.990887
0.990887
0.990887
0.990887
0.990887
0.990887
0.990887
0.990887
0.990887
0.990887
0.990887
0.990887
0.990887
0.990887
0.990887
0.990887
0.990887
0.990887
0.990887
0.990887
0.990887
0.990888
0.990888
0.990888
0.990888
0.990888
0.990888
0.990888
0.990888
0.990888
0.990888
0.990888
0.990888
0.990887
0.990887
0.990887
0.990887
0.990887
0.990887
0.990887
0.990887
0.990887
0.990887
0.990888
0.990888
0.990888
0.990888
0.990888
0.990888
0.990888
0.990888
0.990888
0.990887
0.990887
0.990886
0.990885
0.990883
0.99088
0.990875
0.990868
0.990859
0.990846
0.990832
0.990793
0.990736
0.990325
0.989739
0.985947
0.938327
0.975247
0.907052
0.914179
0.909957
0.912368
0.9117
0.911635
0.911023
0.910595
0.910155
0.909822
0.909544
0.909335
0.909174
0.909056
0.90897
0.908908
0.908865
0.908836
0.908816
0.908803
0.908794
0.908788
0.908784
0.908782
0.90878
0.908779
0.908779
0.908778
0.908778
0.908778
0.908778
0.908778
0.908778
0.908778
0.908778
0.908778
0.908778
0.908778
0.908777
0.908777
0.908777
0.908777
0.908777
0.908777
0.908777
0.908777
0.908777
0.908778
0.908778
0.908778
0.908778
0.908778
0.908778
0.908778
0.908778
0.908778
0.908778
0.908778
0.908778
0.908778
0.908778
0.908778
0.908778
0.908778
0.908778
0.908778
0.908777
0.908777
0.908777
0.908777
0.908778
0.908778
0.908778
0.908778
0.908778
0.908778
0.908778
0.908778
0.908778
0.908778
0.908778
0.908778
0.908778
0.908777
0.908776
0.908775
0.908773
0.90877
0.908765
0.908758
0.908749
0.908737
0.908726
0.908695
0.908653
0.908284
0.907753
0.904634
0.789192
0.802641
0.735301
0.741137
0.7381
0.740144
0.739604
0.739481
0.738916
0.738507
0.738102
0.737794
0.737541
0.737351
0.737206
0.7371
0.737023
0.736968
0.73693
0.736904
0.736887
0.736875
0.736867
0.736862
0.736859
0.736857
0.736856
0.736855
0.736854
0.736854
0.736854
0.736853
0.736853
0.736853
0.736853
0.736853
0.736853
0.736853
0.736853
0.736853
0.736853
0.736853
0.736853
0.736853
0.736853
0.736853
0.736853
0.736853
0.736853
0.736853
0.736853
0.736853
0.736853
0.736853
0.736854
0.736854
0.736854
0.736854
0.736854
0.736854
0.736854
0.736854
0.736854
0.736854
0.736853
0.736853
0.736853
0.736853
0.736853
0.736853
0.736853
0.736853
0.736853
0.736853
0.736853
0.736854
0.736854
0.736854
0.736854
0.736854
0.736854
0.736854
0.736854
0.736854
0.736853
0.736853
0.736852
0.736851
0.736849
0.736846
0.736842
0.736836
0.736828
0.736819
0.736811
0.736792
0.736771
0.736491
0.736104
0.734291
0.427096
0.418175
0.375401
0.378965
0.377653
0.378783
0.378484
0.37838
0.378049
0.377806
0.377573
0.377396
0.377253
0.377146
0.377065
0.377006
0.376963
0.376934
0.376913
0.376899
0.376889
0.376883
0.376879
0.376876
0.376875
0.376873
0.376873
0.376872
0.376872
0.376872
0.376872
0.376871
0.376871
0.376871
0.376871
0.376871
0.376871
0.376871
0.376871
0.376871
0.376871
0.376871
0.376871
0.376871
0.376871
0.376871
0.376871
0.376871
0.376871
0.376871
0.376871
0.376871
0.376871
0.376872
0.376872
0.376872
0.376872
0.376872
0.376872
0.376872
0.376872
0.376872
0.376872
0.376872
0.376872
0.376872
0.376872
0.376871
0.376871
0.376871
0.376871
0.376871
0.376872
0.376872
0.376872
0.376872
0.376872
0.376872
0.376872
0.376872
0.376872
0.376872
0.376872
0.376872
0.376872
0.376871
0.376871
0.37687
0.376869
0.376868
0.376866
0.376862
0.376858
0.376853
0.37685
0.376845
0.376844
0.376714
0.376554
0.376216
)
;

boundaryField
{
    inlet
    {
        type            calculated;
        value           uniform 1;
    }
    outlet
    {
        type            calculated;
        value           nonuniform List<scalar> 
40
(
0.376218
0.734295
0.904639
0.985952
1.02509
1.04425
1.05392
1.05909
1.06211
1.06409
1.06553
1.06669
1.06766
1.0685
1.06921
1.06981
1.07029
1.07066
1.07091
1.07103
1.07103
1.07091
1.07066
1.07029
1.06981
1.06921
1.06849
1.06766
1.06669
1.06553
1.06408
1.06211
1.05909
1.05392
1.04424
1.02509
0.985947
0.904634
0.734291
0.376216
)
;
    }
    lowerWall
    {
        type            calculated;
        value           uniform 0;
    }
    upperWall
    {
        type            calculated;
        value           uniform 0;
    }
    frontAndBack
    {
        type            empty;
    }
}


// ************************************************************************* //
