/*--------------------------------*- C++ -*----------------------------------*\
| =========                 |                                                 |
| \\      /  F ield         | OpenFOAM: The Open Source CFD Toolbox           |
|  \\    /   O peration     | Version:  v1906                                 |
|   \\  /    A nd           | Web:      www.OpenFOAM.com                      |
|    \\/     M anipulation  |                                                 |
\*---------------------------------------------------------------------------*/
FoamFile
{
    version     2.0;
    format      ascii;
    class       volVectorField;
    location    "2";
    object      B;
}
// * * * * * * * * * * * * * * * * * * * * * * * * * * * * * * * * * * * * * //

dimensions      [1 0 -2 0 0 -1 0];


internalField   nonuniform List<vector> 
4000
(
(0.483068 20.0438 0)
(0.501094 19.9949 0)
(0.484717 19.9854 0)
(0.490819 19.9846 0)
(0.49177 19.9862 0)
(0.493853 19.9887 0)
(0.494431 19.991 0)
(0.494928 19.9929 0)
(0.495097 19.9943 0)
(0.495234 19.9955 0)
(0.495302 19.9964 0)
(0.495356 19.9971 0)
(0.495388 19.9977 0)
(0.49541 19.9982 0)
(0.495421 19.9986 0)
(0.495426 19.9988 0)
(0.495424 19.9991 0)
(0.495419 19.9993 0)
(0.495411 19.9994 0)
(0.495402 19.9995 0)
(0.495391 19.9996 0)
(0.49538 19.9997 0)
(0.495369 19.9998 0)
(0.495359 19.9998 0)
(0.495349 19.9999 0)
(0.495341 19.9999 0)
(0.495333 19.9999 0)
(0.495326 19.9999 0)
(0.49532 20 0)
(0.495315 20 0)
(0.49531 20 0)
(0.495306 20 0)
(0.495303 20 0)
(0.4953 20 0)
(0.495298 20 0)
(0.495296 20 0)
(0.495295 20 0)
(0.495294 20 0)
(0.495293 20 0)
(0.495292 20 0)
(0.495291 20 0)
(0.495291 20 0)
(0.49529 20 0)
(0.49529 20 0)
(0.49529 20 0)
(0.49529 20 0)
(0.49529 20 0)
(0.49529 20 0)
(0.495289 20 0)
(0.495289 20 0)
(0.495289 20 0)
(0.495289 20 0)
(0.495289 20 0)
(0.495289 20 0)
(0.495289 20 0)
(0.495289 20 0)
(0.495289 20 0)
(0.495289 20 0)
(0.495289 20 0)
(0.495289 20 0)
(0.495289 20 0)
(0.495289 20 0)
(0.495289 20 0)
(0.495289 20 0)
(0.495289 20 0)
(0.495289 20 0)
(0.495289 20 0)
(0.495289 20 0)
(0.495289 20 0)
(0.495289 20 0)
(0.495289 20 0)
(0.495289 20 0)
(0.495289 20 0)
(0.495289 20 0)
(0.495289 20 0)
(0.495289 20 0)
(0.495289 20 0)
(0.495289 20 0)
(0.495289 20 0)
(0.495289 20 0)
(0.495289 20 0)
(0.495289 20 0)
(0.495289 20 0)
(0.495289 20 0)
(0.495289 20 0)
(0.495289 20 0)
(0.495289 20 0)
(0.495289 20 0)
(0.495289 20 0)
(0.495289 20 0)
(0.49529 20 0)
(0.495292 20 0)
(0.495296 20 0)
(0.495305 20 0)
(0.495324 19.9999 0)
(0.495353 19.9999 0)
(0.495402 20 0)
(0.495374 20.0002 0)
(0.495265 20.0005 0)
(0.494406 20.0007 0)
(0.84297 20.0116 0)
(0.895669 19.9668 0)
(0.897654 19.9546 0)
(0.912814 19.954 0)
(0.917298 19.9595 0)
(0.922008 19.967 0)
(0.923967 19.9737 0)
(0.925503 19.9793 0)
(0.926369 19.9838 0)
(0.927056 19.9873 0)
(0.927542 19.99 0)
(0.927929 19.9922 0)
(0.928224 19.9939 0)
(0.928453 19.9953 0)
(0.928627 19.9964 0)
(0.928759 19.9973 0)
(0.928856 19.998 0)
(0.928927 19.9986 0)
(0.928976 19.9991 0)
(0.92901 19.9994 0)
(0.929032 19.9997 0)
(0.929045 20 0)
(0.929051 20.0001 0)
(0.929053 20.0003 0)
(0.929053 20.0004 0)
(0.92905 20.0005 0)
(0.929046 20.0006 0)
(0.929042 20.0006 0)
(0.929037 20.0007 0)
(0.929033 20.0007 0)
(0.929029 20.0007 0)
(0.929025 20.0007 0)
(0.929022 20.0008 0)
(0.929019 20.0008 0)
(0.929017 20.0008 0)
(0.929014 20.0008 0)
(0.929013 20.0008 0)
(0.929011 20.0008 0)
(0.92901 20.0008 0)
(0.929009 20.0008 0)
(0.929008 20.0008 0)
(0.929008 20.0008 0)
(0.929007 20.0008 0)
(0.929007 20.0008 0)
(0.929007 20.0008 0)
(0.929006 20.0008 0)
(0.929006 20.0008 0)
(0.929006 20.0008 0)
(0.929006 20.0008 0)
(0.929006 20.0008 0)
(0.929006 20.0008 0)
(0.929006 20.0008 0)
(0.929006 20.0008 0)
(0.929006 20.0008 0)
(0.929006 20.0008 0)
(0.929006 20.0008 0)
(0.929006 20.0008 0)
(0.929006 20.0008 0)
(0.929006 20.0008 0)
(0.929005 20.0008 0)
(0.929005 20.0008 0)
(0.929005 20.0008 0)
(0.929005 20.0008 0)
(0.929005 20.0008 0)
(0.929005 20.0008 0)
(0.929005 20.0008 0)
(0.929006 20.0008 0)
(0.929006 20.0008 0)
(0.929006 20.0008 0)
(0.929006 20.0008 0)
(0.929006 20.0008 0)
(0.929006 20.0008 0)
(0.929006 20.0008 0)
(0.929006 20.0008 0)
(0.929006 20.0008 0)
(0.929006 20.0008 0)
(0.929005 20.0008 0)
(0.929005 20.0008 0)
(0.929005 20.0008 0)
(0.929005 20.0008 0)
(0.929005 20.0008 0)
(0.929005 20.0008 0)
(0.929006 20.0008 0)
(0.929006 20.0008 0)
(0.929006 20.0008 0)
(0.929007 20.0008 0)
(0.929008 20.0008 0)
(0.929009 20.0008 0)
(0.929012 20.0008 0)
(0.929016 20.0008 0)
(0.929022 20.0008 0)
(0.929034 20.0007 0)
(0.929053 20.0007 0)
(0.929087 20.0007 0)
(0.929148 20.0006 0)
(0.929248 20.0006 0)
(0.929411 20.0008 0)
(0.929531 20.0013 0)
(0.929514 20.0022 0)
(0.927901 20.003 0)
(0.947614 19.9201 0)
(1.01618 19.921 0)
(1.04464 19.9189 0)
(1.06816 19.922 0)
(1.0768 19.9323 0)
(1.08357 19.9447 0)
(1.08688 19.9559 0)
(1.0894 19.9652 0)
(1.09103 19.9725 0)
(1.09233 19.9783 0)
(1.09331 19.9829 0)
(1.0941 19.9866 0)
(1.09472 19.9895 0)
(1.09521 19.9918 0)
(1.09559 19.9936 0)
(1.09589 19.9951 0)
(1.09612 19.9963 0)
(1.0963 19.9973 0)
(1.09643 19.998 0)
(1.09653 19.9986 0)
(1.09661 19.9991 0)
(1.09666 19.9995 0)
(1.0967 19.9998 0)
(1.09673 20.0001 0)
(1.09675 20.0002 0)
(1.09676 20.0004 0)
(1.09677 20.0005 0)
(1.09677 20.0006 0)
(1.09678 20.0007 0)
(1.09678 20.0007 0)
(1.09678 20.0008 0)
(1.09678 20.0008 0)
(1.09678 20.0008 0)
(1.09678 20.0009 0)
(1.09678 20.0009 0)
(1.09677 20.0009 0)
(1.09677 20.0009 0)
(1.09677 20.0009 0)
(1.09677 20.0009 0)
(1.09677 20.0009 0)
(1.09677 20.0009 0)
(1.09677 20.0009 0)
(1.09677 20.0009 0)
(1.09677 20.0009 0)
(1.09677 20.0009 0)
(1.09677 20.0009 0)
(1.09677 20.0009 0)
(1.09677 20.0009 0)
(1.09677 20.0009 0)
(1.09677 20.0009 0)
(1.09677 20.0009 0)
(1.09677 20.0009 0)
(1.09677 20.0009 0)
(1.09677 20.0009 0)
(1.09677 20.0009 0)
(1.09677 20.0009 0)
(1.09677 20.0009 0)
(1.09677 20.0009 0)
(1.09677 20.0009 0)
(1.09677 20.0009 0)
(1.09677 20.0009 0)
(1.09677 20.0009 0)
(1.09677 20.0009 0)
(1.09677 20.0009 0)
(1.09677 20.0009 0)
(1.09677 20.0009 0)
(1.09677 20.0009 0)
(1.09677 20.0009 0)
(1.09677 20.0009 0)
(1.09677 20.0009 0)
(1.09677 20.0009 0)
(1.09677 20.0009 0)
(1.09677 20.0009 0)
(1.09677 20.0009 0)
(1.09677 20.0009 0)
(1.09677 20.0009 0)
(1.09677 20.0009 0)
(1.09677 20.0009 0)
(1.09677 20.0009 0)
(1.09677 20.0009 0)
(1.09677 20.0009 0)
(1.09677 20.0009 0)
(1.09677 20.0009 0)
(1.09677 20.0009 0)
(1.09677 20.0009 0)
(1.09677 20.0009 0)
(1.09678 20.0009 0)
(1.09678 20.0009 0)
(1.09678 20.0009 0)
(1.09679 20.0009 0)
(1.09681 20.0009 0)
(1.09683 20.0008 0)
(1.09687 20.0008 0)
(1.09693 20.0007 0)
(1.09704 20.0006 0)
(1.09722 20.0006 0)
(1.09752 20.0009 0)
(1.09792 20.0016 0)
(1.09826 20.003 0)
(1.09707 20.0044 0)
(0.945998 19.8198 0)
(1.01675 19.8639 0)
(1.06623 19.8785 0)
(1.097 19.8888 0)
(1.10981 19.9051 0)
(1.11839 19.9225 0)
(1.12294 19.938 0)
(1.12634 19.9508 0)
(1.12869 19.9611 0)
(1.13057 19.9691 0)
(1.13203 19.9755 0)
(1.13321 19.9806 0)
(1.13414 19.9847 0)
(1.13489 19.9879 0)
(1.13549 19.9905 0)
(1.13596 19.9926 0)
(1.13632 19.9943 0)
(1.13661 19.9956 0)
(1.13683 19.9967 0)
(1.137 19.9975 0)
(1.13714 19.9982 0)
(1.13724 19.9988 0)
(1.13731 19.9992 0)
(1.13737 19.9995 0)
(1.13741 19.9998 0)
(1.13744 20 0)
(1.13746 20.0002 0)
(1.13748 20.0003 0)
(1.13749 20.0004 0)
(1.1375 20.0005 0)
(1.1375 20.0005 0)
(1.13751 20.0006 0)
(1.13751 20.0006 0)
(1.13751 20.0007 0)
(1.13751 20.0007 0)
(1.13751 20.0007 0)
(1.13752 20.0007 0)
(1.13752 20.0007 0)
(1.13752 20.0007 0)
(1.13752 20.0007 0)
(1.13752 20.0007 0)
(1.13752 20.0008 0)
(1.13752 20.0008 0)
(1.13752 20.0008 0)
(1.13752 20.0008 0)
(1.13752 20.0008 0)
(1.13752 20.0008 0)
(1.13752 20.0008 0)
(1.13752 20.0008 0)
(1.13752 20.0008 0)
(1.13752 20.0008 0)
(1.13752 20.0008 0)
(1.13752 20.0008 0)
(1.13752 20.0008 0)
(1.13752 20.0008 0)
(1.13752 20.0008 0)
(1.13752 20.0008 0)
(1.13752 20.0008 0)
(1.13752 20.0008 0)
(1.13752 20.0008 0)
(1.13752 20.0008 0)
(1.13752 20.0008 0)
(1.13752 20.0008 0)
(1.13752 20.0008 0)
(1.13752 20.0008 0)
(1.13752 20.0008 0)
(1.13752 20.0008 0)
(1.13752 20.0008 0)
(1.13752 20.0008 0)
(1.13752 20.0008 0)
(1.13752 20.0008 0)
(1.13752 20.0008 0)
(1.13752 20.0008 0)
(1.13752 20.0008 0)
(1.13752 20.0008 0)
(1.13752 20.0008 0)
(1.13752 20.0008 0)
(1.13752 20.0008 0)
(1.13752 20.0008 0)
(1.13752 20.0008 0)
(1.13752 20.0008 0)
(1.13752 20.0008 0)
(1.13752 20.0008 0)
(1.13752 20.0008 0)
(1.13752 20.0008 0)
(1.13752 20.0007 0)
(1.13753 20.0007 0)
(1.13753 20.0007 0)
(1.13754 20.0007 0)
(1.13755 20.0007 0)
(1.13757 20.0007 0)
(1.13761 20.0006 0)
(1.13766 20.0005 0)
(1.13775 20.0004 0)
(1.13791 20.0004 0)
(1.13818 20.0003 0)
(1.13866 20.0006 0)
(1.1394 20.0014 0)
(1.14031 20.0032 0)
(1.14035 20.005 0)
(0.901551 19.7277 0)
(0.967285 19.802 0)
(1.03007 19.8349 0)
(1.06648 19.8551 0)
(1.08305 19.8781 0)
(1.09323 19.9007 0)
(1.09888 19.9205 0)
(1.10303 19.9368 0)
(1.106 19.9498 0)
(1.10839 19.9601 0)
(1.11028 19.9683 0)
(1.1118 19.9748 0)
(1.11302 19.98 0)
(1.114 19.9842 0)
(1.11478 19.9875 0)
(1.11541 19.9902 0)
(1.1159 19.9923 0)
(1.11629 19.994 0)
(1.11659 19.9954 0)
(1.11683 19.9965 0)
(1.11701 19.9973 0)
(1.11715 19.998 0)
(1.11726 19.9986 0)
(1.11734 19.999 0)
(1.11741 19.9994 0)
(1.11746 19.9996 0)
(1.11749 19.9999 0)
(1.11752 20 0)
(1.11754 20.0002 0)
(1.11756 20.0003 0)
(1.11757 20.0004 0)
(1.11758 20.0004 0)
(1.11758 20.0005 0)
(1.11759 20.0005 0)
(1.11759 20.0005 0)
(1.11759 20.0006 0)
(1.1176 20.0006 0)
(1.1176 20.0006 0)
(1.1176 20.0006 0)
(1.1176 20.0006 0)
(1.1176 20.0006 0)
(1.1176 20.0006 0)
(1.1176 20.0006 0)
(1.1176 20.0006 0)
(1.1176 20.0006 0)
(1.1176 20.0006 0)
(1.1176 20.0006 0)
(1.1176 20.0006 0)
(1.1176 20.0006 0)
(1.1176 20.0006 0)
(1.1176 20.0006 0)
(1.1176 20.0006 0)
(1.1176 20.0006 0)
(1.1176 20.0006 0)
(1.1176 20.0006 0)
(1.1176 20.0006 0)
(1.1176 20.0006 0)
(1.1176 20.0006 0)
(1.1176 20.0006 0)
(1.1176 20.0006 0)
(1.1176 20.0006 0)
(1.1176 20.0006 0)
(1.1176 20.0006 0)
(1.1176 20.0006 0)
(1.1176 20.0006 0)
(1.1176 20.0006 0)
(1.1176 20.0006 0)
(1.1176 20.0006 0)
(1.1176 20.0006 0)
(1.1176 20.0006 0)
(1.1176 20.0006 0)
(1.1176 20.0006 0)
(1.1176 20.0006 0)
(1.1176 20.0006 0)
(1.1176 20.0006 0)
(1.1176 20.0006 0)
(1.1176 20.0006 0)
(1.1176 20.0006 0)
(1.1176 20.0006 0)
(1.1176 20.0006 0)
(1.1176 20.0006 0)
(1.1176 20.0006 0)
(1.1176 20.0006 0)
(1.1176 20.0006 0)
(1.11761 20.0006 0)
(1.11761 20.0006 0)
(1.11761 20.0006 0)
(1.11762 20.0006 0)
(1.11763 20.0006 0)
(1.11765 20.0005 0)
(1.11768 20.0005 0)
(1.11772 20.0004 0)
(1.11779 20.0003 0)
(1.11791 20.0002 0)
(1.11812 20.0001 0)
(1.11849 20 0)
(1.11914 20.0002 0)
(1.12027 20.0011 0)
(1.12184 20.003 0)
(1.12341 20.0049 0)
(0.841292 19.6468 0)
(0.899102 19.7396 0)
(0.968518 19.7898 0)
(1.00877 19.8213 0)
(1.02843 19.8516 0)
(1.03996 19.8795 0)
(1.04655 19.9035 0)
(1.05132 19.9231 0)
(1.05481 19.9388 0)
(1.05761 19.9513 0)
(1.05984 19.9612 0)
(1.06166 19.9691 0)
(1.06311 19.9754 0)
(1.06429 19.9805 0)
(1.06523 19.9846 0)
(1.06598 19.9878 0)
(1.06657 19.9904 0)
(1.06705 19.9925 0)
(1.06742 19.9942 0)
(1.06771 19.9955 0)
(1.06794 19.9966 0)
(1.06812 19.9974 0)
(1.06826 19.9981 0)
(1.06836 19.9986 0)
(1.06845 19.999 0)
(1.06851 19.9994 0)
(1.06856 19.9996 0)
(1.0686 19.9998 0)
(1.06862 20 0)
(1.06865 20.0001 0)
(1.06866 20.0002 0)
(1.06867 20.0003 0)
(1.06868 20.0004 0)
(1.06869 20.0004 0)
(1.0687 20.0005 0)
(1.0687 20.0005 0)
(1.0687 20.0005 0)
(1.06871 20.0005 0)
(1.06871 20.0005 0)
(1.06871 20.0005 0)
(1.06871 20.0006 0)
(1.06871 20.0006 0)
(1.06871 20.0006 0)
(1.06871 20.0006 0)
(1.06871 20.0006 0)
(1.06871 20.0006 0)
(1.06871 20.0006 0)
(1.06871 20.0006 0)
(1.06871 20.0006 0)
(1.06871 20.0006 0)
(1.06871 20.0006 0)
(1.06871 20.0006 0)
(1.06871 20.0006 0)
(1.06871 20.0006 0)
(1.06871 20.0006 0)
(1.06871 20.0006 0)
(1.06871 20.0006 0)
(1.06871 20.0006 0)
(1.06871 20.0006 0)
(1.06871 20.0006 0)
(1.06871 20.0006 0)
(1.06871 20.0006 0)
(1.06871 20.0006 0)
(1.06871 20.0006 0)
(1.06871 20.0006 0)
(1.06871 20.0006 0)
(1.06871 20.0006 0)
(1.06871 20.0006 0)
(1.06871 20.0006 0)
(1.06871 20.0006 0)
(1.06871 20.0006 0)
(1.06871 20.0006 0)
(1.06871 20.0006 0)
(1.06871 20.0006 0)
(1.06871 20.0006 0)
(1.06871 20.0006 0)
(1.06871 20.0006 0)
(1.06871 20.0006 0)
(1.06871 20.0006 0)
(1.06871 20.0006 0)
(1.06871 20.0006 0)
(1.06871 20.0006 0)
(1.06871 20.0006 0)
(1.06872 20.0006 0)
(1.06872 20.0006 0)
(1.06872 20.0006 0)
(1.06873 20.0005 0)
(1.06874 20.0005 0)
(1.06875 20.0005 0)
(1.06877 20.0005 0)
(1.06881 20.0004 0)
(1.06886 20.0003 0)
(1.06895 20.0002 0)
(1.06909 20.0001 0)
(1.06935 19.9999 0)
(1.06981 19.9998 0)
(1.07064 19.9999 0)
(1.07216 20.0006 0)
(1.0744 20.0024 0)
(1.07746 20.0043 0)
(0.776505 19.5769 0)
(0.825841 19.6792 0)
(0.8969 19.7445 0)
(0.93927 19.7877 0)
(0.961221 19.8258 0)
(0.97382 19.8589 0)
(0.981151 19.887 0)
(0.986406 19.9099 0)
(0.990294 19.9282 0)
(0.993416 19.9427 0)
(0.995913 19.9543 0)
(0.997944 19.9636 0)
(0.999584 19.971 0)
(1.00091 19.977 0)
(1.00197 19.9817 0)
(1.00282 19.9856 0)
(1.0035 19.9886 0)
(1.00404 19.991 0)
(1.00447 19.993 0)
(1.00481 19.9946 0)
(1.00507 19.9958 0)
(1.00528 19.9968 0)
(1.00544 19.9976 0)
(1.00556 19.9982 0)
(1.00566 19.9987 0)
(1.00574 19.9991 0)
(1.0058 19.9994 0)
(1.00584 19.9997 0)
(1.00587 19.9999 0)
(1.0059 20 0)
(1.00592 20.0001 0)
(1.00594 20.0002 0)
(1.00595 20.0003 0)
(1.00596 20.0004 0)
(1.00597 20.0004 0)
(1.00597 20.0004 0)
(1.00597 20.0005 0)
(1.00598 20.0005 0)
(1.00598 20.0005 0)
(1.00598 20.0005 0)
(1.00598 20.0005 0)
(1.00598 20.0005 0)
(1.00599 20.0005 0)
(1.00599 20.0005 0)
(1.00599 20.0005 0)
(1.00599 20.0005 0)
(1.00599 20.0005 0)
(1.00599 20.0005 0)
(1.00599 20.0005 0)
(1.00599 20.0005 0)
(1.00599 20.0006 0)
(1.00599 20.0006 0)
(1.00599 20.0006 0)
(1.00599 20.0006 0)
(1.00599 20.0006 0)
(1.00599 20.0006 0)
(1.00599 20.0006 0)
(1.00599 20.0006 0)
(1.00599 20.0006 0)
(1.00599 20.0006 0)
(1.00599 20.0006 0)
(1.00599 20.0006 0)
(1.00599 20.0006 0)
(1.00599 20.0006 0)
(1.00599 20.0006 0)
(1.00599 20.0006 0)
(1.00599 20.0006 0)
(1.00599 20.0006 0)
(1.00599 20.0006 0)
(1.00599 20.0006 0)
(1.00599 20.0006 0)
(1.00599 20.0006 0)
(1.00599 20.0006 0)
(1.00599 20.0006 0)
(1.00599 20.0006 0)
(1.00599 20.0006 0)
(1.00599 20.0006 0)
(1.00599 20.0006 0)
(1.00599 20.0006 0)
(1.00599 20.0005 0)
(1.00599 20.0005 0)
(1.00599 20.0005 0)
(1.00599 20.0005 0)
(1.00599 20.0005 0)
(1.006 20.0005 0)
(1.006 20.0005 0)
(1.00601 20.0005 0)
(1.00602 20.0005 0)
(1.00603 20.0005 0)
(1.00606 20.0004 0)
(1.0061 20.0004 0)
(1.00616 20.0003 0)
(1.00626 20.0001 0)
(1.00643 19.9999 0)
(1.00673 19.9997 0)
(1.00728 19.9995 0)
(1.00828 19.9995 0)
(1.01015 20 0)
(1.01301 20.0015 0)
(1.01732 20.003 0)
(0.711637 19.5167 0)
(0.753054 19.6224 0)
(0.822345 19.7001 0)
(0.8653 19.7549 0)
(0.888727 19.8007 0)
(0.902062 19.8392 0)
(0.909936 19.8713 0)
(0.915531 19.8972 0)
(0.919696 19.918 0)
(0.923037 19.9345 0)
(0.92572 19.9478 0)
(0.927905 19.9583 0)
(0.929673 19.9668 0)
(0.931103 19.9736 0)
(0.932254 19.979 0)
(0.933178 19.9834 0)
(0.933916 19.9869 0)
(0.934503 19.9896 0)
(0.934969 19.9919 0)
(0.935337 19.9937 0)
(0.935627 19.9951 0)
(0.935855 19.9962 0)
(0.936033 19.9971 0)
(0.936173 19.9979 0)
(0.936282 19.9984 0)
(0.936367 19.9989 0)
(0.936432 19.9992 0)
(0.936484 19.9995 0)
(0.936523 19.9997 0)
(0.936554 19.9999 0)
(0.936577 20.0001 0)
(0.936595 20.0002 0)
(0.936609 20.0003 0)
(0.93662 20.0003 0)
(0.936628 20.0004 0)
(0.936634 20.0004 0)
(0.936639 20.0004 0)
(0.936643 20.0005 0)
(0.936646 20.0005 0)
(0.936648 20.0005 0)
(0.936649 20.0005 0)
(0.936651 20.0005 0)
(0.936652 20.0005 0)
(0.936652 20.0005 0)
(0.936653 20.0005 0)
(0.936653 20.0005 0)
(0.936654 20.0005 0)
(0.936654 20.0005 0)
(0.936654 20.0005 0)
(0.936654 20.0005 0)
(0.936654 20.0005 0)
(0.936655 20.0005 0)
(0.936655 20.0005 0)
(0.936654 20.0005 0)
(0.936654 20.0005 0)
(0.936654 20.0005 0)
(0.936654 20.0005 0)
(0.936654 20.0005 0)
(0.936654 20.0005 0)
(0.936654 20.0005 0)
(0.936654 20.0005 0)
(0.936654 20.0005 0)
(0.936654 20.0005 0)
(0.936654 20.0005 0)
(0.936654 20.0005 0)
(0.936654 20.0005 0)
(0.936655 20.0005 0)
(0.936655 20.0005 0)
(0.936655 20.0005 0)
(0.936655 20.0005 0)
(0.936655 20.0005 0)
(0.936655 20.0005 0)
(0.936655 20.0005 0)
(0.936655 20.0005 0)
(0.936655 20.0005 0)
(0.936655 20.0005 0)
(0.936655 20.0005 0)
(0.936655 20.0005 0)
(0.936655 20.0005 0)
(0.936655 20.0005 0)
(0.936656 20.0005 0)
(0.936657 20.0005 0)
(0.936658 20.0005 0)
(0.93666 20.0005 0)
(0.936664 20.0005 0)
(0.936669 20.0005 0)
(0.936676 20.0005 0)
(0.936688 20.0005 0)
(0.936705 20.0004 0)
(0.936732 20.0004 0)
(0.936774 20.0003 0)
(0.936842 20.0002 0)
(0.936953 20 0)
(0.937144 19.9998 0)
(0.93748 19.9995 0)
(0.938107 19.9992 0)
(0.939254 19.999 0)
(0.941437 19.9992 0)
(0.944798 20.0003 0)
(0.950057 20.0013 0)
(0.648222 19.4649 0)
(0.682685 19.57 0)
(0.748037 19.6576 0)
(0.790303 19.7232 0)
(0.814415 19.7766 0)
(0.82814 19.8204 0)
(0.836344 19.8562 0)
(0.842134 19.8851 0)
(0.846458 19.9082 0)
(0.849924 19.9267 0)
(0.852713 19.9415 0)
(0.854986 19.9533 0)
(0.856828 19.9627 0)
(0.858321 19.9703 0)
(0.859525 19.9764 0)
(0.860491 19.9813 0)
(0.861265 19.9852 0)
(0.861881 19.9883 0)
(0.862371 19.9908 0)
(0.862759 19.9928 0)
(0.863065 19.9944 0)
(0.863307 19.9957 0)
(0.863496 19.9967 0)
(0.863645 19.9975 0)
(0.863761 19.9981 0)
(0.863852 19.9987 0)
(0.863923 19.9991 0)
(0.863978 19.9994 0)
(0.864021 19.9996 0)
(0.864054 19.9998 0)
(0.86408 20 0)
(0.8641 20.0001 0)
(0.864115 20.0002 0)
(0.864127 20.0003 0)
(0.864136 20.0003 0)
(0.864143 20.0004 0)
(0.864148 20.0004 0)
(0.864152 20.0004 0)
(0.864155 20.0005 0)
(0.864158 20.0005 0)
(0.86416 20.0005 0)
(0.864161 20.0005 0)
(0.864162 20.0005 0)
(0.864163 20.0005 0)
(0.864164 20.0005 0)
(0.864164 20.0005 0)
(0.864165 20.0005 0)
(0.864165 20.0005 0)
(0.864165 20.0005 0)
(0.864165 20.0005 0)
(0.864166 20.0005 0)
(0.864166 20.0005 0)
(0.864166 20.0005 0)
(0.864166 20.0005 0)
(0.864166 20.0005 0)
(0.864166 20.0005 0)
(0.864165 20.0005 0)
(0.864165 20.0005 0)
(0.864165 20.0005 0)
(0.864165 20.0005 0)
(0.864165 20.0005 0)
(0.864165 20.0005 0)
(0.864165 20.0005 0)
(0.864165 20.0005 0)
(0.864165 20.0005 0)
(0.864166 20.0005 0)
(0.864166 20.0005 0)
(0.864166 20.0005 0)
(0.864166 20.0005 0)
(0.864166 20.0005 0)
(0.864166 20.0005 0)
(0.864166 20.0005 0)
(0.864166 20.0005 0)
(0.864166 20.0005 0)
(0.864166 20.0005 0)
(0.864166 20.0005 0)
(0.864166 20.0005 0)
(0.864166 20.0005 0)
(0.864166 20.0005 0)
(0.864167 20.0005 0)
(0.864167 20.0005 0)
(0.864168 20.0005 0)
(0.86417 20.0005 0)
(0.864172 20.0005 0)
(0.864176 20.0005 0)
(0.864181 20.0005 0)
(0.864189 20.0005 0)
(0.864201 20.0005 0)
(0.864219 20.0004 0)
(0.864248 20.0004 0)
(0.864292 20.0003 0)
(0.864365 20.0001 0)
(0.864484 19.9999 0)
(0.864691 19.9997 0)
(0.865056 19.9993 0)
(0.865746 19.9989 0)
(0.867008 19.9985 0)
(0.869431 19.9983 0)
(0.873172 19.9988 0)
(0.879066 19.9993 0)
(0.586605 19.4204 0)
(0.615145 19.5223 0)
(0.675275 19.6177 0)
(0.715838 19.6931 0)
(0.73991 19.7538 0)
(0.753678 19.8026 0)
(0.761997 19.8421 0)
(0.767839 19.8737 0)
(0.772209 19.899 0)
(0.775707 19.9193 0)
(0.778525 19.9355 0)
(0.780824 19.9485 0)
(0.782691 19.9589 0)
(0.784205 19.9672 0)
(0.785426 19.9739 0)
(0.786409 19.9793 0)
(0.787196 19.9836 0)
(0.787824 19.987 0)
(0.788323 19.9898 0)
(0.788719 19.992 0)
(0.789033 19.9938 0)
(0.78928 19.9952 0)
(0.789475 19.9963 0)
(0.789628 19.9972 0)
(0.789747 19.9979 0)
(0.789841 19.9984 0)
(0.789915 19.9989 0)
(0.789972 19.9992 0)
(0.790017 19.9995 0)
(0.790051 19.9997 0)
(0.790078 19.9999 0)
(0.790099 20.0001 0)
(0.790115 20.0002 0)
(0.790128 20.0002 0)
(0.790137 20.0003 0)
(0.790145 20.0004 0)
(0.790151 20.0004 0)
(0.790155 20.0004 0)
(0.790158 20.0005 0)
(0.790161 20.0005 0)
(0.790163 20.0005 0)
(0.790165 20.0005 0)
(0.790166 20.0005 0)
(0.790167 20.0005 0)
(0.790167 20.0005 0)
(0.790168 20.0005 0)
(0.790168 20.0005 0)
(0.790169 20.0005 0)
(0.790169 20.0005 0)
(0.790169 20.0005 0)
(0.790169 20.0005 0)
(0.790169 20.0005 0)
(0.790169 20.0005 0)
(0.790169 20.0005 0)
(0.790169 20.0005 0)
(0.790169 20.0005 0)
(0.790169 20.0005 0)
(0.790169 20.0005 0)
(0.790169 20.0005 0)
(0.790169 20.0005 0)
(0.790169 20.0005 0)
(0.790169 20.0005 0)
(0.790169 20.0005 0)
(0.790169 20.0005 0)
(0.790169 20.0005 0)
(0.790169 20.0005 0)
(0.790169 20.0005 0)
(0.790169 20.0005 0)
(0.79017 20.0005 0)
(0.79017 20.0005 0)
(0.79017 20.0005 0)
(0.79017 20.0005 0)
(0.79017 20.0005 0)
(0.79017 20.0005 0)
(0.79017 20.0005 0)
(0.79017 20.0005 0)
(0.79017 20.0005 0)
(0.79017 20.0005 0)
(0.79017 20.0005 0)
(0.79017 20.0005 0)
(0.790171 20.0005 0)
(0.790172 20.0005 0)
(0.790174 20.0005 0)
(0.790176 20.0005 0)
(0.79018 20.0005 0)
(0.790185 20.0005 0)
(0.790193 20.0005 0)
(0.790206 20.0004 0)
(0.790224 20.0004 0)
(0.790254 20.0003 0)
(0.7903 20.0002 0)
(0.790375 20.0001 0)
(0.790499 19.9999 0)
(0.790716 19.9996 0)
(0.791103 19.9991 0)
(0.791835 19.9986 0)
(0.793178 19.9979 0)
(0.795761 19.9974 0)
(0.799744 19.9971 0)
(0.805982 19.997 0)
(0.526678 19.3821 0)
(0.550241 19.4795 0)
(0.604473 19.5807 0)
(0.64255 19.6649 0)
(0.665942 19.7324 0)
(0.679419 19.786 0)
(0.687644 19.8289 0)
(0.693397 19.8631 0)
(0.697706 19.8905 0)
(0.70115 19.9124 0)
(0.703927 19.9299 0)
(0.706194 19.944 0)
(0.708036 19.9553 0)
(0.709531 19.9644 0)
(0.710739 19.9716 0)
(0.711711 19.9774 0)
(0.712491 19.9821 0)
(0.713113 19.9858 0)
(0.713609 19.9888 0)
(0.714003 19.9912 0)
(0.714314 19.9931 0)
(0.714561 19.9947 0)
(0.714755 19.9959 0)
(0.714907 19.9969 0)
(0.715027 19.9976 0)
(0.715121 19.9982 0)
(0.715195 19.9987 0)
(0.715253 19.9991 0)
(0.715298 19.9994 0)
(0.715333 19.9997 0)
(0.71536 19.9999 0)
(0.715381 20 0)
(0.715398 20.0001 0)
(0.71541 20.0002 0)
(0.71542 20.0003 0)
(0.715428 20.0003 0)
(0.715434 20.0004 0)
(0.715438 20.0004 0)
(0.715442 20.0004 0)
(0.715445 20.0005 0)
(0.715447 20.0005 0)
(0.715448 20.0005 0)
(0.715449 20.0005 0)
(0.71545 20.0005 0)
(0.715451 20.0005 0)
(0.715452 20.0005 0)
(0.715452 20.0005 0)
(0.715453 20.0005 0)
(0.715453 20.0005 0)
(0.715453 20.0005 0)
(0.715453 20.0005 0)
(0.715453 20.0005 0)
(0.715453 20.0005 0)
(0.715453 20.0005 0)
(0.715453 20.0005 0)
(0.715453 20.0005 0)
(0.715453 20.0005 0)
(0.715453 20.0005 0)
(0.715453 20.0005 0)
(0.715453 20.0005 0)
(0.715453 20.0005 0)
(0.715453 20.0005 0)
(0.715453 20.0005 0)
(0.715453 20.0005 0)
(0.715453 20.0005 0)
(0.715453 20.0005 0)
(0.715453 20.0005 0)
(0.715453 20.0005 0)
(0.715453 20.0005 0)
(0.715454 20.0005 0)
(0.715454 20.0005 0)
(0.715454 20.0005 0)
(0.715454 20.0005 0)
(0.715454 20.0005 0)
(0.715454 20.0005 0)
(0.715454 20.0005 0)
(0.715454 20.0005 0)
(0.715454 20.0005 0)
(0.715454 20.0005 0)
(0.715454 20.0005 0)
(0.715455 20.0005 0)
(0.715456 20.0005 0)
(0.715458 20.0005 0)
(0.71546 20.0005 0)
(0.715464 20.0005 0)
(0.715469 20.0005 0)
(0.715477 20.0005 0)
(0.715489 20.0004 0)
(0.715508 20.0004 0)
(0.715537 20.0003 0)
(0.715584 20.0002 0)
(0.715659 20 0)
(0.715785 19.9998 0)
(0.716007 19.9994 0)
(0.716404 19.9989 0)
(0.717159 19.9983 0)
(0.718543 19.9974 0)
(0.721203 19.9963 0)
(0.725286 19.9953 0)
(0.731607 19.9945 0)
(0.468197 19.3492 0)
(0.487589 19.4416 0)
(0.53564 19.547 0)
(0.570644 19.6389 0)
(0.592805 19.7126 0)
(0.605684 19.7707 0)
(0.613613 19.8167 0)
(0.619147 19.8533 0)
(0.623293 19.8826 0)
(0.626601 19.906 0)
(0.629272 19.9248 0)
(0.631452 19.9399 0)
(0.633225 19.952 0)
(0.634665 19.9617 0)
(0.63583 19.9695 0)
(0.636768 19.9757 0)
(0.63752 19.9807 0)
(0.638122 19.9847 0)
(0.638601 19.988 0)
(0.638982 19.9905 0)
(0.639284 19.9926 0)
(0.639523 19.9942 0)
(0.639711 19.9955 0)
(0.639859 19.9966 0)
(0.639976 19.9974 0)
(0.640068 19.9981 0)
(0.64014 19.9986 0)
(0.640196 19.999 0)
(0.64024 19.9993 0)
(0.640274 19.9996 0)
(0.640301 19.9998 0)
(0.640322 20 0)
(0.640338 20.0001 0)
(0.640351 20.0002 0)
(0.640361 20.0003 0)
(0.640368 20.0003 0)
(0.640374 20.0004 0)
(0.640378 20.0004 0)
(0.640382 20.0004 0)
(0.640385 20.0005 0)
(0.640387 20.0005 0)
(0.640388 20.0005 0)
(0.64039 20.0005 0)
(0.640391 20.0005 0)
(0.640391 20.0005 0)
(0.640392 20.0005 0)
(0.640392 20.0005 0)
(0.640393 20.0005 0)
(0.640393 20.0005 0)
(0.640393 20.0005 0)
(0.640393 20.0005 0)
(0.640393 20.0005 0)
(0.640393 20.0005 0)
(0.640393 20.0005 0)
(0.640393 20.0005 0)
(0.640393 20.0005 0)
(0.640393 20.0005 0)
(0.640393 20.0005 0)
(0.640393 20.0005 0)
(0.640393 20.0005 0)
(0.640393 20.0005 0)
(0.640393 20.0005 0)
(0.640393 20.0005 0)
(0.640393 20.0005 0)
(0.640393 20.0005 0)
(0.640393 20.0005 0)
(0.640393 20.0005 0)
(0.640393 20.0005 0)
(0.640394 20.0005 0)
(0.640394 20.0005 0)
(0.640394 20.0005 0)
(0.640394 20.0005 0)
(0.640394 20.0005 0)
(0.640394 20.0005 0)
(0.640394 20.0005 0)
(0.640394 20.0005 0)
(0.640394 20.0005 0)
(0.640394 20.0005 0)
(0.640394 20.0005 0)
(0.640394 20.0005 0)
(0.640395 20.0005 0)
(0.640396 20.0005 0)
(0.640398 20.0005 0)
(0.6404 20.0005 0)
(0.640403 20.0005 0)
(0.640409 20.0005 0)
(0.640417 20.0005 0)
(0.640429 20.0004 0)
(0.640447 20.0004 0)
(0.640475 20.0003 0)
(0.640521 20.0002 0)
(0.640595 20 0)
(0.640719 19.9997 0)
(0.64094 19.9993 0)
(0.641336 19.9988 0)
(0.642091 19.9979 0)
(0.643473 19.9968 0)
(0.646126 19.9952 0)
(0.650174 19.9934 0)
(0.656354 19.9921 0)
(0.410899 19.3211 0)
(0.426779 19.4085 0)
(0.468609 19.5169 0)
(0.500112 19.6154 0)
(0.52058 19.6947 0)
(0.532582 19.7568 0)
(0.540031 19.8057 0)
(0.545222 19.8445 0)
(0.549111 19.8754 0)
(0.552212 19.9003 0)
(0.554714 19.9202 0)
(0.556758 19.9361 0)
(0.558422 19.949 0)
(0.559774 19.9593 0)
(0.560868 19.9675 0)
(0.56175 19.9742 0)
(0.562458 19.9795 0)
(0.563024 19.9837 0)
(0.563475 19.9872 0)
(0.563834 19.9899 0)
(0.564118 19.9921 0)
(0.564344 19.9938 0)
(0.564522 19.9952 0)
(0.564662 19.9963 0)
(0.564772 19.9972 0)
(0.564859 19.9979 0)
(0.564927 19.9984 0)
(0.564981 19.9989 0)
(0.565023 19.9992 0)
(0.565055 19.9995 0)
(0.565081 19.9997 0)
(0.565101 19.9999 0)
(0.565116 20 0)
(0.565128 20.0002 0)
(0.565138 20.0002 0)
(0.565145 20.0003 0)
(0.56515 20.0004 0)
(0.565155 20.0004 0)
(0.565158 20.0004 0)
(0.565161 20.0004 0)
(0.565163 20.0005 0)
(0.565164 20.0005 0)
(0.565166 20.0005 0)
(0.565167 20.0005 0)
(0.565167 20.0005 0)
(0.565168 20.0005 0)
(0.565168 20.0005 0)
(0.565169 20.0005 0)
(0.565169 20.0005 0)
(0.565169 20.0005 0)
(0.565169 20.0005 0)
(0.565169 20.0005 0)
(0.565169 20.0005 0)
(0.565169 20.0005 0)
(0.565169 20.0005 0)
(0.565169 20.0005 0)
(0.565169 20.0005 0)
(0.565169 20.0005 0)
(0.565169 20.0005 0)
(0.565169 20.0005 0)
(0.565169 20.0005 0)
(0.565169 20.0005 0)
(0.565169 20.0005 0)
(0.565169 20.0005 0)
(0.565169 20.0005 0)
(0.565169 20.0005 0)
(0.565169 20.0005 0)
(0.565169 20.0005 0)
(0.56517 20.0005 0)
(0.56517 20.0005 0)
(0.56517 20.0005 0)
(0.56517 20.0005 0)
(0.56517 20.0005 0)
(0.56517 20.0005 0)
(0.56517 20.0005 0)
(0.56517 20.0005 0)
(0.56517 20.0005 0)
(0.56517 20.0005 0)
(0.56517 20.0005 0)
(0.56517 20.0005 0)
(0.565171 20.0005 0)
(0.565172 20.0005 0)
(0.565173 20.0005 0)
(0.565176 20.0005 0)
(0.565179 20.0005 0)
(0.565184 20.0005 0)
(0.565191 20.0005 0)
(0.565203 20.0004 0)
(0.56522 20.0004 0)
(0.565247 20.0003 0)
(0.56529 20.0001 0)
(0.565361 19.9999 0)
(0.56548 19.9997 0)
(0.565693 19.9992 0)
(0.566077 19.9986 0)
(0.56681 19.9976 0)
(0.568149 19.9962 0)
(0.570711 19.9941 0)
(0.574597 19.9916 0)
(0.580445 19.9896 0)
(0.354543 19.2972 0)
(0.367439 19.3799 0)
(0.40315 19.4904 0)
(0.430845 19.5944 0)
(0.449242 19.6786 0)
(0.460122 19.7444 0)
(0.466923 19.7959 0)
(0.471658 19.8366 0)
(0.475208 19.8691 0)
(0.478033 19.8951 0)
(0.480315 19.916 0)
(0.482178 19.9328 0)
(0.483696 19.9463 0)
(0.48493 19.9571 0)
(0.485929 19.9658 0)
(0.486734 19.9728 0)
(0.487381 19.9784 0)
(0.487899 19.9828 0)
(0.488312 19.9864 0)
(0.48864 19.9893 0)
(0.488901 19.9916 0)
(0.489107 19.9934 0)
(0.48927 19.9949 0)
(0.489399 19.9961 0)
(0.489501 19.997 0)
(0.48958 19.9977 0)
(0.489643 19.9983 0)
(0.489692 19.9988 0)
(0.489731 19.9992 0)
(0.489761 19.9995 0)
(0.489785 19.9997 0)
(0.489803 19.9999 0)
(0.489817 20 0)
(0.489829 20.0001 0)
(0.489837 20.0002 0)
(0.489844 20.0003 0)
(0.489849 20.0003 0)
(0.489853 20.0004 0)
(0.489856 20.0004 0)
(0.489859 20.0004 0)
(0.489861 20.0005 0)
(0.489862 20.0005 0)
(0.489863 20.0005 0)
(0.489864 20.0005 0)
(0.489865 20.0005 0)
(0.489865 20.0005 0)
(0.489866 20.0005 0)
(0.489866 20.0005 0)
(0.489867 20.0005 0)
(0.489867 20.0005 0)
(0.489867 20.0005 0)
(0.489867 20.0005 0)
(0.489867 20.0005 0)
(0.489867 20.0005 0)
(0.489867 20.0005 0)
(0.489867 20.0005 0)
(0.489867 20.0005 0)
(0.489867 20.0005 0)
(0.489867 20.0005 0)
(0.489867 20.0005 0)
(0.489867 20.0005 0)
(0.489867 20.0005 0)
(0.489867 20.0005 0)
(0.489867 20.0005 0)
(0.489867 20.0005 0)
(0.489867 20.0005 0)
(0.489867 20.0005 0)
(0.489867 20.0005 0)
(0.489867 20.0005 0)
(0.489867 20.0005 0)
(0.489867 20.0005 0)
(0.489867 20.0005 0)
(0.489867 20.0005 0)
(0.489867 20.0005 0)
(0.489867 20.0005 0)
(0.489867 20.0005 0)
(0.489867 20.0005 0)
(0.489867 20.0005 0)
(0.489867 20.0005 0)
(0.489868 20.0005 0)
(0.489868 20.0005 0)
(0.489869 20.0005 0)
(0.48987 20.0005 0)
(0.489873 20.0005 0)
(0.489876 20.0005 0)
(0.48988 20.0005 0)
(0.489887 20.0004 0)
(0.489898 20.0004 0)
(0.489913 20.0003 0)
(0.489938 20.0003 0)
(0.489978 20.0001 0)
(0.490044 19.9999 0)
(0.490155 19.9996 0)
(0.490354 19.9991 0)
(0.490714 19.9984 0)
(0.491402 19.9973 0)
(0.492658 19.9956 0)
(0.495051 19.9931 0)
(0.49866 19.9899 0)
(0.504018 19.9873 0)
(0.298929 19.2773 0)
(0.309252 19.3557 0)
(0.339017 19.4676 0)
(0.36269 19.5763 0)
(0.37871 19.6647 0)
(0.38826 19.7336 0)
(0.394266 19.7873 0)
(0.398446 19.8297 0)
(0.40158 19.8635 0)
(0.404072 19.8906 0)
(0.406085 19.9124 0)
(0.407729 19.9299 0)
(0.409068 19.9439 0)
(0.410158 19.9552 0)
(0.411041 19.9643 0)
(0.411753 19.9716 0)
(0.412324 19.9774 0)
(0.412782 19.9821 0)
(0.413148 19.9858 0)
(0.413438 19.9888 0)
(0.413669 19.9912 0)
(0.413852 19.9931 0)
(0.413997 19.9946 0)
(0.414111 19.9959 0)
(0.414201 19.9968 0)
(0.414272 19.9976 0)
(0.414327 19.9982 0)
(0.414371 19.9987 0)
(0.414405 19.9991 0)
(0.414432 19.9994 0)
(0.414453 19.9996 0)
(0.41447 19.9998 0)
(0.414483 20 0)
(0.414493 20.0001 0)
(0.4145 20.0002 0)
(0.414506 20.0003 0)
(0.414511 20.0003 0)
(0.414515 20.0004 0)
(0.414517 20.0004 0)
(0.41452 20.0004 0)
(0.414521 20.0005 0)
(0.414523 20.0005 0)
(0.414524 20.0005 0)
(0.414524 20.0005 0)
(0.414525 20.0005 0)
(0.414526 20.0005 0)
(0.414526 20.0005 0)
(0.414526 20.0005 0)
(0.414527 20.0005 0)
(0.414527 20.0005 0)
(0.414527 20.0005 0)
(0.414527 20.0005 0)
(0.414527 20.0005 0)
(0.414527 20.0005 0)
(0.414527 20.0005 0)
(0.414527 20.0005 0)
(0.414527 20.0005 0)
(0.414527 20.0005 0)
(0.414527 20.0005 0)
(0.414527 20.0005 0)
(0.414527 20.0005 0)
(0.414527 20.0005 0)
(0.414527 20.0005 0)
(0.414527 20.0005 0)
(0.414527 20.0005 0)
(0.414527 20.0005 0)
(0.414527 20.0005 0)
(0.414527 20.0005 0)
(0.414527 20.0005 0)
(0.414527 20.0005 0)
(0.414527 20.0005 0)
(0.414527 20.0005 0)
(0.414527 20.0005 0)
(0.414527 20.0005 0)
(0.414527 20.0005 0)
(0.414527 20.0005 0)
(0.414527 20.0005 0)
(0.414527 20.0005 0)
(0.414527 20.0005 0)
(0.414528 20.0005 0)
(0.414528 20.0005 0)
(0.414529 20.0005 0)
(0.41453 20.0005 0)
(0.414532 20.0005 0)
(0.414535 20.0005 0)
(0.414539 20.0005 0)
(0.414545 20.0004 0)
(0.414554 20.0004 0)
(0.414568 20.0003 0)
(0.41459 20.0002 0)
(0.414626 20.0001 0)
(0.414685 19.9999 0)
(0.414785 19.9995 0)
(0.414964 19.999 0)
(0.41529 19.9982 0)
(0.415912 19.997 0)
(0.417046 19.9951 0)
(0.419199 19.9922 0)
(0.422429 19.9883 0)
(0.427166 19.9852 0)
(0.243888 19.2611 0)
(0.251956 19.3358 0)
(0.275971 19.4487 0)
(0.295477 19.5609 0)
(0.30888 19.6529 0)
(0.316924 19.7244 0)
(0.32201 19.7801 0)
(0.325549 19.8239 0)
(0.328203 19.8588 0)
(0.330312 19.8868 0)
(0.332015 19.9093 0)
(0.333406 19.9274 0)
(0.33454 19.9419 0)
(0.335463 19.9536 0)
(0.336211 19.963 0)
(0.336814 19.9705 0)
(0.337299 19.9766 0)
(0.337687 19.9814 0)
(0.337997 19.9853 0)
(0.338243 19.9884 0)
(0.338439 19.9908 0)
(0.338595 19.9928 0)
(0.338717 19.9944 0)
(0.338814 19.9957 0)
(0.338891 19.9967 0)
(0.338951 19.9975 0)
(0.338999 19.9981 0)
(0.339036 19.9986 0)
(0.339065 19.999 0)
(0.339088 19.9994 0)
(0.339106 19.9996 0)
(0.33912 19.9998 0)
(0.339131 20 0)
(0.33914 20.0001 0)
(0.339146 20.0002 0)
(0.339151 20.0003 0)
(0.339155 20.0003 0)
(0.339158 20.0004 0)
(0.339161 20.0004 0)
(0.339163 20.0004 0)
(0.339164 20.0005 0)
(0.339165 20.0005 0)
(0.339166 20.0005 0)
(0.339167 20.0005 0)
(0.339168 20.0005 0)
(0.339168 20.0005 0)
(0.339168 20.0005 0)
(0.339169 20.0005 0)
(0.339169 20.0005 0)
(0.339169 20.0005 0)
(0.339169 20.0005 0)
(0.339169 20.0005 0)
(0.339169 20.0005 0)
(0.339169 20.0005 0)
(0.339169 20.0005 0)
(0.339169 20.0005 0)
(0.339169 20.0005 0)
(0.339169 20.0005 0)
(0.339169 20.0005 0)
(0.339169 20.0005 0)
(0.339169 20.0005 0)
(0.339169 20.0005 0)
(0.339169 20.0005 0)
(0.339169 20.0005 0)
(0.339169 20.0005 0)
(0.339169 20.0005 0)
(0.339169 20.0005 0)
(0.339169 20.0005 0)
(0.339169 20.0005 0)
(0.339169 20.0005 0)
(0.339169 20.0005 0)
(0.339169 20.0005 0)
(0.339169 20.0005 0)
(0.339169 20.0005 0)
(0.339169 20.0005 0)
(0.339169 20.0005 0)
(0.339169 20.0005 0)
(0.339169 20.0005 0)
(0.339169 20.0005 0)
(0.33917 20.0005 0)
(0.33917 20.0005 0)
(0.339171 20.0005 0)
(0.339172 20.0005 0)
(0.339173 20.0005 0)
(0.339176 20.0005 0)
(0.339179 20.0005 0)
(0.339184 20.0004 0)
(0.339192 20.0004 0)
(0.339204 20.0003 0)
(0.339223 20.0002 0)
(0.339253 20.0001 0)
(0.339304 19.9998 0)
(0.33939 19.9995 0)
(0.339545 19.9989 0)
(0.339826 19.9981 0)
(0.340363 19.9968 0)
(0.341341 19.9946 0)
(0.343192 19.9913 0)
(0.345955 19.9869 0)
(0.349966 19.9834 0)
(0.18928 19.2483 0)
(0.195331 19.32 0)
(0.213785 19.4335 0)
(0.229031 19.5486 0)
(0.239631 19.6433 0)
(0.246029 19.7171 0)
(0.250092 19.7743 0)
(0.252919 19.8192 0)
(0.25504 19.8551 0)
(0.256724 19.8838 0)
(0.258083 19.9069 0)
(0.259194 19.9254 0)
(0.2601 19.9403 0)
(0.260837 19.9523 0)
(0.261435 19.962 0)
(0.261917 19.9697 0)
(0.262305 19.9759 0)
(0.262616 19.9809 0)
(0.262864 19.9848 0)
(0.263061 19.988 0)
(0.263218 19.9906 0)
(0.263342 19.9926 0)
(0.26344 19.9942 0)
(0.263518 19.9955 0)
(0.263579 19.9966 0)
(0.263628 19.9974 0)
(0.263666 19.998 0)
(0.263696 19.9986 0)
(0.263719 19.999 0)
(0.263738 19.9993 0)
(0.263752 19.9996 0)
(0.263763 19.9998 0)
(0.263772 19.9999 0)
(0.263779 20.0001 0)
(0.263784 20.0002 0)
(0.263788 20.0002 0)
(0.263792 20.0003 0)
(0.263794 20.0004 0)
(0.263796 20.0004 0)
(0.263798 20.0004 0)
(0.263799 20.0004 0)
(0.2638 20.0005 0)
(0.2638 20.0005 0)
(0.263801 20.0005 0)
(0.263801 20.0005 0)
(0.263802 20.0005 0)
(0.263802 20.0005 0)
(0.263802 20.0005 0)
(0.263803 20.0005 0)
(0.263803 20.0005 0)
(0.263803 20.0005 0)
(0.263803 20.0005 0)
(0.263803 20.0005 0)
(0.263803 20.0005 0)
(0.263803 20.0005 0)
(0.263803 20.0005 0)
(0.263803 20.0005 0)
(0.263802 20.0005 0)
(0.263802 20.0005 0)
(0.263802 20.0005 0)
(0.263802 20.0005 0)
(0.263802 20.0005 0)
(0.263802 20.0005 0)
(0.263802 20.0005 0)
(0.263802 20.0005 0)
(0.263802 20.0005 0)
(0.263803 20.0005 0)
(0.263803 20.0005 0)
(0.263803 20.0005 0)
(0.263803 20.0005 0)
(0.263803 20.0005 0)
(0.263803 20.0005 0)
(0.263803 20.0005 0)
(0.263803 20.0005 0)
(0.263803 20.0005 0)
(0.263803 20.0005 0)
(0.263803 20.0005 0)
(0.263803 20.0005 0)
(0.263803 20.0005 0)
(0.263803 20.0005 0)
(0.263803 20.0005 0)
(0.263804 20.0005 0)
(0.263805 20.0005 0)
(0.263806 20.0005 0)
(0.263808 20.0005 0)
(0.263811 20.0005 0)
(0.263815 20.0004 0)
(0.263821 20.0004 0)
(0.263831 20.0003 0)
(0.263846 20.0002 0)
(0.26387 20.0001 0)
(0.263911 19.9998 0)
(0.263981 19.9995 0)
(0.264106 19.9989 0)
(0.264334 19.998 0)
(0.264771 19.9965 0)
(0.265562 19.9942 0)
(0.267059 19.9906 0)
(0.269283 19.9857 0)
(0.272485 19.9819 0)
(0.134988 19.2388 0)
(0.139195 19.3083 0)
(0.152252 19.4221 0)
(0.163175 19.5393 0)
(0.170839 19.6361 0)
(0.175484 19.7115 0)
(0.178443 19.7698 0)
(0.180502 19.8157 0)
(0.182047 19.8522 0)
(0.183273 19.8815 0)
(0.184263 19.905 0)
(0.185072 19.9239 0)
(0.185732 19.9391 0)
(0.186269 19.9514 0)
(0.186705 19.9612 0)
(0.187057 19.9691 0)
(0.187339 19.9754 0)
(0.187566 19.9804 0)
(0.187747 19.9845 0)
(0.187891 19.9878 0)
(0.188005 19.9904 0)
(0.188096 19.9924 0)
(0.188167 19.9941 0)
(0.188224 19.9954 0)
(0.188269 19.9965 0)
(0.188304 19.9973 0)
(0.188332 19.998 0)
(0.188354 19.9985 0)
(0.188371 19.9989 0)
(0.188385 19.9993 0)
(0.188395 19.9995 0)
(0.188403 19.9998 0)
(0.18841 19.9999 0)
(0.188415 20.0001 0)
(0.188419 20.0002 0)
(0.188422 20.0002 0)
(0.188424 20.0003 0)
(0.188426 20.0004 0)
(0.188427 20.0004 0)
(0.188428 20.0004 0)
(0.188429 20.0004 0)
(0.18843 20.0005 0)
(0.188431 20.0005 0)
(0.188431 20.0005 0)
(0.188431 20.0005 0)
(0.188432 20.0005 0)
(0.188432 20.0005 0)
(0.188432 20.0005 0)
(0.188432 20.0005 0)
(0.188432 20.0005 0)
(0.188432 20.0005 0)
(0.188432 20.0005 0)
(0.188432 20.0005 0)
(0.188432 20.0005 0)
(0.188432 20.0005 0)
(0.188432 20.0005 0)
(0.188432 20.0005 0)
(0.188432 20.0005 0)
(0.188432 20.0005 0)
(0.188432 20.0005 0)
(0.188432 20.0005 0)
(0.188432 20.0005 0)
(0.188432 20.0005 0)
(0.188432 20.0005 0)
(0.188432 20.0005 0)
(0.188432 20.0005 0)
(0.188432 20.0005 0)
(0.188432 20.0005 0)
(0.188432 20.0005 0)
(0.188432 20.0005 0)
(0.188433 20.0005 0)
(0.188433 20.0005 0)
(0.188433 20.0005 0)
(0.188433 20.0005 0)
(0.188433 20.0005 0)
(0.188432 20.0005 0)
(0.188432 20.0005 0)
(0.188432 20.0005 0)
(0.188432 20.0005 0)
(0.188432 20.0005 0)
(0.188433 20.0005 0)
(0.188433 20.0005 0)
(0.188434 20.0005 0)
(0.188435 20.0005 0)
(0.188436 20.0005 0)
(0.188438 20.0005 0)
(0.188441 20.0004 0)
(0.188446 20.0004 0)
(0.188453 20.0003 0)
(0.188464 20.0002 0)
(0.188482 20 0)
(0.188511 19.9998 0)
(0.188563 19.9994 0)
(0.188655 19.9988 0)
(0.188823 19.9979 0)
(0.189145 19.9964 0)
(0.189728 19.9939 0)
(0.190827 19.9901 0)
(0.192457 19.9848 0)
(0.194787 19.9807 0)
(0.0809109 19.2325 0)
(0.0833901 19.3006 0)
(0.0911728 19.4145 0)
(0.0977394 19.5331 0)
(0.102373 19.6313 0)
(0.10519 19.7077 0)
(0.106988 19.7669 0)
(0.108239 19.8133 0)
(0.109178 19.8503 0)
(0.109923 19.8799 0)
(0.110525 19.9037 0)
(0.111016 19.9229 0)
(0.111417 19.9383 0)
(0.111744 19.9507 0)
(0.112009 19.9607 0)
(0.112223 19.9686 0)
(0.112395 19.975 0)
(0.112532 19.9802 0)
(0.112642 19.9843 0)
(0.11273 19.9876 0)
(0.1128 19.9902 0)
(0.112855 19.9923 0)
(0.112899 19.994 0)
(0.112933 19.9953 0)
(0.11296 19.9964 0)
(0.112982 19.9973 0)
(0.112999 19.998 0)
(0.113012 19.9985 0)
(0.113023 19.9989 0)
(0.113031 19.9993 0)
(0.113037 19.9995 0)
(0.113042 19.9997 0)
(0.113046 19.9999 0)
(0.113049 20 0)
(0.113052 20.0002 0)
(0.113053 20.0002 0)
(0.113055 20.0003 0)
(0.113056 20.0004 0)
(0.113057 20.0004 0)
(0.113057 20.0004 0)
(0.113058 20.0004 0)
(0.113058 20.0005 0)
(0.113059 20.0005 0)
(0.113059 20.0005 0)
(0.113059 20.0005 0)
(0.11306 20.0005 0)
(0.11306 20.0005 0)
(0.11306 20.0005 0)
(0.11306 20.0005 0)
(0.11306 20.0005 0)
(0.11306 20.0005 0)
(0.11306 20.0005 0)
(0.11306 20.0005 0)
(0.11306 20.0005 0)
(0.11306 20.0005 0)
(0.11306 20.0005 0)
(0.11306 20.0005 0)
(0.11306 20.0005 0)
(0.11306 20.0005 0)
(0.11306 20.0005 0)
(0.11306 20.0005 0)
(0.11306 20.0005 0)
(0.11306 20.0005 0)
(0.11306 20.0005 0)
(0.11306 20.0005 0)
(0.11306 20.0005 0)
(0.11306 20.0005 0)
(0.11306 20.0005 0)
(0.11306 20.0005 0)
(0.11306 20.0005 0)
(0.11306 20.0005 0)
(0.11306 20.0005 0)
(0.11306 20.0005 0)
(0.11306 20.0005 0)
(0.11306 20.0005 0)
(0.11306 20.0005 0)
(0.11306 20.0005 0)
(0.11306 20.0005 0)
(0.11306 20.0005 0)
(0.11306 20.0005 0)
(0.11306 20.0005 0)
(0.11306 20.0005 0)
(0.113061 20.0005 0)
(0.113061 20.0005 0)
(0.113062 20.0005 0)
(0.113064 20.0005 0)
(0.113066 20.0004 0)
(0.113068 20.0004 0)
(0.113073 20.0003 0)
(0.113079 20.0002 0)
(0.11309 20 0)
(0.113108 19.9998 0)
(0.113139 19.9994 0)
(0.113196 19.9988 0)
(0.113299 19.9978 0)
(0.113496 19.9963 0)
(0.113853 19.9937 0)
(0.114525 19.9897 0)
(0.115519 19.9842 0)
(0.116934 19.9799 0)
(0.0269585 19.2294 0)
(0.0277775 19.2967 0)
(0.030363 19.4107 0)
(0.0325536 19.53 0)
(0.0341037 19.6289 0)
(0.0350471 19.7059 0)
(0.0356497 19.7654 0)
(0.0360691 19.8121 0)
(0.0363836 19.8493 0)
(0.0366332 19.8791 0)
(0.0368348 19.9031 0)
(0.0369996 19.9224 0)
(0.0371343 19.9379 0)
(0.037244 19.9504 0)
(0.0373331 19.9604 0)
(0.037405 19.9684 0)
(0.0374629 19.9749 0)
(0.0375093 19.98 0)
(0.0375463 19.9842 0)
(0.0375758 19.9875 0)
(0.0375992 19.9901 0)
(0.0376178 19.9923 0)
(0.0376324 19.994 0)
(0.037644 19.9953 0)
(0.0376531 19.9964 0)
(0.0376604 19.9972 0)
(0.0376661 19.9979 0)
(0.0376706 19.9985 0)
(0.0376741 19.9989 0)
(0.0376769 19.9993 0)
(0.0376791 19.9995 0)
(0.0376808 19.9997 0)
(0.0376822 19.9999 0)
(0.0376832 20 0)
(0.037684 20.0001 0)
(0.0376845 20.0002 0)
(0.037685 20.0003 0)
(0.0376853 20.0003 0)
(0.0376856 20.0004 0)
(0.0376858 20.0004 0)
(0.037686 20.0004 0)
(0.0376862 20.0005 0)
(0.0376864 20.0005 0)
(0.0376865 20.0005 0)
(0.0376867 20.0005 0)
(0.0376868 20.0005 0)
(0.0376869 20.0005 0)
(0.037687 20.0005 0)
(0.037687 20.0005 0)
(0.037687 20.0005 0)
(0.037687 20.0005 0)
(0.037687 20.0005 0)
(0.0376869 20.0005 0)
(0.0376869 20.0005 0)
(0.0376868 20.0005 0)
(0.0376867 20.0005 0)
(0.0376867 20.0005 0)
(0.0376866 20.0005 0)
(0.0376865 20.0005 0)
(0.0376865 20.0005 0)
(0.0376864 20.0005 0)
(0.0376864 20.0005 0)
(0.0376864 20.0005 0)
(0.0376864 20.0005 0)
(0.0376865 20.0005 0)
(0.0376865 20.0005 0)
(0.0376866 20.0005 0)
(0.0376867 20.0005 0)
(0.0376869 20.0005 0)
(0.037687 20.0005 0)
(0.0376871 20.0005 0)
(0.0376871 20.0005 0)
(0.0376872 20.0005 0)
(0.0376871 20.0005 0)
(0.037687 20.0005 0)
(0.0376869 20.0005 0)
(0.0376868 20.0005 0)
(0.0376866 20.0005 0)
(0.0376865 20.0005 0)
(0.0376865 20.0005 0)
(0.0376865 20.0005 0)
(0.0376866 20.0005 0)
(0.0376868 20.0005 0)
(0.0376871 20.0005 0)
(0.0376875 20.0005 0)
(0.0376881 20.0005 0)
(0.0376888 20.0004 0)
(0.0376897 20.0004 0)
(0.0376911 20.0003 0)
(0.0376932 20.0002 0)
(0.0376966 20 0)
(0.0377025 19.9998 0)
(0.0377129 19.9994 0)
(0.0377318 19.9988 0)
(0.0377666 19.9978 0)
(0.037833 19.9962 0)
(0.0379533 19.9936 0)
(0.0381796 19.9895 0)
(0.0385138 19.9839 0)
(0.0389885 19.9795 0)
(-0.0269531 19.2294 0)
(-0.0277722 19.2967 0)
(-0.0303579 19.4107 0)
(-0.032549 19.53 0)
(-0.0341 19.6289 0)
(-0.0350448 19.7059 0)
(-0.0356489 19.7654 0)
(-0.0360698 19.8121 0)
(-0.0363857 19.8493 0)
(-0.0366363 19.8791 0)
(-0.0368384 19.9031 0)
(-0.0370034 19.9224 0)
(-0.0371378 19.9379 0)
(-0.0372471 19.9504 0)
(-0.0373356 19.9604 0)
(-0.037407 19.9684 0)
(-0.0374644 19.9749 0)
(-0.0375103 19.98 0)
(-0.037547 19.9842 0)
(-0.0375763 19.9875 0)
(-0.0375996 19.9901 0)
(-0.0376181 19.9923 0)
(-0.0376327 19.994 0)
(-0.0376443 19.9953 0)
(-0.0376535 19.9964 0)
(-0.0376607 19.9972 0)
(-0.0376663 19.9979 0)
(-0.0376707 19.9985 0)
(-0.0376742 19.9989 0)
(-0.0376769 19.9993 0)
(-0.037679 19.9995 0)
(-0.0376807 19.9997 0)
(-0.037682 19.9999 0)
(-0.037683 20 0)
(-0.0376839 20.0001 0)
(-0.0376846 20.0002 0)
(-0.0376851 20.0003 0)
(-0.0376855 20.0003 0)
(-0.0376858 20.0004 0)
(-0.037686 20.0004 0)
(-0.0376862 20.0004 0)
(-0.0376863 20.0005 0)
(-0.0376863 20.0005 0)
(-0.0376863 20.0005 0)
(-0.0376863 20.0005 0)
(-0.0376863 20.0005 0)
(-0.0376862 20.0005 0)
(-0.0376862 20.0005 0)
(-0.0376862 20.0005 0)
(-0.0376863 20.0005 0)
(-0.0376863 20.0005 0)
(-0.0376864 20.0005 0)
(-0.0376864 20.0005 0)
(-0.0376865 20.0005 0)
(-0.0376866 20.0005 0)
(-0.0376867 20.0005 0)
(-0.0376867 20.0005 0)
(-0.0376868 20.0005 0)
(-0.0376869 20.0005 0)
(-0.0376869 20.0005 0)
(-0.037687 20.0005 0)
(-0.037687 20.0005 0)
(-0.037687 20.0005 0)
(-0.037687 20.0005 0)
(-0.0376869 20.0005 0)
(-0.0376869 20.0005 0)
(-0.0376868 20.0005 0)
(-0.0376867 20.0005 0)
(-0.0376865 20.0005 0)
(-0.0376864 20.0005 0)
(-0.0376863 20.0005 0)
(-0.0376863 20.0005 0)
(-0.0376863 20.0005 0)
(-0.0376863 20.0005 0)
(-0.0376864 20.0005 0)
(-0.0376865 20.0005 0)
(-0.0376867 20.0005 0)
(-0.0376869 20.0005 0)
(-0.037687 20.0005 0)
(-0.0376871 20.0005 0)
(-0.0376872 20.0005 0)
(-0.0376873 20.0005 0)
(-0.0376873 20.0005 0)
(-0.0376873 20.0005 0)
(-0.0376875 20.0005 0)
(-0.0376877 20.0005 0)
(-0.0376882 20.0004 0)
(-0.0376892 20.0004 0)
(-0.0376907 20.0003 0)
(-0.0376932 20.0002 0)
(-0.0376972 20 0)
(-0.0377036 19.9998 0)
(-0.0377144 19.9994 0)
(-0.0377336 19.9988 0)
(-0.0377683 19.9978 0)
(-0.0378344 19.9962 0)
(-0.0379542 19.9936 0)
(-0.0381799 19.9895 0)
(-0.0385136 19.9839 0)
(-0.0389879 19.9795 0)
(-0.0809055 19.2325 0)
(-0.0833848 19.3006 0)
(-0.0911678 19.4145 0)
(-0.0977348 19.5331 0)
(-0.102369 19.6313 0)
(-0.105187 19.7077 0)
(-0.106987 19.7669 0)
(-0.10824 19.8133 0)
(-0.10918 19.8503 0)
(-0.109926 19.8799 0)
(-0.110528 19.9037 0)
(-0.11102 19.9229 0)
(-0.111421 19.9383 0)
(-0.111747 19.9507 0)
(-0.112011 19.9606 0)
(-0.112225 19.9686 0)
(-0.112396 19.975 0)
(-0.112533 19.9802 0)
(-0.112643 19.9843 0)
(-0.112731 19.9876 0)
(-0.1128 19.9902 0)
(-0.112855 19.9923 0)
(-0.112899 19.994 0)
(-0.112933 19.9953 0)
(-0.112961 19.9964 0)
(-0.112982 19.9973 0)
(-0.112999 19.998 0)
(-0.113012 19.9985 0)
(-0.113023 19.9989 0)
(-0.113031 19.9993 0)
(-0.113037 19.9995 0)
(-0.113042 19.9997 0)
(-0.113046 19.9999 0)
(-0.113049 20 0)
(-0.113052 20.0002 0)
(-0.113053 20.0002 0)
(-0.113055 20.0003 0)
(-0.113056 20.0004 0)
(-0.113057 20.0004 0)
(-0.113058 20.0004 0)
(-0.113058 20.0004 0)
(-0.113059 20.0005 0)
(-0.113059 20.0005 0)
(-0.113059 20.0005 0)
(-0.113059 20.0005 0)
(-0.113059 20.0005 0)
(-0.113059 20.0005 0)
(-0.113059 20.0005 0)
(-0.113059 20.0005 0)
(-0.113059 20.0005 0)
(-0.113059 20.0005 0)
(-0.113059 20.0005 0)
(-0.11306 20.0005 0)
(-0.11306 20.0005 0)
(-0.11306 20.0005 0)
(-0.11306 20.0005 0)
(-0.11306 20.0005 0)
(-0.11306 20.0005 0)
(-0.11306 20.0005 0)
(-0.11306 20.0005 0)
(-0.11306 20.0005 0)
(-0.11306 20.0005 0)
(-0.11306 20.0005 0)
(-0.11306 20.0005 0)
(-0.11306 20.0005 0)
(-0.11306 20.0005 0)
(-0.11306 20.0005 0)
(-0.11306 20.0005 0)
(-0.11306 20.0005 0)
(-0.11306 20.0005 0)
(-0.113059 20.0005 0)
(-0.113059 20.0005 0)
(-0.113059 20.0005 0)
(-0.113059 20.0005 0)
(-0.11306 20.0005 0)
(-0.11306 20.0005 0)
(-0.11306 20.0005 0)
(-0.11306 20.0005 0)
(-0.11306 20.0005 0)
(-0.113061 20.0005 0)
(-0.113061 20.0005 0)
(-0.113061 20.0005 0)
(-0.113061 20.0005 0)
(-0.113062 20.0005 0)
(-0.113062 20.0005 0)
(-0.113063 20.0005 0)
(-0.113065 20.0004 0)
(-0.113068 20.0004 0)
(-0.113072 20.0003 0)
(-0.113079 20.0002 0)
(-0.11309 20 0)
(-0.113109 19.9998 0)
(-0.113141 19.9994 0)
(-0.113197 19.9988 0)
(-0.113301 19.9978 0)
(-0.113497 19.9963 0)
(-0.113854 19.9937 0)
(-0.114525 19.9897 0)
(-0.115519 19.9842 0)
(-0.116933 19.9799 0)
(-0.134983 19.2388 0)
(-0.13919 19.3083 0)
(-0.152247 19.4221 0)
(-0.163171 19.5393 0)
(-0.170835 19.6361 0)
(-0.175482 19.7115 0)
(-0.178442 19.7698 0)
(-0.180503 19.8157 0)
(-0.182049 19.8522 0)
(-0.183276 19.8815 0)
(-0.184267 19.905 0)
(-0.185076 19.9239 0)
(-0.185736 19.9391 0)
(-0.186273 19.9514 0)
(-0.186708 19.9612 0)
(-0.187059 19.9691 0)
(-0.187341 19.9754 0)
(-0.187567 19.9804 0)
(-0.187747 19.9845 0)
(-0.187891 19.9878 0)
(-0.188005 19.9904 0)
(-0.188096 19.9924 0)
(-0.188168 19.9941 0)
(-0.188224 19.9954 0)
(-0.188269 19.9965 0)
(-0.188304 19.9973 0)
(-0.188332 19.998 0)
(-0.188354 19.9985 0)
(-0.188371 19.9989 0)
(-0.188384 19.9993 0)
(-0.188395 19.9995 0)
(-0.188403 19.9998 0)
(-0.18841 19.9999 0)
(-0.188415 20.0001 0)
(-0.188419 20.0002 0)
(-0.188422 20.0002 0)
(-0.188424 20.0003 0)
(-0.188426 20.0004 0)
(-0.188427 20.0004 0)
(-0.188429 20.0004 0)
(-0.188429 20.0004 0)
(-0.18843 20.0005 0)
(-0.18843 20.0005 0)
(-0.188431 20.0005 0)
(-0.188431 20.0005 0)
(-0.188431 20.0005 0)
(-0.188431 20.0005 0)
(-0.188431 20.0005 0)
(-0.188431 20.0005 0)
(-0.188432 20.0005 0)
(-0.188432 20.0005 0)
(-0.188432 20.0005 0)
(-0.188432 20.0005 0)
(-0.188432 20.0005 0)
(-0.188432 20.0005 0)
(-0.188432 20.0005 0)
(-0.188432 20.0005 0)
(-0.188432 20.0005 0)
(-0.188432 20.0005 0)
(-0.188432 20.0005 0)
(-0.188432 20.0005 0)
(-0.188433 20.0005 0)
(-0.188433 20.0005 0)
(-0.188432 20.0005 0)
(-0.188432 20.0005 0)
(-0.188432 20.0005 0)
(-0.188432 20.0005 0)
(-0.188432 20.0005 0)
(-0.188432 20.0005 0)
(-0.188432 20.0005 0)
(-0.188432 20.0005 0)
(-0.188432 20.0005 0)
(-0.188432 20.0005 0)
(-0.188432 20.0005 0)
(-0.188432 20.0005 0)
(-0.188432 20.0005 0)
(-0.188432 20.0005 0)
(-0.188433 20.0005 0)
(-0.188433 20.0005 0)
(-0.188433 20.0005 0)
(-0.188433 20.0005 0)
(-0.188434 20.0005 0)
(-0.188434 20.0005 0)
(-0.188435 20.0005 0)
(-0.188436 20.0005 0)
(-0.188438 20.0005 0)
(-0.188441 20.0004 0)
(-0.188445 20.0004 0)
(-0.188453 20.0003 0)
(-0.188464 20.0002 0)
(-0.188482 20 0)
(-0.188512 19.9998 0)
(-0.188564 19.9994 0)
(-0.188657 19.9988 0)
(-0.188825 19.9979 0)
(-0.189146 19.9964 0)
(-0.189729 19.9939 0)
(-0.190827 19.9901 0)
(-0.192456 19.9848 0)
(-0.194786 19.9807 0)
(-0.189275 19.2483 0)
(-0.195326 19.32 0)
(-0.213781 19.4335 0)
(-0.229026 19.5486 0)
(-0.239628 19.6433 0)
(-0.246027 19.7171 0)
(-0.250091 19.7742 0)
(-0.25292 19.8192 0)
(-0.255042 19.8551 0)
(-0.256727 19.8838 0)
(-0.258087 19.9069 0)
(-0.259198 19.9254 0)
(-0.260103 19.9403 0)
(-0.26084 19.9523 0)
(-0.261437 19.962 0)
(-0.261919 19.9697 0)
(-0.262306 19.9759 0)
(-0.262617 19.9809 0)
(-0.262864 19.9848 0)
(-0.263061 19.988 0)
(-0.263218 19.9906 0)
(-0.263342 19.9926 0)
(-0.263441 19.9942 0)
(-0.263518 19.9955 0)
(-0.26358 19.9966 0)
(-0.263628 19.9974 0)
(-0.263666 19.998 0)
(-0.263696 19.9986 0)
(-0.263719 19.999 0)
(-0.263738 19.9993 0)
(-0.263752 19.9996 0)
(-0.263763 19.9998 0)
(-0.263772 19.9999 0)
(-0.263779 20.0001 0)
(-0.263784 20.0002 0)
(-0.263788 20.0002 0)
(-0.263792 20.0003 0)
(-0.263794 20.0004 0)
(-0.263796 20.0004 0)
(-0.263798 20.0004 0)
(-0.263799 20.0004 0)
(-0.2638 20.0005 0)
(-0.2638 20.0005 0)
(-0.263801 20.0005 0)
(-0.263801 20.0005 0)
(-0.263801 20.0005 0)
(-0.263802 20.0005 0)
(-0.263802 20.0005 0)
(-0.263802 20.0005 0)
(-0.263802 20.0005 0)
(-0.263802 20.0005 0)
(-0.263802 20.0005 0)
(-0.263802 20.0005 0)
(-0.263802 20.0005 0)
(-0.263802 20.0005 0)
(-0.263803 20.0005 0)
(-0.263803 20.0005 0)
(-0.263803 20.0005 0)
(-0.263803 20.0005 0)
(-0.263803 20.0005 0)
(-0.263803 20.0005 0)
(-0.263803 20.0005 0)
(-0.263803 20.0005 0)
(-0.263803 20.0005 0)
(-0.263803 20.0005 0)
(-0.263803 20.0005 0)
(-0.263803 20.0005 0)
(-0.263803 20.0005 0)
(-0.263802 20.0005 0)
(-0.263802 20.0005 0)
(-0.263802 20.0005 0)
(-0.263802 20.0005 0)
(-0.263802 20.0005 0)
(-0.263802 20.0005 0)
(-0.263802 20.0005 0)
(-0.263803 20.0005 0)
(-0.263803 20.0005 0)
(-0.263803 20.0005 0)
(-0.263803 20.0005 0)
(-0.263804 20.0005 0)
(-0.263804 20.0005 0)
(-0.263805 20.0005 0)
(-0.263805 20.0005 0)
(-0.263806 20.0005 0)
(-0.263808 20.0005 0)
(-0.263811 20.0005 0)
(-0.263815 20.0004 0)
(-0.263821 20.0004 0)
(-0.263831 20.0003 0)
(-0.263846 20.0002 0)
(-0.263871 20.0001 0)
(-0.263912 19.9998 0)
(-0.263982 19.9995 0)
(-0.264108 19.9989 0)
(-0.264336 19.998 0)
(-0.264772 19.9965 0)
(-0.265563 19.9942 0)
(-0.267059 19.9906 0)
(-0.269283 19.9857 0)
(-0.272484 19.9819 0)
(-0.243883 19.2611 0)
(-0.251951 19.3358 0)
(-0.275966 19.4487 0)
(-0.295473 19.5609 0)
(-0.308877 19.6529 0)
(-0.316922 19.7244 0)
(-0.322009 19.7801 0)
(-0.32555 19.8239 0)
(-0.328205 19.8588 0)
(-0.330315 19.8868 0)
(-0.332018 19.9093 0)
(-0.333409 19.9274 0)
(-0.334543 19.9419 0)
(-0.335466 19.9536 0)
(-0.336213 19.963 0)
(-0.336816 19.9705 0)
(-0.3373 19.9766 0)
(-0.337688 19.9814 0)
(-0.337997 19.9853 0)
(-0.338244 19.9884 0)
(-0.33844 19.9908 0)
(-0.338595 19.9928 0)
(-0.338718 19.9944 0)
(-0.338815 19.9957 0)
(-0.338891 19.9967 0)
(-0.338951 19.9975 0)
(-0.338999 19.9981 0)
(-0.339036 19.9986 0)
(-0.339065 19.999 0)
(-0.339088 19.9994 0)
(-0.339106 19.9996 0)
(-0.33912 19.9998 0)
(-0.339131 20 0)
(-0.33914 20.0001 0)
(-0.339146 20.0002 0)
(-0.339151 20.0003 0)
(-0.339155 20.0003 0)
(-0.339159 20.0004 0)
(-0.339161 20.0004 0)
(-0.339163 20.0004 0)
(-0.339164 20.0005 0)
(-0.339165 20.0005 0)
(-0.339166 20.0005 0)
(-0.339167 20.0005 0)
(-0.339167 20.0005 0)
(-0.339167 20.0005 0)
(-0.339168 20.0005 0)
(-0.339168 20.0005 0)
(-0.339168 20.0005 0)
(-0.339168 20.0005 0)
(-0.339168 20.0005 0)
(-0.339168 20.0005 0)
(-0.339169 20.0005 0)
(-0.339169 20.0005 0)
(-0.339169 20.0005 0)
(-0.339169 20.0005 0)
(-0.339169 20.0005 0)
(-0.339169 20.0005 0)
(-0.339169 20.0005 0)
(-0.339169 20.0005 0)
(-0.339169 20.0005 0)
(-0.339169 20.0005 0)
(-0.339169 20.0005 0)
(-0.339169 20.0005 0)
(-0.339169 20.0005 0)
(-0.339169 20.0005 0)
(-0.339169 20.0005 0)
(-0.339169 20.0005 0)
(-0.339169 20.0005 0)
(-0.339169 20.0005 0)
(-0.339169 20.0005 0)
(-0.339169 20.0005 0)
(-0.339169 20.0005 0)
(-0.339169 20.0005 0)
(-0.339169 20.0005 0)
(-0.339169 20.0005 0)
(-0.339169 20.0005 0)
(-0.33917 20.0005 0)
(-0.33917 20.0005 0)
(-0.33917 20.0005 0)
(-0.339171 20.0005 0)
(-0.339171 20.0005 0)
(-0.339172 20.0005 0)
(-0.339174 20.0005 0)
(-0.339176 20.0005 0)
(-0.339179 20.0005 0)
(-0.339184 20.0004 0)
(-0.339192 20.0004 0)
(-0.339204 20.0003 0)
(-0.339223 20.0002 0)
(-0.339254 20.0001 0)
(-0.339305 19.9998 0)
(-0.339391 19.9995 0)
(-0.339546 19.999 0)
(-0.339828 19.9981 0)
(-0.340365 19.9968 0)
(-0.341342 19.9946 0)
(-0.343192 19.9913 0)
(-0.345955 19.9869 0)
(-0.349965 19.9834 0)
(-0.298924 19.2773 0)
(-0.309248 19.3557 0)
(-0.339013 19.4677 0)
(-0.362686 19.5763 0)
(-0.378707 19.6647 0)
(-0.388258 19.7336 0)
(-0.394265 19.7873 0)
(-0.398447 19.8297 0)
(-0.401582 19.8635 0)
(-0.404075 19.8906 0)
(-0.406088 19.9124 0)
(-0.407732 19.9299 0)
(-0.409071 19.9439 0)
(-0.410161 19.9552 0)
(-0.411043 19.9643 0)
(-0.411754 19.9716 0)
(-0.412326 19.9774 0)
(-0.412783 19.9821 0)
(-0.413148 19.9858 0)
(-0.413439 19.9888 0)
(-0.413669 19.9912 0)
(-0.413852 19.9931 0)
(-0.413997 19.9946 0)
(-0.414111 19.9959 0)
(-0.414201 19.9968 0)
(-0.414272 19.9976 0)
(-0.414327 19.9982 0)
(-0.414371 19.9987 0)
(-0.414405 19.9991 0)
(-0.414432 19.9994 0)
(-0.414453 19.9996 0)
(-0.41447 19.9998 0)
(-0.414482 20 0)
(-0.414493 20.0001 0)
(-0.4145 20.0002 0)
(-0.414506 20.0003 0)
(-0.414511 20.0003 0)
(-0.414515 20.0004 0)
(-0.414518 20.0004 0)
(-0.41452 20.0004 0)
(-0.414521 20.0005 0)
(-0.414523 20.0005 0)
(-0.414524 20.0005 0)
(-0.414524 20.0005 0)
(-0.414525 20.0005 0)
(-0.414525 20.0005 0)
(-0.414525 20.0005 0)
(-0.414526 20.0005 0)
(-0.414526 20.0005 0)
(-0.414526 20.0005 0)
(-0.414526 20.0005 0)
(-0.414526 20.0005 0)
(-0.414526 20.0005 0)
(-0.414527 20.0005 0)
(-0.414527 20.0005 0)
(-0.414527 20.0005 0)
(-0.414527 20.0005 0)
(-0.414527 20.0005 0)
(-0.414527 20.0005 0)
(-0.414527 20.0005 0)
(-0.414527 20.0005 0)
(-0.414527 20.0005 0)
(-0.414527 20.0005 0)
(-0.414527 20.0005 0)
(-0.414527 20.0005 0)
(-0.414527 20.0005 0)
(-0.414527 20.0005 0)
(-0.414527 20.0005 0)
(-0.414527 20.0005 0)
(-0.414527 20.0005 0)
(-0.414527 20.0005 0)
(-0.414526 20.0005 0)
(-0.414527 20.0005 0)
(-0.414527 20.0005 0)
(-0.414527 20.0005 0)
(-0.414527 20.0005 0)
(-0.414527 20.0005 0)
(-0.414527 20.0005 0)
(-0.414528 20.0005 0)
(-0.414528 20.0005 0)
(-0.414529 20.0005 0)
(-0.414529 20.0005 0)
(-0.414531 20.0005 0)
(-0.414532 20.0005 0)
(-0.414535 20.0005 0)
(-0.414539 20.0005 0)
(-0.414544 20.0004 0)
(-0.414554 20.0004 0)
(-0.414568 20.0003 0)
(-0.41459 20.0002 0)
(-0.414626 20.0001 0)
(-0.414686 19.9999 0)
(-0.414786 19.9995 0)
(-0.414966 19.999 0)
(-0.415292 19.9982 0)
(-0.415914 19.997 0)
(-0.417047 19.9951 0)
(-0.419199 19.9922 0)
(-0.422429 19.9883 0)
(-0.427165 19.9852 0)
(-0.354539 19.2972 0)
(-0.367435 19.3799 0)
(-0.403146 19.4904 0)
(-0.430841 19.5944 0)
(-0.449239 19.6786 0)
(-0.460121 19.7444 0)
(-0.466923 19.7959 0)
(-0.471659 19.8366 0)
(-0.47521 19.8691 0)
(-0.478036 19.8951 0)
(-0.480318 19.916 0)
(-0.482181 19.9328 0)
(-0.483699 19.9463 0)
(-0.484933 19.9571 0)
(-0.485931 19.9658 0)
(-0.486736 19.9728 0)
(-0.487382 19.9784 0)
(-0.4879 19.9828 0)
(-0.488312 19.9864 0)
(-0.488641 19.9893 0)
(-0.488901 19.9916 0)
(-0.489108 19.9934 0)
(-0.489271 19.9949 0)
(-0.489399 19.9961 0)
(-0.489501 19.997 0)
(-0.489581 19.9977 0)
(-0.489643 19.9983 0)
(-0.489692 19.9988 0)
(-0.489731 19.9992 0)
(-0.489761 19.9995 0)
(-0.489785 19.9997 0)
(-0.489803 19.9999 0)
(-0.489817 20 0)
(-0.489829 20.0001 0)
(-0.489837 20.0002 0)
(-0.489844 20.0003 0)
(-0.489849 20.0003 0)
(-0.489853 20.0004 0)
(-0.489856 20.0004 0)
(-0.489859 20.0004 0)
(-0.489861 20.0005 0)
(-0.489862 20.0005 0)
(-0.489863 20.0005 0)
(-0.489864 20.0005 0)
(-0.489865 20.0005 0)
(-0.489865 20.0005 0)
(-0.489865 20.0005 0)
(-0.489866 20.0005 0)
(-0.489866 20.0005 0)
(-0.489866 20.0005 0)
(-0.489866 20.0005 0)
(-0.489866 20.0005 0)
(-0.489866 20.0005 0)
(-0.489866 20.0005 0)
(-0.489867 20.0005 0)
(-0.489867 20.0005 0)
(-0.489867 20.0005 0)
(-0.489867 20.0005 0)
(-0.489867 20.0005 0)
(-0.489867 20.0005 0)
(-0.489867 20.0005 0)
(-0.489867 20.0005 0)
(-0.489867 20.0005 0)
(-0.489867 20.0005 0)
(-0.489867 20.0005 0)
(-0.489867 20.0005 0)
(-0.489867 20.0005 0)
(-0.489867 20.0005 0)
(-0.489867 20.0005 0)
(-0.489867 20.0005 0)
(-0.489867 20.0005 0)
(-0.489866 20.0005 0)
(-0.489866 20.0005 0)
(-0.489867 20.0005 0)
(-0.489867 20.0005 0)
(-0.489867 20.0005 0)
(-0.489867 20.0005 0)
(-0.489867 20.0005 0)
(-0.489868 20.0005 0)
(-0.489868 20.0005 0)
(-0.489869 20.0005 0)
(-0.48987 20.0005 0)
(-0.489871 20.0005 0)
(-0.489873 20.0005 0)
(-0.489876 20.0005 0)
(-0.48988 20.0005 0)
(-0.489887 20.0004 0)
(-0.489897 20.0004 0)
(-0.489913 20.0003 0)
(-0.489938 20.0003 0)
(-0.489978 20.0001 0)
(-0.490045 19.9999 0)
(-0.490157 19.9996 0)
(-0.490356 19.9991 0)
(-0.490716 19.9984 0)
(-0.491404 19.9973 0)
(-0.492658 19.9956 0)
(-0.495051 19.9931 0)
(-0.49866 19.9899 0)
(-0.504017 19.9873 0)
(-0.410894 19.3211 0)
(-0.426775 19.4085 0)
(-0.468605 19.5169 0)
(-0.500109 19.6154 0)
(-0.520578 19.6947 0)
(-0.532581 19.7568 0)
(-0.540031 19.8057 0)
(-0.545223 19.8445 0)
(-0.549114 19.8754 0)
(-0.552215 19.9002 0)
(-0.554718 19.9202 0)
(-0.556762 19.9361 0)
(-0.558425 19.949 0)
(-0.559777 19.9593 0)
(-0.56087 19.9675 0)
(-0.561752 19.9742 0)
(-0.562459 19.9795 0)
(-0.563024 19.9837 0)
(-0.563475 19.9872 0)
(-0.563834 19.9899 0)
(-0.564119 19.9921 0)
(-0.564344 19.9938 0)
(-0.564522 19.9952 0)
(-0.564662 19.9963 0)
(-0.564773 19.9972 0)
(-0.564859 19.9979 0)
(-0.564927 19.9984 0)
(-0.564981 19.9989 0)
(-0.565023 19.9992 0)
(-0.565055 19.9995 0)
(-0.565081 19.9997 0)
(-0.565101 19.9999 0)
(-0.565116 20 0)
(-0.565128 20.0002 0)
(-0.565138 20.0002 0)
(-0.565145 20.0003 0)
(-0.565151 20.0004 0)
(-0.565155 20.0004 0)
(-0.565158 20.0004 0)
(-0.565161 20.0004 0)
(-0.565163 20.0005 0)
(-0.565164 20.0005 0)
(-0.565165 20.0005 0)
(-0.565166 20.0005 0)
(-0.565167 20.0005 0)
(-0.565167 20.0005 0)
(-0.565168 20.0005 0)
(-0.565168 20.0005 0)
(-0.565168 20.0005 0)
(-0.565168 20.0005 0)
(-0.565169 20.0005 0)
(-0.565169 20.0005 0)
(-0.565169 20.0005 0)
(-0.565169 20.0005 0)
(-0.565169 20.0005 0)
(-0.565169 20.0005 0)
(-0.565169 20.0005 0)
(-0.565169 20.0005 0)
(-0.565169 20.0005 0)
(-0.56517 20.0005 0)
(-0.56517 20.0005 0)
(-0.56517 20.0005 0)
(-0.56517 20.0005 0)
(-0.56517 20.0005 0)
(-0.56517 20.0005 0)
(-0.565169 20.0005 0)
(-0.565169 20.0005 0)
(-0.565169 20.0005 0)
(-0.565169 20.0005 0)
(-0.565169 20.0005 0)
(-0.565169 20.0005 0)
(-0.565169 20.0005 0)
(-0.565169 20.0005 0)
(-0.565169 20.0005 0)
(-0.565169 20.0005 0)
(-0.565169 20.0005 0)
(-0.56517 20.0005 0)
(-0.56517 20.0005 0)
(-0.56517 20.0005 0)
(-0.565171 20.0005 0)
(-0.565172 20.0005 0)
(-0.565172 20.0005 0)
(-0.565174 20.0005 0)
(-0.565176 20.0005 0)
(-0.565179 20.0005 0)
(-0.565184 20.0005 0)
(-0.565191 20.0005 0)
(-0.565202 20.0004 0)
(-0.56522 20.0004 0)
(-0.565247 20.0003 0)
(-0.56529 20.0001 0)
(-0.565362 19.9999 0)
(-0.565482 19.9997 0)
(-0.565695 19.9992 0)
(-0.566079 19.9986 0)
(-0.566811 19.9976 0)
(-0.56815 19.9962 0)
(-0.570711 19.9941 0)
(-0.574597 19.9916 0)
(-0.580445 19.9896 0)
(-0.468193 19.3492 0)
(-0.487585 19.4416 0)
(-0.535636 19.547 0)
(-0.570641 19.6389 0)
(-0.592803 19.7126 0)
(-0.605683 19.7707 0)
(-0.613613 19.8167 0)
(-0.619148 19.8533 0)
(-0.623295 19.8826 0)
(-0.626604 19.906 0)
(-0.629275 19.9248 0)
(-0.631455 19.9399 0)
(-0.633228 19.952 0)
(-0.634668 19.9617 0)
(-0.635832 19.9695 0)
(-0.636769 19.9757 0)
(-0.637521 19.9807 0)
(-0.638122 19.9847 0)
(-0.638601 19.988 0)
(-0.638982 19.9905 0)
(-0.639284 19.9926 0)
(-0.639523 19.9942 0)
(-0.639711 19.9955 0)
(-0.63986 19.9966 0)
(-0.639976 19.9974 0)
(-0.640068 19.9981 0)
(-0.64014 19.9986 0)
(-0.640196 19.999 0)
(-0.64024 19.9993 0)
(-0.640274 19.9996 0)
(-0.640301 19.9998 0)
(-0.640322 20 0)
(-0.640338 20.0001 0)
(-0.640351 20.0002 0)
(-0.640361 20.0003 0)
(-0.640368 20.0003 0)
(-0.640374 20.0004 0)
(-0.640379 20.0004 0)
(-0.640382 20.0004 0)
(-0.640385 20.0005 0)
(-0.640387 20.0005 0)
(-0.640388 20.0005 0)
(-0.640389 20.0005 0)
(-0.64039 20.0005 0)
(-0.640391 20.0005 0)
(-0.640391 20.0005 0)
(-0.640392 20.0005 0)
(-0.640392 20.0005 0)
(-0.640392 20.0005 0)
(-0.640393 20.0005 0)
(-0.640393 20.0005 0)
(-0.640393 20.0005 0)
(-0.640393 20.0005 0)
(-0.640393 20.0005 0)
(-0.640393 20.0005 0)
(-0.640393 20.0005 0)
(-0.640393 20.0005 0)
(-0.640393 20.0005 0)
(-0.640394 20.0005 0)
(-0.640394 20.0005 0)
(-0.640394 20.0005 0)
(-0.640394 20.0005 0)
(-0.640394 20.0005 0)
(-0.640394 20.0005 0)
(-0.640394 20.0005 0)
(-0.640394 20.0005 0)
(-0.640393 20.0005 0)
(-0.640393 20.0005 0)
(-0.640393 20.0005 0)
(-0.640393 20.0005 0)
(-0.640393 20.0005 0)
(-0.640393 20.0005 0)
(-0.640393 20.0005 0)
(-0.640393 20.0005 0)
(-0.640393 20.0005 0)
(-0.640394 20.0005 0)
(-0.640394 20.0005 0)
(-0.640394 20.0005 0)
(-0.640395 20.0005 0)
(-0.640395 20.0005 0)
(-0.640396 20.0005 0)
(-0.640397 20.0005 0)
(-0.640398 20.0005 0)
(-0.6404 20.0005 0)
(-0.640403 20.0005 0)
(-0.640409 20.0005 0)
(-0.640416 20.0005 0)
(-0.640428 20.0004 0)
(-0.640447 20.0004 0)
(-0.640475 20.0003 0)
(-0.640521 20.0002 0)
(-0.640596 20 0)
(-0.640721 19.9997 0)
(-0.640941 19.9993 0)
(-0.641337 19.9988 0)
(-0.642092 19.9979 0)
(-0.643474 19.9968 0)
(-0.646126 19.9952 0)
(-0.650174 19.9934 0)
(-0.656353 19.9921 0)
(-0.526674 19.3821 0)
(-0.550238 19.4795 0)
(-0.60447 19.5807 0)
(-0.642547 19.6649 0)
(-0.66594 19.7324 0)
(-0.679419 19.786 0)
(-0.687644 19.8289 0)
(-0.693399 19.8631 0)
(-0.697708 19.8905 0)
(-0.701152 19.9124 0)
(-0.70393 19.9299 0)
(-0.706197 19.944 0)
(-0.708039 19.9553 0)
(-0.709534 19.9644 0)
(-0.710741 19.9716 0)
(-0.711713 19.9774 0)
(-0.712492 19.9821 0)
(-0.713114 19.9858 0)
(-0.713609 19.9888 0)
(-0.714003 19.9912 0)
(-0.714314 19.9931 0)
(-0.714561 19.9947 0)
(-0.714755 19.9959 0)
(-0.714907 19.9969 0)
(-0.715027 19.9976 0)
(-0.715122 19.9982 0)
(-0.715195 19.9987 0)
(-0.715253 19.9991 0)
(-0.715298 19.9994 0)
(-0.715333 19.9997 0)
(-0.71536 19.9999 0)
(-0.715381 20 0)
(-0.715398 20.0001 0)
(-0.71541 20.0002 0)
(-0.71542 20.0003 0)
(-0.715428 20.0003 0)
(-0.715434 20.0004 0)
(-0.715438 20.0004 0)
(-0.715442 20.0004 0)
(-0.715445 20.0005 0)
(-0.715447 20.0005 0)
(-0.715448 20.0005 0)
(-0.715449 20.0005 0)
(-0.71545 20.0005 0)
(-0.715451 20.0005 0)
(-0.715451 20.0005 0)
(-0.715452 20.0005 0)
(-0.715452 20.0005 0)
(-0.715452 20.0005 0)
(-0.715453 20.0005 0)
(-0.715453 20.0005 0)
(-0.715453 20.0005 0)
(-0.715453 20.0005 0)
(-0.715453 20.0005 0)
(-0.715453 20.0005 0)
(-0.715453 20.0005 0)
(-0.715453 20.0005 0)
(-0.715453 20.0005 0)
(-0.715453 20.0005 0)
(-0.715454 20.0005 0)
(-0.715454 20.0005 0)
(-0.715454 20.0005 0)
(-0.715454 20.0005 0)
(-0.715454 20.0005 0)
(-0.715453 20.0005 0)
(-0.715453 20.0005 0)
(-0.715453 20.0005 0)
(-0.715453 20.0005 0)
(-0.715453 20.0005 0)
(-0.715453 20.0005 0)
(-0.715453 20.0005 0)
(-0.715453 20.0005 0)
(-0.715453 20.0005 0)
(-0.715453 20.0005 0)
(-0.715453 20.0005 0)
(-0.715453 20.0005 0)
(-0.715454 20.0005 0)
(-0.715454 20.0005 0)
(-0.715454 20.0005 0)
(-0.715455 20.0005 0)
(-0.715456 20.0005 0)
(-0.715457 20.0005 0)
(-0.715458 20.0005 0)
(-0.71546 20.0005 0)
(-0.715464 20.0005 0)
(-0.715469 20.0005 0)
(-0.715477 20.0005 0)
(-0.715489 20.0004 0)
(-0.715508 20.0004 0)
(-0.715538 20.0003 0)
(-0.715584 20.0002 0)
(-0.71566 20 0)
(-0.715787 19.9998 0)
(-0.716008 19.9994 0)
(-0.716406 19.9989 0)
(-0.71716 19.9983 0)
(-0.718543 19.9974 0)
(-0.721203 19.9963 0)
(-0.725286 19.9953 0)
(-0.731607 19.9945 0)
(-0.586601 19.4204 0)
(-0.615141 19.5223 0)
(-0.675272 19.6177 0)
(-0.715835 19.6931 0)
(-0.739908 19.7538 0)
(-0.753677 19.8026 0)
(-0.761998 19.8421 0)
(-0.76784 19.8737 0)
(-0.772211 19.899 0)
(-0.775709 19.9193 0)
(-0.778528 19.9355 0)
(-0.780827 19.9485 0)
(-0.782694 19.9589 0)
(-0.784207 19.9672 0)
(-0.785428 19.9739 0)
(-0.78641 19.9793 0)
(-0.787196 19.9836 0)
(-0.787824 19.987 0)
(-0.788323 19.9898 0)
(-0.788719 19.992 0)
(-0.789033 19.9938 0)
(-0.78928 19.9952 0)
(-0.789475 19.9963 0)
(-0.789628 19.9972 0)
(-0.789747 19.9979 0)
(-0.789841 19.9984 0)
(-0.789915 19.9989 0)
(-0.789972 19.9992 0)
(-0.790016 19.9995 0)
(-0.790051 19.9997 0)
(-0.790078 19.9999 0)
(-0.790099 20.0001 0)
(-0.790115 20.0002 0)
(-0.790128 20.0002 0)
(-0.790137 20.0003 0)
(-0.790145 20.0004 0)
(-0.790151 20.0004 0)
(-0.790155 20.0004 0)
(-0.790158 20.0005 0)
(-0.790161 20.0005 0)
(-0.790163 20.0005 0)
(-0.790165 20.0005 0)
(-0.790166 20.0005 0)
(-0.790166 20.0005 0)
(-0.790167 20.0005 0)
(-0.790168 20.0005 0)
(-0.790168 20.0005 0)
(-0.790168 20.0005 0)
(-0.790168 20.0005 0)
(-0.790169 20.0005 0)
(-0.790169 20.0005 0)
(-0.790169 20.0005 0)
(-0.790169 20.0005 0)
(-0.790169 20.0005 0)
(-0.790169 20.0005 0)
(-0.790169 20.0005 0)
(-0.790169 20.0005 0)
(-0.790169 20.0005 0)
(-0.79017 20.0005 0)
(-0.79017 20.0005 0)
(-0.79017 20.0005 0)
(-0.79017 20.0005 0)
(-0.79017 20.0005 0)
(-0.79017 20.0005 0)
(-0.79017 20.0005 0)
(-0.790169 20.0005 0)
(-0.790169 20.0005 0)
(-0.790169 20.0005 0)
(-0.790169 20.0005 0)
(-0.790169 20.0005 0)
(-0.790169 20.0005 0)
(-0.790169 20.0005 0)
(-0.790169 20.0005 0)
(-0.790169 20.0005 0)
(-0.790169 20.0005 0)
(-0.79017 20.0005 0)
(-0.79017 20.0005 0)
(-0.79017 20.0005 0)
(-0.79017 20.0005 0)
(-0.790171 20.0005 0)
(-0.790172 20.0005 0)
(-0.790173 20.0005 0)
(-0.790174 20.0005 0)
(-0.790176 20.0005 0)
(-0.79018 20.0005 0)
(-0.790185 20.0005 0)
(-0.790193 20.0005 0)
(-0.790205 20.0004 0)
(-0.790224 20.0004 0)
(-0.790254 20.0003 0)
(-0.7903 20.0002 0)
(-0.790375 20.0001 0)
(-0.7905 19.9999 0)
(-0.790717 19.9996 0)
(-0.791104 19.9991 0)
(-0.791836 19.9986 0)
(-0.793179 19.9979 0)
(-0.795762 19.9974 0)
(-0.799744 19.9971 0)
(-0.805981 19.997 0)
(-0.648219 19.4649 0)
(-0.682682 19.57 0)
(-0.748035 19.6576 0)
(-0.790301 19.7232 0)
(-0.814414 19.7766 0)
(-0.82814 19.8204 0)
(-0.836345 19.8562 0)
(-0.842136 19.8851 0)
(-0.846461 19.9082 0)
(-0.849927 19.9267 0)
(-0.852716 19.9415 0)
(-0.854989 19.9533 0)
(-0.856831 19.9627 0)
(-0.858323 19.9703 0)
(-0.859526 19.9764 0)
(-0.860492 19.9813 0)
(-0.861265 19.9852 0)
(-0.861882 19.9883 0)
(-0.862371 19.9908 0)
(-0.862759 19.9928 0)
(-0.863065 19.9944 0)
(-0.863306 19.9957 0)
(-0.863496 19.9967 0)
(-0.863645 19.9975 0)
(-0.863761 19.9981 0)
(-0.863852 19.9987 0)
(-0.863923 19.9991 0)
(-0.863978 19.9994 0)
(-0.864021 19.9996 0)
(-0.864054 19.9998 0)
(-0.86408 20 0)
(-0.864099 20.0001 0)
(-0.864115 20.0002 0)
(-0.864127 20.0003 0)
(-0.864136 20.0003 0)
(-0.864143 20.0004 0)
(-0.864148 20.0004 0)
(-0.864152 20.0004 0)
(-0.864156 20.0005 0)
(-0.864158 20.0005 0)
(-0.86416 20.0005 0)
(-0.864161 20.0005 0)
(-0.864162 20.0005 0)
(-0.864163 20.0005 0)
(-0.864164 20.0005 0)
(-0.864164 20.0005 0)
(-0.864164 20.0005 0)
(-0.864165 20.0005 0)
(-0.864165 20.0005 0)
(-0.864165 20.0005 0)
(-0.864165 20.0005 0)
(-0.864165 20.0005 0)
(-0.864165 20.0005 0)
(-0.864165 20.0005 0)
(-0.864165 20.0005 0)
(-0.864166 20.0005 0)
(-0.864166 20.0005 0)
(-0.864166 20.0005 0)
(-0.864166 20.0005 0)
(-0.864166 20.0005 0)
(-0.864166 20.0005 0)
(-0.864166 20.0005 0)
(-0.864166 20.0005 0)
(-0.864166 20.0005 0)
(-0.864166 20.0005 0)
(-0.864166 20.0005 0)
(-0.864166 20.0005 0)
(-0.864166 20.0005 0)
(-0.864165 20.0005 0)
(-0.864165 20.0005 0)
(-0.864165 20.0005 0)
(-0.864165 20.0005 0)
(-0.864165 20.0005 0)
(-0.864165 20.0005 0)
(-0.864166 20.0005 0)
(-0.864166 20.0005 0)
(-0.864166 20.0005 0)
(-0.864166 20.0005 0)
(-0.864167 20.0005 0)
(-0.864167 20.0005 0)
(-0.864168 20.0005 0)
(-0.864169 20.0005 0)
(-0.86417 20.0005 0)
(-0.864172 20.0005 0)
(-0.864176 20.0005 0)
(-0.864181 20.0005 0)
(-0.864188 20.0005 0)
(-0.8642 20.0005 0)
(-0.864219 20.0004 0)
(-0.864248 20.0004 0)
(-0.864293 20.0003 0)
(-0.864366 20.0001 0)
(-0.864485 19.9999 0)
(-0.864692 19.9997 0)
(-0.865058 19.9993 0)
(-0.865747 19.9989 0)
(-0.867009 19.9985 0)
(-0.869431 19.9983 0)
(-0.873172 19.9988 0)
(-0.879066 19.9993 0)
(-0.711634 19.5167 0)
(-0.753051 19.6224 0)
(-0.822343 19.7001 0)
(-0.865298 19.7549 0)
(-0.888726 19.8007 0)
(-0.902062 19.8392 0)
(-0.909937 19.8713 0)
(-0.915533 19.8972 0)
(-0.919698 19.918 0)
(-0.92304 19.9345 0)
(-0.925723 19.9478 0)
(-0.927908 19.9583 0)
(-0.929675 19.9668 0)
(-0.931105 19.9736 0)
(-0.932256 19.979 0)
(-0.933179 19.9834 0)
(-0.933916 19.9869 0)
(-0.934503 19.9896 0)
(-0.934969 19.9919 0)
(-0.935336 19.9937 0)
(-0.935626 19.9951 0)
(-0.935854 19.9962 0)
(-0.936033 19.9971 0)
(-0.936173 19.9979 0)
(-0.936282 19.9984 0)
(-0.936366 19.9989 0)
(-0.936432 19.9992 0)
(-0.936483 19.9995 0)
(-0.936523 19.9997 0)
(-0.936554 19.9999 0)
(-0.936577 20.0001 0)
(-0.936595 20.0002 0)
(-0.936609 20.0003 0)
(-0.93662 20.0003 0)
(-0.936628 20.0004 0)
(-0.936634 20.0004 0)
(-0.936639 20.0004 0)
(-0.936643 20.0005 0)
(-0.936646 20.0005 0)
(-0.936648 20.0005 0)
(-0.936649 20.0005 0)
(-0.936651 20.0005 0)
(-0.936652 20.0005 0)
(-0.936652 20.0005 0)
(-0.936653 20.0005 0)
(-0.936653 20.0005 0)
(-0.936653 20.0005 0)
(-0.936654 20.0005 0)
(-0.936654 20.0005 0)
(-0.936654 20.0005 0)
(-0.936654 20.0005 0)
(-0.936654 20.0005 0)
(-0.936654 20.0005 0)
(-0.936654 20.0005 0)
(-0.936654 20.0005 0)
(-0.936654 20.0005 0)
(-0.936654 20.0005 0)
(-0.936655 20.0005 0)
(-0.936655 20.0005 0)
(-0.936655 20.0005 0)
(-0.936655 20.0005 0)
(-0.936655 20.0005 0)
(-0.936655 20.0005 0)
(-0.936655 20.0005 0)
(-0.936655 20.0005 0)
(-0.936655 20.0005 0)
(-0.936654 20.0005 0)
(-0.936654 20.0005 0)
(-0.936654 20.0005 0)
(-0.936654 20.0005 0)
(-0.936654 20.0005 0)
(-0.936654 20.0005 0)
(-0.936654 20.0005 0)
(-0.936654 20.0005 0)
(-0.936654 20.0005 0)
(-0.936655 20.0005 0)
(-0.936655 20.0005 0)
(-0.936655 20.0005 0)
(-0.936655 20.0005 0)
(-0.936656 20.0005 0)
(-0.936657 20.0005 0)
(-0.936657 20.0005 0)
(-0.936659 20.0005 0)
(-0.936661 20.0005 0)
(-0.936664 20.0005 0)
(-0.936669 20.0005 0)
(-0.936676 20.0005 0)
(-0.936687 20.0005 0)
(-0.936705 20.0004 0)
(-0.936732 20.0004 0)
(-0.936775 20.0003 0)
(-0.936843 20.0002 0)
(-0.936954 20 0)
(-0.937146 19.9998 0)
(-0.937481 19.9995 0)
(-0.938108 19.9992 0)
(-0.939254 19.999 0)
(-0.941437 19.9992 0)
(-0.944798 20.0003 0)
(-0.950056 20.0013 0)
(-0.776502 19.5769 0)
(-0.825839 19.6792 0)
(-0.896898 19.7445 0)
(-0.939269 19.7877 0)
(-0.961221 19.8258 0)
(-0.973821 19.8589 0)
(-0.981153 19.887 0)
(-0.986408 19.9099 0)
(-0.990296 19.9282 0)
(-0.993419 19.9427 0)
(-0.995916 19.9543 0)
(-0.997947 19.9636 0)
(-0.999586 19.971 0)
(-1.00091 19.977 0)
(-1.00197 19.9817 0)
(-1.00282 19.9856 0)
(-1.0035 19.9886 0)
(-1.00404 19.991 0)
(-1.00447 19.993 0)
(-1.0048 19.9946 0)
(-1.00507 19.9958 0)
(-1.00528 19.9968 0)
(-1.00544 19.9976 0)
(-1.00556 19.9982 0)
(-1.00566 19.9987 0)
(-1.00574 19.9991 0)
(-1.00579 19.9994 0)
(-1.00584 19.9997 0)
(-1.00587 19.9999 0)
(-1.0059 20 0)
(-1.00592 20.0001 0)
(-1.00594 20.0002 0)
(-1.00595 20.0003 0)
(-1.00596 20.0004 0)
(-1.00597 20.0004 0)
(-1.00597 20.0004 0)
(-1.00598 20.0005 0)
(-1.00598 20.0005 0)
(-1.00598 20.0005 0)
(-1.00598 20.0005 0)
(-1.00598 20.0005 0)
(-1.00598 20.0005 0)
(-1.00598 20.0005 0)
(-1.00599 20.0005 0)
(-1.00599 20.0005 0)
(-1.00599 20.0005 0)
(-1.00599 20.0005 0)
(-1.00599 20.0005 0)
(-1.00599 20.0005 0)
(-1.00599 20.0006 0)
(-1.00599 20.0006 0)
(-1.00599 20.0006 0)
(-1.00599 20.0006 0)
(-1.00599 20.0006 0)
(-1.00599 20.0006 0)
(-1.00599 20.0006 0)
(-1.00599 20.0006 0)
(-1.00599 20.0006 0)
(-1.00599 20.0006 0)
(-1.00599 20.0006 0)
(-1.00599 20.0006 0)
(-1.00599 20.0006 0)
(-1.00599 20.0006 0)
(-1.00599 20.0006 0)
(-1.00599 20.0006 0)
(-1.00599 20.0006 0)
(-1.00599 20.0006 0)
(-1.00599 20.0006 0)
(-1.00599 20.0006 0)
(-1.00599 20.0006 0)
(-1.00599 20.0006 0)
(-1.00599 20.0006 0)
(-1.00599 20.0006 0)
(-1.00599 20.0006 0)
(-1.00599 20.0006 0)
(-1.00599 20.0006 0)
(-1.00599 20.0006 0)
(-1.00599 20.0006 0)
(-1.00599 20.0006 0)
(-1.00599 20.0005 0)
(-1.00599 20.0005 0)
(-1.00599 20.0005 0)
(-1.00599 20.0005 0)
(-1.00599 20.0005 0)
(-1.006 20.0005 0)
(-1.006 20.0005 0)
(-1.00601 20.0005 0)
(-1.00602 20.0005 0)
(-1.00603 20.0005 0)
(-1.00606 20.0004 0)
(-1.0061 20.0004 0)
(-1.00616 20.0003 0)
(-1.00626 20.0001 0)
(-1.00643 19.9999 0)
(-1.00673 19.9997 0)
(-1.00728 19.9995 0)
(-1.00828 19.9995 0)
(-1.01015 20 0)
(-1.01301 20.0015 0)
(-1.01732 20.003 0)
(-0.84129 19.6468 0)
(-0.8991 19.7396 0)
(-0.968516 19.7898 0)
(-1.00877 19.8213 0)
(-1.02843 19.8516 0)
(-1.03996 19.8795 0)
(-1.04655 19.9035 0)
(-1.05132 19.9231 0)
(-1.05481 19.9388 0)
(-1.05762 19.9513 0)
(-1.05985 19.9612 0)
(-1.06166 19.9691 0)
(-1.06311 19.9754 0)
(-1.06429 19.9805 0)
(-1.06523 19.9846 0)
(-1.06598 19.9878 0)
(-1.06658 19.9904 0)
(-1.06705 19.9925 0)
(-1.06742 19.9942 0)
(-1.06771 19.9955 0)
(-1.06794 19.9966 0)
(-1.06812 19.9974 0)
(-1.06826 19.9981 0)
(-1.06836 19.9986 0)
(-1.06845 19.999 0)
(-1.06851 19.9994 0)
(-1.06856 19.9996 0)
(-1.0686 19.9998 0)
(-1.06862 20 0)
(-1.06865 20.0001 0)
(-1.06866 20.0002 0)
(-1.06867 20.0003 0)
(-1.06868 20.0004 0)
(-1.06869 20.0004 0)
(-1.0687 20.0005 0)
(-1.0687 20.0005 0)
(-1.0687 20.0005 0)
(-1.06871 20.0005 0)
(-1.06871 20.0005 0)
(-1.06871 20.0005 0)
(-1.06871 20.0006 0)
(-1.06871 20.0006 0)
(-1.06871 20.0006 0)
(-1.06871 20.0006 0)
(-1.06871 20.0006 0)
(-1.06871 20.0006 0)
(-1.06871 20.0006 0)
(-1.06871 20.0006 0)
(-1.06871 20.0006 0)
(-1.06871 20.0006 0)
(-1.06871 20.0006 0)
(-1.06871 20.0006 0)
(-1.06871 20.0006 0)
(-1.06871 20.0006 0)
(-1.06871 20.0006 0)
(-1.06871 20.0006 0)
(-1.06871 20.0006 0)
(-1.06871 20.0006 0)
(-1.06871 20.0006 0)
(-1.06871 20.0006 0)
(-1.06871 20.0006 0)
(-1.06871 20.0006 0)
(-1.06871 20.0006 0)
(-1.06871 20.0006 0)
(-1.06871 20.0006 0)
(-1.06871 20.0006 0)
(-1.06871 20.0006 0)
(-1.06871 20.0006 0)
(-1.06871 20.0006 0)
(-1.06871 20.0006 0)
(-1.06871 20.0006 0)
(-1.06871 20.0006 0)
(-1.06871 20.0006 0)
(-1.06871 20.0006 0)
(-1.06871 20.0006 0)
(-1.06871 20.0006 0)
(-1.06871 20.0006 0)
(-1.06871 20.0006 0)
(-1.06871 20.0006 0)
(-1.06871 20.0006 0)
(-1.06871 20.0006 0)
(-1.06871 20.0006 0)
(-1.06872 20.0006 0)
(-1.06872 20.0006 0)
(-1.06872 20.0006 0)
(-1.06872 20.0006 0)
(-1.06873 20.0005 0)
(-1.06874 20.0005 0)
(-1.06875 20.0005 0)
(-1.06877 20.0005 0)
(-1.06881 20.0004 0)
(-1.06886 20.0003 0)
(-1.06895 20.0002 0)
(-1.0691 20.0001 0)
(-1.06935 19.9999 0)
(-1.06981 19.9998 0)
(-1.07064 19.9999 0)
(-1.07216 20.0006 0)
(-1.0744 20.0024 0)
(-1.07746 20.0043 0)
(-0.901549 19.7277 0)
(-0.967284 19.802 0)
(-1.03007 19.8349 0)
(-1.06648 19.8551 0)
(-1.08305 19.8781 0)
(-1.09323 19.9007 0)
(-1.09888 19.9205 0)
(-1.10303 19.9368 0)
(-1.10601 19.9498 0)
(-1.1084 19.9601 0)
(-1.11028 19.9683 0)
(-1.1118 19.9748 0)
(-1.11302 19.98 0)
(-1.114 19.9842 0)
(-1.11478 19.9875 0)
(-1.11541 19.9902 0)
(-1.1159 19.9923 0)
(-1.11629 19.994 0)
(-1.11659 19.9954 0)
(-1.11683 19.9965 0)
(-1.11701 19.9973 0)
(-1.11715 19.998 0)
(-1.11726 19.9986 0)
(-1.11734 19.999 0)
(-1.11741 19.9994 0)
(-1.11746 19.9996 0)
(-1.11749 19.9999 0)
(-1.11752 20 0)
(-1.11754 20.0002 0)
(-1.11756 20.0003 0)
(-1.11757 20.0004 0)
(-1.11758 20.0004 0)
(-1.11758 20.0005 0)
(-1.11759 20.0005 0)
(-1.11759 20.0005 0)
(-1.11759 20.0006 0)
(-1.1176 20.0006 0)
(-1.1176 20.0006 0)
(-1.1176 20.0006 0)
(-1.1176 20.0006 0)
(-1.1176 20.0006 0)
(-1.1176 20.0006 0)
(-1.1176 20.0006 0)
(-1.1176 20.0006 0)
(-1.1176 20.0006 0)
(-1.1176 20.0006 0)
(-1.1176 20.0006 0)
(-1.1176 20.0006 0)
(-1.1176 20.0006 0)
(-1.1176 20.0006 0)
(-1.1176 20.0006 0)
(-1.1176 20.0006 0)
(-1.1176 20.0006 0)
(-1.1176 20.0006 0)
(-1.1176 20.0006 0)
(-1.1176 20.0006 0)
(-1.1176 20.0006 0)
(-1.1176 20.0006 0)
(-1.1176 20.0006 0)
(-1.1176 20.0006 0)
(-1.1176 20.0006 0)
(-1.1176 20.0006 0)
(-1.1176 20.0006 0)
(-1.1176 20.0006 0)
(-1.1176 20.0006 0)
(-1.1176 20.0006 0)
(-1.1176 20.0006 0)
(-1.1176 20.0006 0)
(-1.1176 20.0006 0)
(-1.1176 20.0006 0)
(-1.1176 20.0006 0)
(-1.1176 20.0006 0)
(-1.1176 20.0006 0)
(-1.1176 20.0006 0)
(-1.1176 20.0006 0)
(-1.1176 20.0006 0)
(-1.1176 20.0006 0)
(-1.1176 20.0006 0)
(-1.1176 20.0006 0)
(-1.1176 20.0006 0)
(-1.1176 20.0006 0)
(-1.1176 20.0006 0)
(-1.1176 20.0006 0)
(-1.1176 20.0006 0)
(-1.11761 20.0006 0)
(-1.11761 20.0006 0)
(-1.11761 20.0006 0)
(-1.11762 20.0006 0)
(-1.11763 20.0006 0)
(-1.11765 20.0005 0)
(-1.11768 20.0005 0)
(-1.11772 20.0004 0)
(-1.11779 20.0003 0)
(-1.11791 20.0002 0)
(-1.11812 20.0001 0)
(-1.11849 20 0)
(-1.11914 20.0002 0)
(-1.12027 20.0011 0)
(-1.12184 20.003 0)
(-1.12341 20.0049 0)
(-0.945996 19.8198 0)
(-1.01675 19.8639 0)
(-1.06623 19.8785 0)
(-1.097 19.8888 0)
(-1.10981 19.9051 0)
(-1.11839 19.9225 0)
(-1.12295 19.938 0)
(-1.12634 19.9508 0)
(-1.12869 19.9611 0)
(-1.13057 19.9691 0)
(-1.13203 19.9755 0)
(-1.13321 19.9806 0)
(-1.13415 19.9847 0)
(-1.13489 19.9879 0)
(-1.13549 19.9905 0)
(-1.13596 19.9926 0)
(-1.13632 19.9943 0)
(-1.13661 19.9956 0)
(-1.13683 19.9967 0)
(-1.137 19.9975 0)
(-1.13713 19.9982 0)
(-1.13723 19.9988 0)
(-1.13731 19.9992 0)
(-1.13737 19.9995 0)
(-1.13741 19.9998 0)
(-1.13744 20 0)
(-1.13746 20.0002 0)
(-1.13748 20.0003 0)
(-1.13749 20.0004 0)
(-1.1375 20.0005 0)
(-1.1375 20.0005 0)
(-1.13751 20.0006 0)
(-1.13751 20.0006 0)
(-1.13751 20.0007 0)
(-1.13751 20.0007 0)
(-1.13751 20.0007 0)
(-1.13752 20.0007 0)
(-1.13752 20.0007 0)
(-1.13752 20.0007 0)
(-1.13752 20.0007 0)
(-1.13752 20.0007 0)
(-1.13752 20.0008 0)
(-1.13752 20.0008 0)
(-1.13752 20.0008 0)
(-1.13752 20.0008 0)
(-1.13752 20.0008 0)
(-1.13752 20.0008 0)
(-1.13752 20.0008 0)
(-1.13752 20.0008 0)
(-1.13752 20.0008 0)
(-1.13752 20.0008 0)
(-1.13752 20.0008 0)
(-1.13752 20.0008 0)
(-1.13752 20.0008 0)
(-1.13752 20.0008 0)
(-1.13752 20.0008 0)
(-1.13752 20.0008 0)
(-1.13752 20.0008 0)
(-1.13752 20.0008 0)
(-1.13752 20.0008 0)
(-1.13752 20.0008 0)
(-1.13752 20.0008 0)
(-1.13752 20.0008 0)
(-1.13752 20.0008 0)
(-1.13752 20.0008 0)
(-1.13752 20.0008 0)
(-1.13752 20.0008 0)
(-1.13752 20.0008 0)
(-1.13752 20.0008 0)
(-1.13752 20.0008 0)
(-1.13752 20.0008 0)
(-1.13752 20.0008 0)
(-1.13752 20.0008 0)
(-1.13752 20.0008 0)
(-1.13752 20.0008 0)
(-1.13752 20.0008 0)
(-1.13752 20.0008 0)
(-1.13752 20.0008 0)
(-1.13752 20.0008 0)
(-1.13752 20.0008 0)
(-1.13752 20.0008 0)
(-1.13752 20.0008 0)
(-1.13752 20.0008 0)
(-1.13752 20.0008 0)
(-1.13752 20.0008 0)
(-1.13752 20.0007 0)
(-1.13753 20.0007 0)
(-1.13753 20.0007 0)
(-1.13754 20.0007 0)
(-1.13755 20.0007 0)
(-1.13757 20.0007 0)
(-1.13761 20.0006 0)
(-1.13766 20.0005 0)
(-1.13775 20.0004 0)
(-1.13791 20.0004 0)
(-1.13818 20.0003 0)
(-1.13866 20.0006 0)
(-1.1394 20.0014 0)
(-1.14031 20.0032 0)
(-1.14035 20.005 0)
(-0.947612 19.9202 0)
(-1.01618 19.921 0)
(-1.04464 19.9189 0)
(-1.06816 19.922 0)
(-1.0768 19.9323 0)
(-1.08358 19.9447 0)
(-1.08689 19.9559 0)
(-1.0894 19.9652 0)
(-1.09103 19.9725 0)
(-1.09233 19.9783 0)
(-1.09332 19.9829 0)
(-1.0941 19.9866 0)
(-1.09472 19.9895 0)
(-1.09521 19.9918 0)
(-1.09559 19.9936 0)
(-1.09589 19.9951 0)
(-1.09612 19.9963 0)
(-1.0963 19.9973 0)
(-1.09643 19.998 0)
(-1.09653 19.9986 0)
(-1.09661 19.9991 0)
(-1.09666 19.9995 0)
(-1.0967 19.9998 0)
(-1.09673 20.0001 0)
(-1.09675 20.0002 0)
(-1.09676 20.0004 0)
(-1.09677 20.0005 0)
(-1.09677 20.0006 0)
(-1.09678 20.0007 0)
(-1.09678 20.0007 0)
(-1.09678 20.0008 0)
(-1.09678 20.0008 0)
(-1.09678 20.0008 0)
(-1.09678 20.0009 0)
(-1.09677 20.0009 0)
(-1.09677 20.0009 0)
(-1.09677 20.0009 0)
(-1.09677 20.0009 0)
(-1.09677 20.0009 0)
(-1.09677 20.0009 0)
(-1.09677 20.0009 0)
(-1.09677 20.0009 0)
(-1.09677 20.0009 0)
(-1.09677 20.0009 0)
(-1.09677 20.0009 0)
(-1.09677 20.0009 0)
(-1.09677 20.0009 0)
(-1.09677 20.0009 0)
(-1.09677 20.0009 0)
(-1.09677 20.0009 0)
(-1.09677 20.0009 0)
(-1.09677 20.0009 0)
(-1.09677 20.0009 0)
(-1.09677 20.0009 0)
(-1.09677 20.0009 0)
(-1.09677 20.0009 0)
(-1.09677 20.0009 0)
(-1.09677 20.0009 0)
(-1.09677 20.0009 0)
(-1.09677 20.0009 0)
(-1.09677 20.0009 0)
(-1.09677 20.0009 0)
(-1.09677 20.0009 0)
(-1.09677 20.0009 0)
(-1.09677 20.0009 0)
(-1.09677 20.0009 0)
(-1.09677 20.0009 0)
(-1.09677 20.0009 0)
(-1.09677 20.0009 0)
(-1.09677 20.0009 0)
(-1.09677 20.0009 0)
(-1.09677 20.0009 0)
(-1.09677 20.0009 0)
(-1.09677 20.0009 0)
(-1.09677 20.0009 0)
(-1.09677 20.0009 0)
(-1.09677 20.0009 0)
(-1.09677 20.0009 0)
(-1.09677 20.0009 0)
(-1.09677 20.0009 0)
(-1.09677 20.0009 0)
(-1.09677 20.0009 0)
(-1.09677 20.0009 0)
(-1.09677 20.0009 0)
(-1.09677 20.0009 0)
(-1.09677 20.0009 0)
(-1.09678 20.0009 0)
(-1.09678 20.0009 0)
(-1.09678 20.0009 0)
(-1.09679 20.0009 0)
(-1.09681 20.0009 0)
(-1.09683 20.0008 0)
(-1.09687 20.0008 0)
(-1.09693 20.0007 0)
(-1.09704 20.0006 0)
(-1.09722 20.0006 0)
(-1.09753 20.0009 0)
(-1.09792 20.0016 0)
(-1.09826 20.003 0)
(-1.09707 20.0044 0)
(-0.842969 20.0116 0)
(-0.895669 19.9668 0)
(-0.897655 19.9546 0)
(-0.912816 19.954 0)
(-0.9173 19.9595 0)
(-0.92201 19.967 0)
(-0.92397 19.9737 0)
(-0.925506 19.9793 0)
(-0.926373 19.9838 0)
(-0.927059 19.9873 0)
(-0.927546 19.99 0)
(-0.927933 19.9922 0)
(-0.928226 19.9939 0)
(-0.928455 19.9953 0)
(-0.928629 19.9964 0)
(-0.92876 19.9973 0)
(-0.928857 19.998 0)
(-0.928927 19.9986 0)
(-0.928976 19.9991 0)
(-0.92901 19.9994 0)
(-0.929031 19.9997 0)
(-0.929044 20 0)
(-0.92905 20.0001 0)
(-0.929053 20.0003 0)
(-0.929052 20.0004 0)
(-0.929049 20.0005 0)
(-0.929045 20.0006 0)
(-0.929041 20.0006 0)
(-0.929037 20.0007 0)
(-0.929032 20.0007 0)
(-0.929028 20.0007 0)
(-0.929025 20.0007 0)
(-0.929021 20.0008 0)
(-0.929019 20.0008 0)
(-0.929016 20.0008 0)
(-0.929014 20.0008 0)
(-0.929013 20.0008 0)
(-0.929011 20.0008 0)
(-0.92901 20.0008 0)
(-0.929009 20.0008 0)
(-0.929008 20.0008 0)
(-0.929008 20.0008 0)
(-0.929007 20.0008 0)
(-0.929007 20.0008 0)
(-0.929007 20.0008 0)
(-0.929006 20.0008 0)
(-0.929006 20.0008 0)
(-0.929006 20.0008 0)
(-0.929006 20.0008 0)
(-0.929006 20.0008 0)
(-0.929006 20.0008 0)
(-0.929006 20.0008 0)
(-0.929006 20.0008 0)
(-0.929006 20.0008 0)
(-0.929006 20.0008 0)
(-0.929006 20.0008 0)
(-0.929006 20.0008 0)
(-0.929006 20.0008 0)
(-0.929006 20.0008 0)
(-0.929006 20.0008 0)
(-0.929006 20.0008 0)
(-0.929006 20.0008 0)
(-0.929006 20.0008 0)
(-0.929006 20.0008 0)
(-0.929006 20.0008 0)
(-0.929006 20.0008 0)
(-0.929005 20.0008 0)
(-0.929005 20.0008 0)
(-0.929005 20.0008 0)
(-0.929005 20.0008 0)
(-0.929005 20.0008 0)
(-0.929005 20.0008 0)
(-0.929005 20.0008 0)
(-0.929005 20.0008 0)
(-0.929005 20.0008 0)
(-0.929005 20.0008 0)
(-0.929006 20.0008 0)
(-0.929006 20.0008 0)
(-0.929006 20.0008 0)
(-0.929006 20.0008 0)
(-0.929006 20.0008 0)
(-0.929006 20.0008 0)
(-0.929006 20.0008 0)
(-0.929006 20.0008 0)
(-0.929006 20.0008 0)
(-0.929007 20.0008 0)
(-0.929008 20.0008 0)
(-0.929009 20.0008 0)
(-0.929012 20.0008 0)
(-0.929016 20.0008 0)
(-0.929023 20.0008 0)
(-0.929034 20.0007 0)
(-0.929054 20.0007 0)
(-0.929087 20.0007 0)
(-0.929148 20.0006 0)
(-0.929248 20.0006 0)
(-0.929412 20.0008 0)
(-0.929531 20.0013 0)
(-0.929514 20.0022 0)
(-0.927901 20.003 0)
(-0.483067 20.0438 0)
(-0.501095 19.9949 0)
(-0.484718 19.9854 0)
(-0.49082 19.9846 0)
(-0.491771 19.9862 0)
(-0.493855 19.9887 0)
(-0.494433 19.991 0)
(-0.494931 19.9929 0)
(-0.4951 19.9943 0)
(-0.495236 19.9955 0)
(-0.495305 19.9964 0)
(-0.495358 19.9971 0)
(-0.49539 19.9977 0)
(-0.495411 19.9982 0)
(-0.495422 19.9986 0)
(-0.495426 19.9988 0)
(-0.495425 19.9991 0)
(-0.495419 19.9993 0)
(-0.495411 19.9994 0)
(-0.495401 19.9995 0)
(-0.49539 19.9996 0)
(-0.495379 19.9997 0)
(-0.495369 19.9998 0)
(-0.495358 19.9998 0)
(-0.495349 19.9999 0)
(-0.49534 19.9999 0)
(-0.495332 19.9999 0)
(-0.495325 19.9999 0)
(-0.495319 20 0)
(-0.495314 20 0)
(-0.49531 20 0)
(-0.495306 20 0)
(-0.495303 20 0)
(-0.4953 20 0)
(-0.495298 20 0)
(-0.495296 20 0)
(-0.495295 20 0)
(-0.495294 20 0)
(-0.495293 20 0)
(-0.495292 20 0)
(-0.495291 20 0)
(-0.495291 20 0)
(-0.49529 20 0)
(-0.49529 20 0)
(-0.49529 20 0)
(-0.49529 20 0)
(-0.49529 20 0)
(-0.495289 20 0)
(-0.495289 20 0)
(-0.495289 20 0)
(-0.495289 20 0)
(-0.495289 20 0)
(-0.495289 20 0)
(-0.495289 20 0)
(-0.495289 20 0)
(-0.495289 20 0)
(-0.495289 20 0)
(-0.495289 20 0)
(-0.495289 20 0)
(-0.495289 20 0)
(-0.495289 20 0)
(-0.495289 20 0)
(-0.495289 20 0)
(-0.495289 20 0)
(-0.495289 20 0)
(-0.495289 20 0)
(-0.495289 20 0)
(-0.495289 20 0)
(-0.495289 20 0)
(-0.495289 20 0)
(-0.495289 20 0)
(-0.495289 20 0)
(-0.495289 20 0)
(-0.495289 20 0)
(-0.495289 20 0)
(-0.495289 20 0)
(-0.495289 20 0)
(-0.495289 20 0)
(-0.495289 20 0)
(-0.495289 20 0)
(-0.495289 20 0)
(-0.495289 20 0)
(-0.495289 20 0)
(-0.495289 20 0)
(-0.495289 20 0)
(-0.495289 20 0)
(-0.495289 20 0)
(-0.495289 20 0)
(-0.495289 20 0)
(-0.49529 20 0)
(-0.49529 20 0)
(-0.495292 20 0)
(-0.495297 20 0)
(-0.495305 20 0)
(-0.495324 19.9999 0)
(-0.495353 19.9999 0)
(-0.495402 20 0)
(-0.495374 20.0002 0)
(-0.495265 20.0005 0)
(-0.494406 20.0007 0)
)
;

boundaryField
{
    inlet
    {
        type            zeroGradient;
    }
    outlet
    {
        type            zeroGradient;
    }
    lowerWall
    {
        type            fixedValue;
        value           uniform (0 20 0);
    }
    upperWall
    {
        type            fixedValue;
        value           uniform (0 20 0);
    }
    frontAndBack
    {
        type            empty;
    }
}


// ************************************************************************* //
