/*--------------------------------*- C++ -*----------------------------------*\
| =========                 |                                                 |
| \\      /  F ield         | OpenFOAM: The Open Source CFD Toolbox           |
|  \\    /   O peration     | Version:  v1906                                 |
|   \\  /    A nd           | Web:      www.OpenFOAM.com                      |
|    \\/     M anipulation  |                                                 |
\*---------------------------------------------------------------------------*/
FoamFile
{
    version     2.0;
    format      ascii;
    class       surfaceScalarField;
    location    "2";
    object      phi;
}
// * * * * * * * * * * * * * * * * * * * * * * * * * * * * * * * * * * * * * //

dimensions      [0 3 -1 0 0 0 0];
oriented        oriented;


internalField   nonuniform List<scalar> 
7860
(
0.0026653
0.0023347
0.00260244
6.28578e-05
0.00261618
-1.3741e-05
0.00260096
1.52131e-05
0.00260689
-5.92731e-06
0.00260008
6.81589e-06
0.00260211
-2.0382e-06
0.00259915
2.96023e-06
0.00259975
-5.98735e-07
0.00259843
1.32122e-06
0.00259855
-1.24911e-07
0.00259796
5.98059e-07
0.00259795
3.84792e-09
0.00259768
2.70763e-07
0.00259766
2.47019e-08
0.00259754
1.21693e-07
0.00259752
1.9469e-08
0.00259747
5.41884e-08
0.00259745
1.16425e-08
0.00259743
2.37727e-08
0.00259743
6.04163e-09
0.00259742
1.01929e-08
0.00259741
2.85387e-09
0.00259741
4.37142e-09
0.00259741
1.36627e-09
0.0025974
1.88131e-09
0.0025974
6.45231e-10
0.0025974
7.52633e-10
0.0025974
2.36855e-10
0.0025974
2.85881e-10
0.0025974
5.94998e-11
0.0025974
1.38229e-10
0.0025974
6.04377e-11
0.0025974
1.06474e-10
0.0025974
7.54979e-11
0.0025974
7.60703e-11
0.0025974
5.54561e-11
0.0025974
5.77628e-11
0.0025974
3.02673e-11
0.0025974
5.98548e-11
0.0025974
1.65129e-11
0.0025974
1.70321e-11
0.0025974
-2.41222e-11
0.0025974
-4.99965e-11
0.0025974
-6.80124e-11
0.0025974
-5.96258e-11
0.0025974
-7.2895e-11
0.0025974
-4.02155e-11
0.0025974
-5.43717e-11
0.0025974
-1.68125e-11
0.0025974
-9.57427e-12
0.0025974
1.73835e-11
0.0025974
1.48598e-11
0.0025974
2.7256e-11
0.0025974
-1.66683e-11
0.0025974
-5.70025e-11
0.0025974
-1.09811e-10
0.0025974
-1.13822e-10
0.0025974
-1.0424e-10
0.0025974
-3.8413e-11
0.0025974
-9.255e-12
0.0025974
4.7415e-11
0.0025974
5.2274e-11
0.0025974
4.58554e-11
0.0025974
1.60832e-11
0.0025974
-1.60968e-11
0.0025974
-4.721e-11
0.0025974
-3.1214e-11
0.0025974
-4.38515e-11
0.0025974
-1.23203e-11
0.0025974
1.02883e-11
0.0025974
2.96903e-11
0.0025974
2.46679e-11
0.0025974
2.33968e-11
0.0025974
7.29303e-12
0.0025974
3.96263e-11
0.0025974
4.33178e-11
0.0025974
6.21072e-11
0.0025974
7.24973e-11
0.0025974
9.08035e-11
0.0025974
9.59918e-11
0.0025974
1.07036e-10
0.0025974
8.65675e-11
0.0025974
7.63792e-11
0.0025974
8.83443e-11
0.0025974
7.48355e-11
0.0025974
1.57869e-10
0.0025974
1.88718e-10
0.0025974
4.43046e-10
0.0025974
5.98786e-10
0.0025974
1.4057e-09
0.0025974
2.05719e-09
0.00259739
4.84819e-09
0.00259739
7.4118e-09
0.00259737
1.75402e-08
0.00259735
1.92173e-08
0.0025973
5.24298e-08
0.00259733
-2.80731e-08
0.00259629
1.03769e-06
-2.60761e-07
0.00439865
0.00293606
0.00434233
0.000119167
0.00435433
-2.57358e-05
0.00433589
3.36523e-05
0.00434224
-1.22775e-05
0.00433369
1.53628e-05
0.00433577
-4.11267e-06
0.00433197
6.75377e-06
0.00433247
-1.10188e-06
0.00433074
3.0589e-06
0.00433076
-1.46867e-07
0.00432995
1.40863e-06
0.00432987
8.24301e-08
0.00432949
6.49781e-07
0.00432942
9.60583e-08
0.00432925
2.97973e-07
0.0043292
6.53197e-08
0.00432912
1.3529e-07
0.00432909
3.71913e-08
0.00432906
6.05054e-08
0.00432905
1.9121e-08
0.00432903
2.65631e-08
0.00432902
9.15022e-09
0.00432902
1.16724e-08
0.00432901
4.38471e-09
0.00432901
5.13767e-09
0.00432901
2.05226e-09
0.00432901
2.18321e-09
0.00432901
7.74e-10
0.004329
8.97894e-10
0.004329
2.32243e-10
0.004329
4.77273e-10
0.004329
1.84984e-10
0.004329
3.33203e-10
0.004329
1.30771e-10
0.004329
2.05172e-10
0.004329
4.16263e-12
0.004329
1.18604e-10
0.004329
-7.43653e-11
0.004329
1.12378e-10
0.004329
-7.70288e-11
0.004329
4.86777e-11
0.004329
-1.15214e-10
0.004329
-1.53576e-11
0.004329
-1.43768e-10
0.004329
2.88253e-11
0.004329
-1.26978e-10
0.004329
6.07795e-11
0.004329
-1.12998e-10
0.004329
5.38697e-11
0.004329
-8.05989e-11
0.004329
7.1081e-11
0.004329
-8.65321e-11
0.004329
5.06743e-11
0.004329
-1.68462e-10
0.004329
-1.5101e-10
0.004329
-3.81359e-10
0.004329
-2.63788e-10
0.004329
-3.52739e-10
0.004329
-6.06707e-11
0.004329
-8.45862e-11
0.004329
1.65826e-10
0.004329
8.05751e-11
0.004329
1.71387e-10
0.004329
-2.03422e-11
0.004329
8.27794e-12
0.004329
-1.81624e-10
0.004329
-4.35734e-11
0.004329
-1.63254e-10
0.004329
8.29307e-12
0.004329
-2.22665e-11
0.004329
1.22986e-10
0.004329
2.08393e-11
0.004329
1.0588e-10
0.004329
-2.97308e-11
0.004329
1.18152e-10
0.004329
5.75942e-11
0.004329
1.82462e-10
0.004329
1.39024e-10
0.004329
2.70372e-10
0.004329
2.24274e-10
0.004329
3.26392e-10
0.00432901
2.27866e-10
0.00432901
2.72315e-10
0.00432901
2.75239e-10
0.00432901
3.17883e-10
0.00432901
4.51283e-10
0.00432901
6.01671e-10
0.00432901
1.15399e-09
0.004329
1.61078e-09
0.004329
3.52107e-09
0.004329
5.34023e-09
0.00432899
1.22036e-08
0.00432898
1.89196e-08
0.00432895
4.48438e-08
0.00432892
4.89001e-08
0.00432882
1.52997e-07
0.00432883
-3.28167e-08
0.00432708
2.78242e-06
5.32166e-06
0.00495242
0.00298364
0.00492502
0.000146562
0.00492766
-2.83753e-05
0.00491524
4.60731e-05
0.00491804
-1.50787e-05
0.00491178
2.16174e-05
0.00491249
-4.82369e-06
0.00490959
9.65975e-06
0.00490956
-1.06906e-06
0.00490816
4.45877e-06
0.00490796
5.1494e-08
0.00490727
2.094e-06
0.0049071
2.56238e-07
0.00490676
9.86354e-07
0.00490665
2.10515e-07
0.00490649
4.61984e-07
0.00490642
1.31449e-07
0.00490634
2.14006e-07
0.00490631
7.24516e-08
0.00490627
9.755e-08
0.00490625
3.69015e-08
0.00490624
4.3674e-08
0.00490623
1.77326e-08
0.00490622
1.95834e-08
0.00490621
8.52259e-09
0.00490621
8.80417e-09
0.00490621
4.01016e-09
0.00490621
3.89044e-09
0.00490621
1.5767e-09
0.00490621
1.65957e-09
0.0049062
5.3244e-10
0.0049062
9.08687e-10
0.0049062
3.66432e-10
0.0049062
5.89434e-10
0.0049062
1.58603e-10
0.0049062
3.06456e-10
0.0049062
-1.38188e-10
0.0049062
1.09403e-10
0.0049062
-2.77251e-10
0.0049062
1.08897e-10
0.0049062
-2.35937e-10
0.0049062
6.4687e-11
0.0049062
-2.23876e-10
0.0049062
7.28795e-11
0.0049062
-1.67623e-10
0.0049062
2.32599e-10
0.0049062
-9.82243e-11
0.0049062
2.71373e-10
0.0049062
-1.15093e-10
0.0049062
1.82502e-10
0.0049062
-1.56588e-10
0.0049062
1.32486e-10
0.0049062
-2.32525e-10
0.0049062
6.02202e-11
0.0049062
-3.68485e-10
0.0049062
-2.65442e-10
0.0049062
-7.10111e-10
0.0049062
-4.38316e-10
0.0049062
-6.58863e-10
0.0049062
-9.02537e-11
0.0049062
-1.80722e-10
0.0049062
3.09096e-10
0.0049062
1.18096e-10
0.0049062
3.41265e-10
0.0049062
-5.32424e-11
0.0049062
6.34666e-11
0.0049062
-3.26389e-10
0.0049062
-3.5597e-11
0.0049062
-2.84028e-10
0.0049062
5.54349e-11
0.0049062
-5.65226e-11
0.0049062
2.37084e-10
0.0049062
3.3195e-14
0.0049062
1.82701e-10
0.0049062
-1.2116e-10
0.0049062
1.46397e-10
0.0049062
-2.32341e-12
0.00490621
2.52703e-10
0.00490621
1.36774e-10
0.00490621
4.15545e-10
0.00490621
3.07089e-10
0.00490621
5.25406e-10
0.00490621
3.33764e-10
0.00490621
4.53516e-10
0.00490621
4.34624e-10
0.00490621
5.64448e-10
0.00490621
7.08623e-10
0.00490621
1.02475e-09
0.00490621
1.82451e-09
0.00490621
2.66185e-09
0.0049062
5.58853e-09
0.0049062
8.78961e-09
0.00490619
1.96216e-08
0.00490618
3.08111e-08
0.00490615
7.33638e-08
0.00490612
7.93548e-08
0.004906
2.79602e-07
0.00490597
-5.72569e-09
0.0049037
5.05621e-06
1.40716e-05
0.00513035
0.00285329
0.00511605
0.000160864
0.00511613
-2.84594e-05
0.00510726
5.4943e-05
0.00510862
-1.6442e-05
0.00510386
2.63843e-05
0.00510407
-5.03273e-06
0.0051018
1.19265e-05
0.00510159
-8.62213e-07
0.00510046
5.58753e-06
0.00510021
3.05559e-07
0.00509964
2.66663e-06
0.00509945
4.48717e-07
0.00509915
1.27753e-06
0.00509903
3.32458e-07
0.00509889
6.08912e-07
0.00509882
2.01305e-07
0.00509875
2.86775e-07
0.00509871
1.09845e-07
0.00509867
1.32787e-07
0.00509865
5.59313e-08
0.00509864
6.03685e-08
0.00509863
2.7054e-08
0.00509862
2.74975e-08
0.00509862
1.3095e-08
0.00509861
1.25739e-08
0.00509861
6.20969e-09
0.00509861
5.70919e-09
0.00509861
2.51873e-09
0.00509861
2.47164e-09
0.00509861
9.18027e-10
0.0050986
1.35729e-09
0.0050986
5.89146e-10
0.0050986
8.41377e-10
0.0050986
1.77916e-10
0.0050986
3.74197e-10
0.0050986
-3.12566e-10
0.0050986
3.89433e-11
0.0050986
-5.13032e-10
0.0050986
5.58524e-11
0.0050986
-4.09263e-10
0.0050986
4.65048e-11
0.0050986
-3.28871e-10
0.0050986
1.70808e-10
0.0050986
-1.43585e-10
0.0050986
4.87876e-10
0.0050986
7.69857e-12
0.0050986
5.26997e-10
0.0050986
-5.62872e-11
0.0050986
3.29489e-10
0.0050986
-2.1434e-10
0.0050986
1.81483e-10
0.0050986
-3.72115e-10
0.0050986
5.0595e-11
0.0050986
-5.62576e-10
0.0050986
-3.94107e-10
0.0050986
-1.03749e-09
0.0050986
-6.30903e-10
0.0050986
-9.60609e-10
0.0050986
-1.31074e-10
0.0050986
-2.51272e-10
0.0050986
4.64723e-10
0.0050986
1.98176e-10
0.0050986
5.41083e-10
0.0050986
-4.67504e-11
0.0050986
1.37095e-10
0.0050986
-4.40937e-10
0.0050986
-2.1164e-11
0.0050986
-3.75312e-10
0.0050986
1.05242e-10
0.0050986
-8.28118e-11
0.0050986
3.3576e-10
0.0050986
-3.36198e-11
0.0050986
2.18314e-10
0.0050986
-2.51691e-10
0.0050986
1.01763e-10
0.00509861
-1.20981e-10
0.00509861
2.51784e-10
0.00509861
7.58142e-11
0.00509861
4.96264e-10
0.00509861
3.41249e-10
0.00509861
6.61726e-10
0.00509861
3.92523e-10
0.00509861
5.71003e-10
0.00509861
5.33408e-10
0.00509861
7.46019e-10
0.00509861
8.88047e-10
0.00509861
1.36397e-09
0.00509861
2.38189e-09
0.00509861
3.5822e-09
0.00509861
7.40827e-09
0.0050986
1.19188e-08
0.0050986
2.63338e-08
0.00509859
4.15068e-08
0.00509856
9.99963e-08
0.00509853
1.06994e-07
0.0050984
4.16756e-07
0.00509834
4.59519e-08
0.00509585
7.54794e-06
2.28453e-05
0.00518419
0.0026691
0.00517712
0.000167926
0.00517641
-2.77444e-05
0.00517023
6.1121e-05
0.00517082
-1.70359e-05
0.00516727
2.99378e-05
0.00516726
-5.02566e-06
0.00516552
1.36695e-05
0.00516527
-6.12983e-07
0.00516438
6.4741e-06
0.00516413
5.58699e-07
0.00516367
3.12935e-06
0.00516348
6.32839e-07
0.00516324
1.52e-06
0.00516313
4.48142e-07
0.005163
7.35209e-07
0.00516294
2.67681e-07
0.00516287
3.51028e-07
0.00516284
1.4572e-07
0.0051628
1.64674e-07
0.00516279
7.4457e-08
0.00516277
7.58345e-08
0.00516276
3.62587e-08
0.00516275
3.49869e-08
0.00516275
1.76575e-08
0.00516275
1.62082e-08
0.00516274
8.45089e-09
0.00516274
7.50434e-09
0.00516274
3.50337e-09
0.00516274
3.28056e-09
0.00516274
1.3198e-09
0.00516274
1.78562e-09
0.00516274
8.05432e-10
0.00516274
1.06642e-09
0.00516274
1.80164e-10
0.00516274
4.2133e-10
0.00516274
-4.95345e-10
0.00516274
-6.85905e-11
0.00516274
-7.66763e-10
0.00516274
-2.93611e-11
0.00516274
-6.00152e-10
0.00516274
9.36787e-12
0.00516274
-4.25515e-10
0.00516274
2.83553e-10
0.00516274
-7.06914e-11
0.00516274
7.90516e-10
0.00516274
1.76785e-10
0.00516274
8.26242e-10
0.00516274
4.98686e-11
0.00516274
4.84742e-10
0.00516274
-2.74103e-10
0.00516274
1.98634e-10
0.00516274
-5.34648e-10
0.00516274
1.26473e-11
0.00516274
-7.55117e-10
0.00516274
-5.13777e-10
0.00516274
-1.32778e-09
0.00516274
-7.96438e-10
0.00516274
-1.22608e-09
0.00516274
-1.59951e-10
0.00516274
-3.04113e-10
0.00516274
6.23265e-10
0.00516274
2.98429e-10
0.00516274
7.57675e-10
0.00516274
-2.93421e-12
0.00516274
2.37139e-10
0.00516274
-5.21963e-10
0.00516274
6.29323e-12
0.00516274
-4.57326e-10
0.00516274
1.37149e-10
0.00516274
-1.30942e-10
0.00516274
3.96615e-10
0.00516274
-9.14911e-11
0.00516274
2.2272e-10
0.00516274
-4.01823e-10
0.00516274
2.62439e-11
0.00516274
-2.64272e-10
0.00516274
2.14907e-10
0.00516274
-1.96954e-11
0.00516274
5.27763e-10
0.00516274
3.33215e-10
0.00516274
7.49547e-10
0.00516274
4.15121e-10
0.00516274
6.50591e-10
0.00516274
5.93227e-10
0.00516274
8.77409e-10
0.00516274
1.00031e-09
0.00516274
1.6147e-09
0.00516274
2.80609e-09
0.00516274
4.33343e-09
0.00516274
8.91907e-09
0.00516274
1.45775e-08
0.00516273
3.20875e-08
0.00516272
5.05316e-08
0.0051627
1.23538e-07
0.00516268
1.30646e-07
0.00516254
5.54288e-07
0.00516248
1.03156e-07
0.00516013
9.90166e-06
3.04685e-05
0.00519723
0.00247187
0.00519512
0.000170039
0.00519412
-2.675e-05
0.00519018
6.50613e-05
0.00519028
-1.71386e-05
0.0051878
3.24155e-05
0.00518767
-4.88643e-06
0.00518641
1.49276e-05
0.00518616
-3.61685e-07
0.00518549
7.13797e-06
0.00518527
7.84861e-07
0.00518491
3.48898e-06
0.00518475
7.93418e-07
0.00518455
1.71486e-06
0.00518445
5.49585e-07
0.00518435
8.38809e-07
0.00518429
3.26848e-07
0.00518424
4.05097e-07
0.0051842
1.78061e-07
0.00518418
1.92121e-07
0.00518416
9.14021e-08
0.00518415
8.94269e-08
0.00518414
4.47882e-08
0.00518413
4.16912e-08
0.00518413
2.19297e-08
0.00518412
1.95116e-08
0.00518412
1.0574e-08
0.00518412
9.15686e-09
0.00518412
4.44526e-09
0.00518412
4.01592e-09
0.00518412
1.70784e-09
0.00518412
2.15246e-09
0.00518412
1.01153e-09
0.00518412
1.26039e-09
0.00518412
1.87483e-10
0.00518412
4.62281e-10
0.00518412
-6.43467e-10
0.00518412
-1.89015e-10
0.00518412
-9.98481e-10
0.00518412
-1.31625e-10
0.00518412
-7.79908e-10
0.00518412
-5.5898e-11
0.00518412
-5.09797e-10
0.00518412
3.8414e-10
0.00518412
3.13028e-11
0.00518412
1.09749e-09
0.00518412
3.86487e-10
0.00518412
1.12261e-09
0.00518412
1.8859e-10
0.00518412
6.23005e-10
0.00518412
-3.2945e-10
0.00518412
1.80394e-10
0.00518412
-6.91171e-10
0.00518412
-4.96549e-11
0.00518412
-9.242e-10
0.00518412
-6.27356e-10
0.00518412
-1.56928e-09
0.00518412
-9.42449e-10
0.00518412
-1.43713e-09
0.00518412
-1.81812e-10
0.00518412
-3.20596e-10
0.00518412
7.80979e-10
0.00518411
4.29593e-10
0.00518411
9.79026e-10
0.00518411
7.91533e-11
0.00518411
3.42828e-10
0.00518411
-5.68599e-10
0.00518411
2.70547e-11
0.00518411
-5.2645e-10
0.00518411
1.40305e-10
0.00518411
-1.92054e-10
0.00518411
4.1711e-10
0.00518411
-1.5927e-10
0.00518412
1.95117e-10
0.00518412
-5.48056e-10
0.00518412
-6.90859e-11
0.00518412
-4.03572e-10
0.00518412
1.59475e-10
0.00518412
-1.18341e-10
0.00518412
5.27536e-10
0.00518412
3.11417e-10
0.00518412
8.01687e-10
0.00518412
4.26624e-10
0.00518412
7.02953e-10
0.00518412
6.31468e-10
0.00518412
9.6873e-10
0.00518412
1.06758e-09
0.00518412
1.78703e-09
0.00518412
3.11691e-09
0.00518412
4.9146e-09
0.00518412
1.0114e-08
0.00518412
1.67092e-08
0.00518411
3.67694e-08
0.00518411
5.77388e-08
0.00518409
1.43367e-07
0.00518407
1.49908e-07
0.00518394
6.83558e-07
0.00518388
1.58026e-07
0.00518186
1.19223e-05
3.66346e-05
0.00519728
0.00227459
0.00519892
0.000168398
0.00519782
-2.56438e-05
0.0051958
6.70727e-05
0.00519555
-1.68894e-05
0.00519404
3.39261e-05
0.00519382
-4.6639e-06
0.00519301
1.57386e-05
0.00519277
-1.24324e-07
0.00519232
7.58775e-06
0.00519213
9.78254e-07
0.00519188
3.74411e-06
0.00519174
9.27623e-07
0.0051916
1.85885e-06
0.00519151
6.34172e-07
0.00519143
9.18185e-07
0.00519139
3.76391e-07
0.00519134
4.47773e-07
0.00519132
2.05428e-07
0.00519129
2.14335e-07
0.00519128
1.05944e-07
0.00519127
1.00718e-07
0.00519126
5.21644e-08
0.00519125
4.73386e-08
0.00519125
2.56879e-08
0.00519125
2.23418e-08
0.00519125
1.24589e-08
0.00519124
1.05907e-08
0.00519124
5.28357e-09
0.00519124
4.64734e-09
0.00519124
2.04932e-09
0.00519124
2.44179e-09
0.00519124
1.18737e-09
0.00519124
1.41981e-09
0.00519124
1.96502e-10
0.00519124
5.09148e-10
0.00519124
-7.47815e-10
0.00519124
-3.02099e-10
0.00519124
-1.20078e-09
0.00519124
-2.35695e-10
0.00519124
-9.47687e-10
0.00519124
-1.41265e-10
0.00519124
-5.86045e-10
0.00519124
4.73521e-10
0.00519124
1.48481e-10
0.00519124
1.39836e-09
0.00519124
6.16288e-10
0.00519124
1.40744e-09
0.00519124
3.42175e-10
0.00519124
7.4199e-10
0.00519124
-3.87256e-10
0.00519124
1.3336e-10
0.00519124
-8.4502e-10
0.00519124
-1.27575e-10
0.00519124
-1.07283e-09
0.00519124
-7.28109e-10
0.00519124
-1.76446e-09
0.00519124
-1.06178e-09
0.00519124
-1.59794e-09
0.00519124
-1.94162e-10
0.00519124
-3.1283e-10
0.00519124
9.35814e-10
0.00519124
5.79602e-10
0.00519124
1.20088e-09
0.00519124
1.89713e-10
0.00519124
4.5605e-10
0.00519124
-5.85163e-10
0.00519124
4.57435e-11
0.00519124
-5.88894e-10
0.00519124
1.17677e-10
0.00519124
-2.70224e-10
0.00519124
4.02412e-10
0.00519124
-2.3777e-10
0.00519124
1.44874e-10
0.00519124
-6.83928e-10
0.00519124
-1.65251e-10
0.00519124
-5.26501e-10
0.00519124
1.04572e-10
0.00519124
-2.08436e-10
0.00519124
5.0957e-10
0.00519124
2.80956e-10
0.00519124
8.2825e-10
0.00519124
4.30097e-10
0.00519124
7.37933e-10
0.00519124
6.53818e-10
0.00519124
1.02977e-09
0.00519125
1.09853e-09
0.00519125
1.89157e-09
0.00519125
3.31965e-09
0.00519125
5.33011e-09
0.00519125
1.09906e-08
0.00519124
1.83034e-08
0.00519124
4.02994e-08
0.00519124
6.30929e-08
0.00519122
1.59159e-07
0.00519121
1.64615e-07
0.00519109
7.97875e-07
0.00519104
2.08427e-07
0.00518944
1.35209e-05
4.12946e-05
0.00519357
0.00208102
0.0051982
0.00016377
0.00519701
-2.44548e-05
0.00519668
6.73972e-05
0.00519616
-1.63642e-05
0.00519552
3.45582e-05
0.00519525
-4.38541e-06
0.00519485
1.61374e-05
0.00519464
8.71455e-08
0.00519439
7.83585e-06
0.00519423
1.13284e-06
0.00519408
3.8982e-06
0.00519398
1.0315e-06
0.00519388
1.95219e-06
0.00519382
6.99301e-07
0.00519376
9.72604e-07
0.00519373
4.14695e-07
0.0051937
4.78276e-07
0.00519367
2.26803e-07
0.00519366
2.30774e-07
0.00519365
1.17463e-07
0.00519364
1.09321e-07
0.00519363
5.80716e-08
0.00519363
5.17242e-08
0.00519362
2.87628e-08
0.00519362
2.45846e-08
0.00519362
1.40112e-08
0.00519362
1.17447e-08
0.00519362
5.97417e-09
0.00519362
5.14864e-09
0.00519362
2.3253e-09
0.00519362
2.64427e-09
0.00519362
1.32289e-09
0.00519362
1.54348e-09
0.00519362
2.07839e-10
0.00519362
5.66131e-10
0.00519362
-7.99565e-10
0.00519362
-3.94438e-10
0.00519362
-1.36626e-09
0.00519362
-3.32874e-10
0.00519362
-1.10146e-09
0.00519362
-2.44812e-10
0.00519362
-6.58615e-10
0.00519362
5.45885e-10
0.00519362
2.67572e-10
0.00519362
1.67887e-09
0.00519362
8.47796e-10
0.00519362
1.66588e-09
0.00519362
4.97875e-10
0.00519362
8.39301e-10
0.00519362
-4.4546e-10
0.00519362
6.71049e-11
0.00519362
-9.86501e-10
0.00519362
-2.11738e-10
0.00519362
-1.20009e-09
0.00519362
-8.18011e-10
0.00519362
-1.92201e-09
0.00519362
-1.16171e-09
0.00519362
-1.71804e-09
0.00519362
-2.0208e-10
0.00519362
-2.87497e-10
0.00519362
1.08465e-09
0.00519362
7.42473e-10
0.00519362
1.41922e-09
0.00519362
3.2274e-10
0.00519362
5.74773e-10
0.00519362
-5.73755e-10
0.00519362
6.38871e-11
0.00519362
-6.44735e-10
0.00519362
7.41875e-11
0.00519362
-3.606e-10
0.00519362
3.60273e-10
0.00519362
-3.22485e-10
0.00519362
7.77619e-11
0.00519362
-8.04449e-10
0.00519362
-2.53166e-10
0.00519362
-6.25427e-10
0.00519362
6.02559e-11
0.00519362
-2.81699e-10
0.00519362
4.83407e-10
0.00519362
2.48108e-10
0.00519362
8.34331e-10
0.00519362
4.26742e-10
0.00519362
7.57241e-10
0.00519362
6.61792e-10
0.00519362
1.06509e-09
0.00519362
1.09969e-09
0.00519362
1.93782e-09
0.00519362
3.42446e-09
0.00519362
5.58837e-09
0.00519362
1.15565e-08
0.00519362
1.9356e-08
0.00519362
4.26993e-08
0.00519362
6.65236e-08
0.0051936
1.70716e-07
0.00519359
1.74662e-07
0.0051935
8.92002e-07
0.00519346
2.51227e-07
0.00519231
1.4666e-05
4.44684e-05
0.00518909
0.00189194
0.00519616
0.000156698
0.00519487
-2.31646e-05
0.00519602
6.62451e-05
0.00519527
-1.56131e-05
0.00519543
3.43909e-05
0.00519512
-4.06713e-06
0.0051951
1.61551e-05
0.00519492
2.66106e-07
0.00519486
7.89425e-06
0.00519475
1.24503e-06
0.00519469
3.95535e-06
0.00519462
1.10259e-06
0.00519458
1.99581e-06
0.00519453
7.43325e-07
0.00519451
1.00174e-06
0.00519448
4.40742e-07
0.00519446
4.96094e-07
0.00519445
2.41541e-07
0.00519444
2.40997e-07
0.00519443
1.25568e-07
0.00519442
1.14988e-07
0.00519442
6.2277e-08
0.00519442
5.4696e-08
0.00519441
3.1027e-08
0.00519441
2.61574e-08
0.00519441
1.51591e-08
0.00519441
1.25749e-08
0.00519441
6.48476e-09
0.00519441
5.50243e-09
0.00519441
2.52098e-09
0.00519441
2.75594e-09
0.00519441
1.40946e-09
0.00519441
1.63046e-09
0.00519441
2.19293e-10
0.00519441
6.3394e-10
0.00519441
-7.99518e-10
0.00519441
-4.59326e-10
0.00519441
-1.49516e-09
0.00519441
-4.19862e-10
0.00519441
-1.24368e-09
0.00519441
-3.64076e-10
0.00519441
-7.31889e-10
0.00519441
5.99664e-10
0.00519441
3.78489e-10
0.00519441
1.92867e-09
0.00519441
1.06586e-09
0.00519441
1.88909e-09
0.00519441
6.44466e-10
0.00519441
9.16366e-10
0.00519441
-5.00077e-10
0.00519441
-5.85771e-12
0.00519441
-1.10808e-09
0.00519441
-2.92675e-10
0.00519441
-1.30831e-09
0.00519441
-9.01249e-10
0.00519441
-2.05452e-09
0.00519441
-1.25193e-09
0.00519441
-1.81177e-09
0.00519441
-2.11445e-10
0.00519441
-2.52489e-10
0.00519441
1.22731e-09
0.00519441
9.1454e-10
0.00519441
1.63287e-09
0.00519441
4.72634e-10
0.00519441
6.98954e-10
0.00519441
-5.37198e-10
0.00519441
8.4166e-11
0.00519441
-6.94559e-10
0.00519441
1.61033e-11
0.00519441
-4.58695e-10
0.00519441
2.98969e-10
0.00519441
-4.10383e-10
0.00519441
-6.39666e-13
0.00519441
-9.08277e-10
0.00519441
-3.26714e-10
0.00519441
-6.97493e-10
0.00519441
3.27155e-11
0.00519441
-3.34262e-10
0.00519441
4.5554e-10
0.00519441
2.14883e-10
0.00519441
8.22646e-10
0.00519441
4.13622e-10
0.00519441
7.59424e-10
0.00519441
6.53491e-10
0.00519441
1.07675e-09
0.00519441
1.07522e-09
0.00519441
1.93535e-09
0.00519441
3.44119e-09
0.00519441
5.69874e-09
0.00519441
1.18215e-08
0.00519441
1.98839e-08
0.00519441
4.39322e-08
0.00519441
6.81673e-08
0.0051944
1.77822e-07
0.0051944
1.80112e-07
0.00519433
9.61525e-07
0.0051943
2.84587e-07
0.00519361
1.5352e-05
4.62104e-05
0.00518477
0.00170716
0.00519387
0.000147599
0.00519245
-2.17479e-05
0.00519489
6.38061e-05
0.00519395
-1.4674e-05
0.00519484
3.34996e-05
0.0051945
-3.72085e-06
0.00519483
1.58216e-05
0.00519469
4.08981e-07
0.00519481
7.77495e-06
0.00519474
1.31319e-06
0.00519477
3.92008e-06
0.00519474
1.13985e-06
0.00519474
1.99106e-06
0.00519472
7.65453e-07
0.00519472
1.00575e-06
0.0051947
4.53953e-07
0.0051947
5.01067e-07
0.00519469
2.4924e-07
0.00519469
2.44783e-07
0.00519468
1.29997e-07
0.00519468
1.1752e-07
0.00519468
6.46599e-08
0.00519468
5.61839e-08
0.00519468
3.2392e-08
0.00519468
2.70206e-08
0.00519467
1.58397e-08
0.00519467
1.30511e-08
0.00519467
6.79546e-09
0.00519467
5.69757e-09
0.00519467
2.62668e-09
0.00519467
2.7759e-09
0.00519467
1.44134e-09
0.00519467
1.67913e-09
0.00519467
2.27539e-10
0.00519467
7.09396e-10
0.00519467
-7.54179e-10
0.00519467
-4.97132e-10
0.00519467
-1.59168e-09
0.00519467
-4.98514e-10
0.00519467
-1.37726e-09
0.00519467
-4.96742e-10
0.00519467
-8.07943e-10
0.00519467
6.35427e-10
0.00519467
4.75927e-10
0.00519467
2.14035e-09
0.00519467
1.26008e-09
0.00519467
2.07242e-09
0.00519467
7.73781e-10
0.00519467
9.74501e-10
0.00519467
-5.45673e-10
0.00519467
-7.33401e-11
0.00519467
-1.20315e-09
0.00519467
-3.63385e-10
0.00519467
-1.40067e-09
0.00519467
-9.83873e-10
0.00519467
-2.1742e-09
0.00519467
-1.34302e-09
0.00519467
-1.89299e-09
0.00519467
-2.28357e-10
0.00519467
-2.14521e-10
0.00519467
1.36472e-09
0.00519467
1.09482e-09
0.00519467
1.84146e-09
0.00519467
6.34526e-10
0.00519467
8.27673e-10
0.00519467
-4.78579e-10
0.00519467
1.07657e-10
0.00519467
-7.38291e-10
0.00519467
-5.04862e-11
0.00519467
-5.59035e-10
0.00519467
2.2635e-10
0.00519467
-4.97965e-10
0.00519467
-8.57508e-11
0.00519467
-9.95425e-10
0.00519467
-3.83289e-10
0.00519467
-7.42607e-10
0.00519467
2.46474e-11
0.00519467
-3.65167e-10
0.00519467
4.29599e-10
0.00519467
1.81856e-10
0.00519467
7.95286e-10
0.00519467
3.87928e-10
0.00519467
7.42706e-10
0.00519468
6.2723e-10
0.00519468
1.06612e-09
0.00519468
1.02863e-09
0.00519468
1.89315e-09
0.00519468
3.38015e-09
0.00519468
5.67383e-09
0.00519468
1.17868e-08
0.00519468
1.99e-08
0.00519468
4.40718e-08
0.00519468
6.81181e-08
0.00519468
1.80345e-07
0.00519468
1.81055e-07
0.00519463
1.00331e-06
0.00519461
3.07501e-07
0.00519438
1.55873e-05
4.65977e-05
0.00518089
0.00152627
0.00519168
0.000136813
0.00519012
-2.01855e-05
0.00519367
6.02526e-05
0.00519257
-1.35781e-05
0.00519411
3.19577e-05
0.00519375
-3.35604e-06
0.0051944
1.51673e-05
0.0051943
5.13634e-07
0.00519458
7.49077e-06
0.00519456
1.33705e-06
0.00519468
3.79765e-06
0.00519468
1.14323e-06
0.00519473
1.93993e-06
0.00519473
7.6554e-07
0.00519475
9.85311e-07
0.00519475
4.54142e-07
0.00519476
4.93361e-07
0.00519476
2.49722e-07
0.00519476
2.42128e-07
0.00519476
1.30597e-07
0.00519476
1.16861e-07
0.00519476
6.51339e-08
0.00519476
5.61464e-08
0.00519476
3.2816e-08
0.00519476
2.7135e-08
0.00519476
1.60408e-08
0.00519476
1.31645e-08
0.00519476
6.89599e-09
0.00519476
5.73144e-09
0.00519476
2.63614e-09
0.00519476
2.70922e-09
0.00519476
1.41355e-09
0.00519476
1.68876e-09
0.00519476
2.24791e-10
0.00519476
7.85942e-10
0.00519476
-6.74154e-10
0.00519476
-5.10144e-10
0.00519476
-1.6612e-09
0.00519476
-5.71284e-10
0.00519476
-1.50427e-09
0.00519476
-6.39367e-10
0.00519476
-8.86946e-10
0.00519476
6.55834e-10
0.00519476
5.58003e-10
0.00519476
2.31411e-09
0.00519476
1.42449e-09
0.00519476
2.21383e-09
0.00519476
8.80615e-10
0.00519476
1.01568e-09
0.00519476
-5.77396e-10
0.00519476
-1.26071e-10
0.00519476
-1.26554e-09
0.00519476
-4.19735e-10
0.00519476
-1.4808e-09
0.00519476
-1.07151e-09
0.00519476
-2.2891e-09
0.00519476
-1.44295e-09
0.00519476
-1.97176e-09
0.00519476
-2.5648e-10
0.00519476
-1.79392e-10
0.00519476
1.49724e-09
0.00519476
1.27772e-09
0.00519476
2.04467e-09
0.00519476
8.0122e-10
0.00519476
9.58857e-10
0.00519476
-4.01711e-10
0.00519476
1.35027e-10
0.00519476
-7.75627e-10
0.00519476
-1.1979e-10
0.00519476
-6.56224e-10
0.00519476
1.49779e-10
0.00519476
-5.81835e-10
0.00519476
-1.73425e-10
0.00519476
-1.06675e-09
0.00519476
-4.224e-10
0.00519476
-7.62894e-10
0.00519476
3.54389e-11
0.00519476
-3.75437e-10
0.00519476
4.07863e-10
0.00519476
1.50205e-10
0.00519476
7.55137e-10
0.00519476
3.4865e-10
0.00519476
7.06589e-10
0.00519476
5.82828e-10
0.00519476
1.03566e-09
0.00519476
9.6116e-10
0.00519476
1.81772e-09
0.00519477
3.25079e-09
0.00519477
5.5243e-09
0.00519477
1.1481e-08
0.00519477
1.94361e-08
0.00519477
4.31507e-08
0.00519477
6.64538e-08
0.00519477
1.78305e-07
0.00519478
1.77601e-07
0.00519476
1.01555e-06
0.00519475
3.19369e-07
0.00519495
1.53903e-05
4.57219e-05
0.0051775
0.00134877
0.00518969
0.000124622
0.00518797
-1.8466e-05
0.00519248
5.57416e-05
0.00519125
-1.23515e-05
0.00519337
2.98363e-05
0.005193
-2.98023e-06
0.00519394
1.42229e-05
0.00519388
5.79347e-07
0.00519431
7.05536e-06
0.00519433
1.31746e-06
0.00519454
3.59414e-06
0.00519457
1.11351e-06
0.00519466
1.84508e-06
0.00519469
7.44022e-07
0.00519473
9.41518e-07
0.00519474
4.41499e-07
0.00519476
4.73417e-07
0.00519477
2.4304e-07
0.00519478
2.33188e-07
0.00519478
1.27357e-07
0.00519479
1.13056e-07
0.00519479
6.36804e-08
0.00519479
5.45896e-08
0.00519479
3.22793e-08
0.00519479
2.6499e-08
0.00519479
1.5757e-08
0.00519479
1.2917e-08
0.00519479
6.7857e-09
0.00519479
5.60378e-09
0.00519479
2.55047e-09
0.00519479
2.55901e-09
0.00519479
1.32652e-09
0.00519479
1.65565e-09
0.00519479
2.09036e-10
0.00519479
8.56664e-10
0.00519479
-5.7106e-10
0.00519479
-5.03727e-10
0.00519479
-1.70958e-09
0.00519479
-6.41165e-10
0.00519479
-1.62383e-09
0.00519479
-7.87138e-10
0.00519479
-9.65481e-10
0.00519479
6.66546e-10
0.00519479
6.26965e-10
0.00519479
2.45117e-09
0.00519479
1.55951e-09
0.00519479
2.31654e-09
0.00519479
9.61954e-10
0.00519479
1.04073e-09
0.00519479
-5.92555e-10
0.00519479
-1.5886e-10
0.00519479
-1.297e-09
0.00519479
-4.61072e-10
0.00519479
-1.55164e-09
0.00519479
-1.16588e-09
0.00519479
-2.40385e-09
0.00519479
-1.55287e-09
0.00519479
-2.0517e-09
0.00519479
-2.97625e-10
0.00519479
-1.47365e-10
0.00519479
1.62493e-09
0.00519479
1.46306e-09
0.00519479
2.23959e-09
0.00519479
9.70149e-10
0.00519479
1.09045e-09
0.00519479
-3.11604e-10
0.00519479
1.64636e-10
0.00519479
-8.06123e-10
0.00519479
-1.87478e-10
0.00519479
-7.45692e-10
0.00519479
7.42552e-11
0.00519479
-6.59401e-10
0.00519479
-2.61241e-10
0.00519479
-1.1242e-09
0.00519479
-4.45976e-10
0.00519479
-7.61774e-10
0.00519479
6.14364e-11
0.00519479
-3.67271e-10
0.00519479
3.90801e-10
0.00519479
1.20184e-10
0.00519479
7.06237e-10
0.00519479
2.96723e-10
0.00519479
6.52639e-10
0.00519479
5.21756e-10
0.00519479
9.87926e-10
0.00519479
8.77394e-10
0.00519479
1.71498e-09
0.00519479
3.06119e-09
0.0051948
5.26319e-09
0.0051948
1.0924e-08
0.0051948
1.85254e-08
0.0051948
4.12201e-08
0.0051948
6.32749e-08
0.00519481
1.71807e-07
0.00519482
1.6994e-07
0.00519484
9.97589e-07
0.00519483
3.19949e-07
0.00519544
1.47869e-05
4.36847e-05
0.00517459
0.00117418
0.00518793
0.000111271
0.00518606
-1.65866e-05
0.00519138
5.04154e-05
0.00519004
-1.10165e-05
0.00519268
2.72047e-05
0.00519229
-2.59917e-06
0.0051935
1.30192e-05
0.00519347
6.06787e-07
0.00519404
6.48319e-06
0.0051941
1.25632e-06
0.00519438
3.31642e-06
0.00519444
1.05222e-06
0.00519458
1.70973e-06
0.00519462
7.01866e-07
0.00519469
8.75878e-07
0.00519471
4.16557e-07
0.00519475
4.41928e-07
0.00519476
2.29459e-07
0.00519477
2.18265e-07
0.00519478
1.20399e-07
0.00519479
1.0623e-07
0.00519479
6.03494e-08
0.0051948
5.15613e-08
0.0051948
3.07936e-08
0.0051948
2.51344e-08
0.0051948
1.49994e-08
0.0051948
1.23206e-08
0.0051948
6.47123e-09
0.0051948
5.32237e-09
0.0051948
2.37392e-09
0.0051948
2.33348e-09
0.0051948
1.18152e-09
0.0051948
1.57823e-09
0.0051948
1.75075e-10
0.0051948
9.13843e-10
0.0051948
-4.5552e-10
0.0051948
-4.81993e-10
0.0051948
-1.74117e-09
0.0051948
-7.09476e-10
0.0051948
-1.73468e-09
0.0051948
-9.33967e-10
0.0051948
-1.03943e-09
0.0051948
6.72847e-10
0.0051948
6.87107e-10
0.0051948
2.55712e-09
0.0051948
1.66768e-09
0.0051948
2.38479e-09
0.0051948
1.01876e-09
0.0051948
1.05155e-09
0.0051948
-5.91377e-10
0.0051948
-1.71438e-10
0.0051948
-1.30094e-09
0.0051948
-4.88794e-10
0.0051948
-1.61503e-09
0.0051948
-1.26579e-09
0.0051948
-2.51715e-09
0.0051948
-1.66887e-09
0.0051948
-2.13114e-09
0.0051948
-3.47869e-10
0.0051948
-1.18072e-10
0.0051948
1.74586e-09
0.0051948
1.64482e-09
0.0051948
2.42257e-09
0.0051948
1.13614e-09
0.0051948
1.21982e-09
0.0051948
-2.13374e-10
0.0051948
1.95624e-10
0.0051948
-8.29911e-10
0.0051948
-2.50292e-10
0.0051948
-8.24353e-10
0.0051948
3.65824e-12
0.0051948
-7.29391e-10
0.0051948
-3.4781e-10
0.0051948
-1.17096e-09
0.0051948
-4.5767e-10
0.0051948
-7.45079e-10
0.0051948
9.77469e-11
0.0051948
-3.45108e-10
0.0051948
3.78454e-10
0.0051948
9.35677e-11
0.0051948
6.5297e-10
0.0051948
2.35005e-10
0.0051948
5.84278e-10
0.0051948
4.47127e-10
0.0051948
9.26339e-10
0.0051948
7.79469e-10
0.0051948
1.58834e-09
0.0051948
2.81787e-09
0.00519481
4.90201e-09
0.00519481
1.01367e-08
0.00519481
1.72053e-08
0.00519481
3.83508e-08
0.00519482
5.87059e-08
0.00519483
1.61052e-07
0.00519484
1.58337e-07
0.00519489
9.49873e-07
0.0051949
3.09358e-07
0.00519587
1.38088e-05
4.05964e-05
0.00517211
0.00100207
0.00518641
9.69659e-05
0.00518438
-1.45515e-05
0.00519039
4.44038e-05
0.00518896
-9.59208e-06
0.00519204
2.41305e-05
0.00519165
-2.21702e-06
0.00519309
1.15876e-05
0.0051931
5.97835e-07
0.00519379
5.78947e-06
0.00519389
1.15652e-06
0.00519423
2.97207e-06
0.00519433
9.61631e-07
0.0051945
1.53766e-06
0.00519456
6.40525e-07
0.00519465
7.90267e-07
0.00519468
3.80154e-07
0.00519472
3.99812e-07
0.00519474
2.09424e-07
0.00519477
1.97803e-07
0.00519478
1.09951e-07
0.00519479
9.65881e-08
0.00519479
5.52479e-08
0.0051948
4.7147e-08
0.0051948
2.84001e-08
0.0051948
2.30807e-08
0.0051948
1.37934e-08
0.0051948
1.13965e-08
0.0051948
5.96581e-09
0.0051948
4.89995e-09
0.0051948
2.11409e-09
0.0051948
2.0422e-09
0.0051948
9.82646e-10
0.0051948
1.45632e-09
0.0051948
1.19686e-10
0.0051948
9.50856e-10
0.0051948
-3.37799e-10
0.0051948
-4.47945e-10
0.0051948
-1.7589e-09
0.0051948
-7.76486e-10
0.0051948
-1.83574e-09
0.0051948
-1.07342e-09
0.0051948
-1.10503e-09
0.0051948
6.7946e-10
0.0051948
7.43196e-10
0.0051948
2.63677e-09
0.0051948
1.75251e-09
0.0051948
2.42305e-09
0.0051948
1.05316e-09
0.0051948
1.05111e-09
0.0051948
-5.76706e-10
0.0051948
-1.67651e-10
0.0051948
-1.28436e-09
0.0051948
-5.05179e-10
0.0051948
-1.67188e-09
0.0051948
-1.36668e-09
0.0051948
-2.62352e-09
0.0051948
-1.78279e-09
0.0051948
-2.20492e-09
0.0051948
-3.99963e-10
0.0051948
-8.96148e-11
0.0051948
1.85762e-09
0.0051948
1.81689e-09
0.0051948
2.58923e-09
0.0051948
1.29407e-09
0.0051948
1.34329e-09
0.0051948
-1.10932e-10
0.0051948
2.27563e-10
0.0051948
-8.47692e-10
0.0051948
-3.0615e-10
0.0051948
-8.90815e-10
0.0051948
-5.9479e-11
0.0051948
-7.91845e-10
0.0051948
-4.3266e-10
0.0051948
-1.21103e-09
0.0051948
-4.62292e-10
0.0051948
-7.20404e-10
0.0051948
1.38344e-10
0.0051948
-3.13684e-10
0.0051948
3.71131e-10
0.0051948
7.27492e-11
0.0051948
5.99437e-10
0.0051948
1.67828e-10
0.0051948
5.06005e-10
0.00519481
3.62679e-10
0.00519481
8.5394e-10
0.00519481
6.69412e-10
0.00519481
1.44009e-09
0.00519481
2.52658e-09
0.00519481
4.45176e-09
0.00519481
9.143e-09
0.00519481
1.55186e-08
0.00519482
3.46287e-08
0.00519482
5.28889e-08
0.00519484
1.4633e-07
0.00519485
1.43122e-07
0.00519493
8.73828e-07
0.00519495
2.88065e-07
0.00519627
1.24928e-05
3.65738e-05
0.00517005
0.000832027
0.00518512
8.1889e-05
0.00518294
-1.23716e-05
0.00518952
3.78255e-05
0.00518802
-8.09498e-06
0.00519147
2.06798e-05
0.00519109
-1.83658e-06
0.00519272
9.95989e-06
0.00519276
5.55509e-07
0.00519356
4.99011e-06
0.0051937
1.02183e-06
0.0051941
2.56929e-06
0.00519422
8.44651e-07
0.00519442
1.33314e-06
0.0051945
5.61887e-07
0.0051946
6.86891e-07
0.00519465
3.33399e-07
0.0051947
3.48193e-07
0.00519473
1.83546e-07
0.00519476
1.72363e-07
0.00519477
9.63404e-08
0.00519478
8.44045e-08
0.00519479
4.8533e-08
0.00519479
4.14682e-08
0.0051948
2.51657e-08
0.0051948
2.03967e-08
0.0051948
1.21761e-08
0.0051948
1.01746e-08
0.0051948
5.28796e-09
0.0051948
4.35288e-09
0.0051948
1.78067e-09
0.0051948
1.69528e-09
0.0051948
7.36542e-10
0.0051948
1.2924e-09
0.0051948
4.20233e-11
0.0051948
9.63964e-10
0.0051948
-2.28173e-10
0.0051948
-4.07609e-10
0.0051948
-1.7673e-09
0.0051948
-8.44668e-10
0.0051948
-1.92701e-09
0.0051948
-1.20079e-09
0.0051948
-1.15845e-09
0.0051948
6.90687e-10
0.0051948
7.98829e-10
0.0051948
2.69363e-09
0.0051948
1.81689e-09
0.0051948
2.4357e-09
0.0051948
1.06798e-09
0.0051948
1.04046e-09
0.0051948
-5.52858e-10
0.0051948
-1.53911e-10
0.0051948
-1.25611e-09
0.0051948
-5.13697e-10
0.0051948
-1.72194e-09
0.0051948
-1.46316e-09
0.0051948
-2.7156e-09
0.0051948
-1.8855e-09
0.0051948
-2.26621e-09
0.0051948
-4.46595e-10
0.0051948
-6.03354e-11
0.0051948
1.95831e-09
0.0051948
1.97448e-09
0.0051948
2.73541e-09
0.0051948
1.4392e-09
0.0051948
1.45738e-09
0.0051948
-8.09786e-12
0.0051948
2.59326e-10
0.0051948
-8.59971e-10
0.0051948
-3.54077e-10
0.0051948
-9.44661e-10
0.0051948
-1.1444e-10
0.0051948
-8.473e-10
0.0051948
-5.16041e-10
0.0051948
-1.24815e-09
0.0051948
-4.65029e-10
0.0051948
-6.94889e-10
0.0051948
1.77262e-10
0.0051948
-2.78217e-10
0.0051948
3.67668e-10
0.00519481
5.86869e-11
0.00519481
5.49105e-10
0.00519481
9.98007e-11
0.00519481
4.23225e-10
0.00519481
2.72841e-10
0.00519481
7.73795e-10
0.00519481
5.49804e-10
0.00519481
1.27289e-09
0.00519481
2.19278e-09
0.00519481
3.92335e-09
0.00519481
7.96903e-09
0.00519481
1.35128e-08
0.00519482
3.01535e-08
0.00519483
4.59793e-08
0.00519484
1.28025e-07
0.00519486
1.24687e-07
0.00519496
7.71779e-07
0.005195
2.56876e-07
0.00519661
1.08798e-05
3.17399e-05
0.00516837
0.000663658
0.00518406
6.61991e-05
0.00518175
-1.00629e-05
0.00518878
3.07895e-05
0.00518723
-6.53997e-06
0.00519099
1.69174e-05
0.00519061
-1.45944e-06
0.0051924
8.16814e-06
0.00519248
4.83811e-07
0.00519336
4.10168e-06
0.00519353
8.56808e-07
0.00519398
2.11689e-06
0.00519412
7.0476e-07
0.00519436
1.10085e-06
0.00519445
4.68223e-07
0.00519457
5.68246e-07
0.00519462
2.77638e-07
0.00519468
2.88375e-07
0.00519472
1.52574e-07
0.00519475
1.42617e-07
0.00519476
7.99749e-08
0.00519478
7.00147e-08
0.00519478
4.04051e-08
0.00519479
3.46785e-08
0.0051948
2.11827e-08
0.0051948
1.7157e-08
0.0051948
1.01976e-08
0.0051948
8.6924e-09
0.0051948
4.46102e-09
0.0051948
3.70095e-09
0.0051948
1.38586e-09
0.0051948
1.30499e-09
0.0051948
4.51244e-10
0.0051948
1.0914e-09
0.0051948
-5.76498e-11
0.0051948
9.499e-10
0.0051948
-1.34626e-10
0.0051948
-3.66996e-10
0.0051948
-1.7713e-09
0.0051948
-9.16434e-10
0.0051948
-2.01021e-09
0.0051948
-1.3129e-09
0.0051948
-1.19739e-09
0.0051948
7.08847e-10
0.0051948
8.55358e-10
0.0051948
2.73195e-09
0.0051948
1.86158e-09
0.0051948
2.42509e-09
0.0051948
1.0656e-09
0.0051948
1.02048e-09
0.0051948
-5.24826e-10
0.0051948
-1.36818e-10
0.0051948
-1.22292e-09
0.0051948
-5.18107e-10
0.0051948
-1.76449e-09
0.0051948
-1.54942e-09
0.0051948
-2.78655e-09
0.0051948
-1.968e-09
0.0051948
-2.30828e-09
0.0051948
-4.81624e-10
0.0051948
-2.87387e-11
0.0051948
2.04379e-09
0.0051948
2.1099e-09
0.0051948
2.85642e-09
0.0051948
1.56636e-09
0.0051948
1.55883e-09
0.0051948
9.1616e-11
0.0051948
2.90629e-10
0.0051948
-8.66652e-10
0.0051948
-3.92968e-10
0.0051948
-9.85645e-10
0.0051948
-1.60592e-10
0.0051948
-8.95828e-10
0.0051948
-5.97227e-10
0.0051948
-1.28457e-09
0.0051948
-4.69837e-10
0.0051948
-6.74212e-10
0.0051948
2.08733e-10
0.0051948
-2.43773e-10
0.00519481
3.66843e-10
0.00519481
5.14814e-11
0.00519481
5.0446e-10
0.00519481
3.54487e-11
0.00519481
3.41508e-10
0.00519481
1.82533e-10
0.00519481
6.90064e-10
0.00519481
4.22372e-10
0.00519481
1.08883e-09
0.00519481
1.8211e-09
0.00519481
3.32745e-09
0.00519481
6.64218e-09
0.00519481
1.12383e-08
0.00519482
2.50352e-08
0.00519483
3.81436e-08
0.00519485
1.06601e-07
0.00519487
1.03476e-07
0.005195
6.46835e-07
0.00519504
2.16908e-07
0.0051969
9.01418e-06
2.62225e-05
0.00516705
0.000496606
0.00518321
5.00381e-05
0.00518079
-7.64613e-06
0.00518819
2.33969e-05
0.00518659
-4.94031e-06
0.0051906
1.29069e-05
0.00519022
-1.08617e-06
0.00519215
6.24474e-06
0.00519224
3.87587e-07
0.0051932
3.14132e-06
0.00519339
6.66687e-07
0.00519389
1.62416e-06
0.00519405
5.45928e-07
0.0051943
8.45897e-07
0.00519441
3.62133e-07
0.00519454
4.37078e-07
0.0051946
2.1442e-07
0.00519467
2.21808e-07
0.0051947
1.1738e-07
0.00519474
1.09322e-07
0.00519476
6.13328e-08
0.00519477
5.38046e-08
0.00519478
3.11018e-08
0.00519479
2.69604e-08
0.00519479
1.65654e-08
0.0051948
1.34512e-08
0.0051948
7.91811e-09
0.0051948
6.99386e-09
0.0051948
3.51129e-09
0.0051948
2.9651e-09
0.0051948
9.42356e-10
0.0051948
8.82859e-10
0.0051948
1.36836e-10
0.0051948
8.60646e-10
0.0051948
-1.75284e-10
0.0051948
9.09753e-10
0.0051948
-6.41618e-11
0.0051948
-3.32914e-10
0.0051948
-1.7756e-09
0.0051948
-9.94848e-10
0.0051948
-2.08662e-09
0.0051948
-1.40764e-09
0.0051948
-1.22004e-09
0.0051948
7.35328e-10
0.0051948
9.12915e-10
0.0051948
2.7528e-09
0.0051948
1.88755e-09
0.0051948
2.39407e-09
0.0051948
1.04745e-09
0.0051948
9.91247e-10
0.0051948
-4.96435e-10
0.0051948
-1.21693e-10
0.0051948
-1.1917e-09
0.0051948
-5.22119e-10
0.0051948
-1.79891e-09
0.0051948
-1.62072e-09
0.0051948
-2.83042e-09
0.0051948
-2.02311e-09
0.0051948
-2.32557e-09
0.0051948
-5.00949e-10
0.0051948
5.54537e-12
0.0051948
2.11178e-09
0.0051948
2.21883e-09
0.0051948
2.94898e-09
0.0051948
1.67182e-09
0.0051948
1.64479e-09
0.0051948
1.85181e-10
0.0051948
3.20778e-10
0.0051948
-8.67077e-10
0.0051948
-4.21649e-10
0.0051948
-1.0134e-09
0.0051948
-1.97469e-10
0.0051948
-9.36649e-10
0.0051948
-6.74326e-10
0.0051948
-1.32059e-09
0.0051948
-4.78841e-10
0.0051948
-6.6173e-10
0.0051948
2.2856e-10
0.0051948
-2.14304e-10
0.00519481
3.66343e-10
0.00519481
4.92529e-11
0.00519481
4.66666e-10
0.00519481
-2.15581e-11
0.00519481
2.66043e-10
0.00519481
9.66084e-11
0.00519481
6.06713e-10
0.00519481
2.90203e-10
0.00519481
8.90653e-10
0.00519481
1.41671e-09
0.00519481
2.67485e-09
0.00519481
5.19075e-09
0.00519482
8.74768e-09
0.00519482
1.93931e-08
0.00519483
2.95574e-08
0.00519485
8.25928e-08
0.00519488
7.9983e-08
0.00519502
5.02767e-07
0.00519507
1.69558e-07
0.00519714
6.94318e-06
2.01536e-05
0.00516608
0.000330528
0.00518258
3.35346e-05
0.00518008
-5.14531e-06
0.00518773
1.57423e-05
0.0051861
-3.30814e-06
0.0051903
8.71105e-06
0.00518993
-7.1656e-07
0.00519195
4.22236e-06
0.00519206
2.72368e-07
0.00519308
2.1266e-06
0.00519329
4.57245e-07
0.00519381
1.10081e-06
0.00519399
3.72527e-07
0.00519426
5.73649e-07
0.00519438
2.46486e-07
0.00519452
2.96337e-07
0.00519458
1.45457e-07
0.00519466
1.50069e-07
0.0051947
7.89342e-08
0.00519473
7.33124e-08
0.00519475
4.09472e-08
0.00519477
3.62005e-08
0.00519478
2.08911e-08
0.00519479
1.852e-08
0.00519479
1.14475e-08
0.0051948
9.38177e-09
0.0051948
5.40693e-09
0.0051948
5.12783e-09
0.0051948
2.46741e-09
0.0051948
2.16714e-09
0.0051948
4.63477e-10
0.0051948
4.40791e-10
0.0051948
-1.95537e-10
0.0051948
6.09466e-10
0.0051948
-3.04975e-10
0.0051948
8.46959e-10
0.0051948
-2.06592e-11
0.0051948
-3.11e-10
0.0051948
-1.78337e-09
0.0051948
-1.08187e-09
0.0051948
-2.15677e-09
0.0051948
-1.48336e-09
0.0051948
-1.22513e-09
0.0051948
7.70094e-10
0.0051948
9.70497e-10
0.0051948
2.75669e-09
0.0051948
1.89546e-09
0.0051948
2.3458e-09
0.0051948
1.01542e-09
0.0051948
9.53316e-10
0.0051948
-4.6977e-10
0.0051948
-1.11667e-10
0.0051948
-1.1671e-09
0.0051948
-5.29055e-10
0.0051948
-1.82506e-09
0.0051948
-1.67411e-09
0.0051948
-2.84384e-09
0.0051948
-2.04628e-09
0.0051948
-2.31443e-09
0.0051948
-5.02133e-10
0.0051948
4.22867e-11
0.0051948
2.1604e-09
0.0051948
2.29771e-09
0.0051948
3.01064e-09
0.0051948
1.75253e-09
0.0051948
1.71295e-09
0.0051948
2.69977e-10
0.0051948
3.48939e-10
0.0051948
-8.6034e-10
0.0051948
-4.39031e-10
0.0051948
-1.02745e-09
0.0051948
-2.24333e-10
0.0051948
-9.68089e-10
0.0051948
-7.44252e-10
0.0051948
-1.3547e-09
0.0051948
-4.92225e-10
0.0051948
-6.58455e-10
0.0051948
2.34602e-10
0.0051948
-1.93224e-10
0.00519481
3.63153e-10
0.00519481
4.87223e-11
0.00519481
4.35298e-10
0.00519481
-6.91621e-11
0.00519481
2.00919e-10
0.00519481
1.93315e-11
0.00519481
5.27609e-10
0.00519481
1.56237e-10
0.00519481
6.81132e-10
0.00519481
9.84938e-10
0.00519481
1.97641e-09
0.00519481
3.64343e-09
0.00519482
6.09436e-09
0.00519482
1.33523e-08
0.00519483
2.04022e-08
0.00519486
5.6594e-08
0.00519488
5.47403e-08
0.00519504
3.43878e-07
0.00519509
1.16456e-07
0.00519732
4.71623e-06
1.36683e-05
0.00516544
0.000165091
0.00518216
1.68082e-05
0.0051796
-2.58708e-06
0.00518743
7.91569e-06
0.00518578
-1.65482e-06
0.00519009
4.39202e-06
0.00518973
-3.49759e-07
0.00519182
2.13387e-06
0.00519194
1.44207e-07
0.005193
1.07546e-06
0.00519322
2.34683e-07
0.00519376
5.56869e-07
0.00519395
1.89237e-07
0.00519423
2.89737e-07
0.00519435
1.24355e-07
0.0051945
1.49125e-07
0.00519457
7.25877e-08
0.00519465
7.48259e-08
0.00519469
3.82802e-08
0.00519473
3.54731e-08
0.00519475
1.93921e-08
0.00519477
1.76586e-08
0.00519478
1.00636e-08
0.00519479
9.58218e-09
0.00519479
5.97813e-09
0.0051948
5.0608e-09
0.0051948
2.73894e-09
0.0051948
3.14666e-09
0.0051948
1.35944e-09
0.0051948
1.32896e-09
0.0051948
-3.7207e-11
0.0051948
-9.38409e-12
0.0051948
-5.33988e-10
0.0051948
3.48359e-10
0.0051948
-4.39017e-10
0.0051948
7.67296e-10
0.0051948
-4.11693e-12
0.0051948
-3.03066e-10
0.0051948
-1.79493e-09
0.0051948
-1.1762e-09
0.0051948
-2.21974e-09
0.0051948
-1.53831e-09
0.0051948
-1.21234e-09
0.0051948
8.12064e-10
0.0051948
1.02593e-09
0.0051948
2.74359e-09
0.0051948
1.88583e-09
0.0051948
2.2831e-09
0.0051948
9.72357e-10
0.0051948
9.09528e-10
0.0051948
-4.44803e-10
0.0051948
-1.0738e-10
0.0051948
-1.15169e-09
0.0051948
-5.41335e-10
0.0051948
-1.84354e-09
0.0051948
-1.70836e-09
0.0051948
-2.82624e-09
0.0051948
-2.03568e-09
0.0051948
-2.27344e-09
0.0051948
-4.84136e-10
0.0051948
8.17614e-11
0.0051948
2.18883e-09
0.0051948
2.34472e-09
0.0051948
3.04022e-09
0.0051948
1.80665e-09
0.0051948
1.76145e-09
0.0051948
3.43698e-10
0.0051948
3.74673e-10
0.0051948
-8.45785e-10
0.0051948
-4.44184e-10
0.0051948
-1.02738e-09
0.0051948
-2.40088e-10
0.0051948
-9.88099e-10
0.0051948
-8.03086e-10
0.0051948
-1.38412e-09
0.0051948
-5.08544e-10
0.0051948
-6.63722e-10
0.0051948
2.26085e-10
0.0051948
-1.82492e-10
0.00519481
3.54604e-10
0.00519481
4.64208e-11
0.00519481
4.08433e-10
0.00519481
-1.0703e-10
0.00519481
1.48234e-10
0.00519481
-4.65122e-11
0.00519481
4.5551e-10
0.00519481
2.3152e-11
0.00519481
4.63019e-10
0.00519481
5.3163e-10
0.00519481
1.24326e-09
0.00519481
2.02905e-09
0.00519482
3.33179e-09
0.00519482
7.04223e-09
0.00519483
1.08638e-08
0.00519486
2.92409e-08
0.00519489
2.83113e-08
0.00519506
1.74879e-07
0.00519511
5.94142e-08
0.00519744
2.38442e-06
6.90407e-06
0.00516512
-2.7194e-08
0.00518195
-2.81781e-08
0.00517936
2.79101e-10
0.00518728
3.74021e-09
0.00518561
8.85837e-09
0.00518999
1.14212e-08
0.00518963
1.54766e-08
0.00519175
1.22719e-08
0.00519188
9.50309e-09
0.00519295
6.07605e-09
0.00519318
5.48872e-09
0.00519374
2.5813e-09
0.00519393
9.4905e-10
0.00519422
-5.37427e-11
0.00519434
-1.04885e-09
0.00519449
-1.34841e-09
0.00519457
-2.26292e-09
0.00519464
-2.18719e-09
0.00519469
-3.48563e-09
0.00519472
-3.27259e-09
0.00519475
-2.73284e-09
0.00519477
-1.34576e-09
0.00519478
-1.07493e-09
0.00519479
3.84693e-10
0.00519479
3.173e-10
0.0051948
6.07066e-10
0.0051948
-7.38787e-12
0.0051948
1.10497e-09
0.0051948
2.18335e-10
0.0051948
4.72397e-10
0.0051948
-5.46093e-10
0.0051948
-4.55893e-10
0.0051948
-8.6642e-10
0.0051948
8.84989e-11
0.0051948
-5.6909e-10
0.0051948
6.78097e-10
0.0051948
-1.1595e-11
0.0051948
-3.08438e-10
0.0051948
-1.8084e-09
0.0051948
-1.2743e-09
0.0051948
-2.27363e-09
0.0051948
-1.57047e-09
0.0051948
-1.18167e-09
0.0051948
8.59286e-10
0.0051948
1.07684e-09
0.0051948
2.71333e-09
0.0051948
1.85949e-09
0.0051948
2.20914e-09
0.0051948
9.22563e-10
0.0051948
8.64202e-10
0.0051948
-4.19658e-10
0.0051948
-1.07264e-10
0.0051948
-1.1458e-09
0.0051948
-5.60444e-10
0.0051948
-1.85562e-09
0.0051948
-1.72443e-09
0.0051948
-2.78014e-09
0.0051948
-1.99272e-09
0.0051948
-2.20361e-09
0.0051948
-4.46902e-10
0.0051948
1.2443e-10
0.0051948
2.19768e-09
0.0051948
2.35998e-09
0.0051948
3.03797e-09
0.0051948
1.83327e-09
0.0051948
1.78897e-09
0.0051948
4.04297e-10
0.0051948
3.97263e-10
0.0051948
-8.2337e-10
0.0051948
-4.36744e-10
0.0051948
-1.01303e-09
0.0051948
-2.43836e-10
0.0051948
-9.94785e-10
0.0051948
-8.47013e-10
0.0051948
-1.40563e-09
0.0051948
-5.25527e-10
0.0051948
-6.75638e-10
0.0051948
2.04087e-10
0.0051948
-1.83331e-10
0.00519481
3.38468e-10
0.00519481
3.88374e-11
0.00519481
3.82991e-10
0.00519481
-1.36546e-10
0.00519481
1.08064e-10
0.00519481
-9.99869e-11
0.00519481
3.91728e-10
0.00519481
-1.06893e-10
0.00519481
2.39294e-10
0.00519481
6.33109e-11
0.00519481
4.86981e-10
0.00519481
3.76389e-10
0.00519482
5.1298e-10
0.00519482
5.94324e-10
0.00519483
1.12967e-09
0.00519486
1.20008e-09
0.00519489
1.27988e-09
0.00519506
7.5494e-10
0.00519512
3.68007e-10
0.00519751
-9.44872e-11
-4.17894e-11
0.00516512
-0.000165145
0.00518195
-1.68643e-05
0.00517936
2.5876e-06
0.00518727
-7.90841e-06
0.00518561
1.67233e-06
0.00518999
-4.36934e-06
0.00518963
3.80598e-07
0.00519175
-2.10935e-06
0.00519188
-1.25172e-07
0.00519295
-1.06327e-06
0.00519318
-2.2371e-07
0.00519374
-5.51701e-07
0.00519393
-1.87342e-07
0.00519422
-2.89855e-07
0.00519434
-1.26444e-07
0.00519449
-1.51822e-07
0.00519457
-7.71257e-08
0.00519464
-7.92033e-08
0.00519469
-4.52411e-08
0.00519472
-4.19844e-08
0.00519475
-2.48165e-08
0.00519477
-2.03288e-08
0.00519478
-1.22109e-08
0.00519479
-8.82749e-09
0.00519479
-5.36849e-09
0.0051948
-3.85701e-09
0.0051948
-2.75204e-09
0.0051948
-9.41547e-10
0.0051948
-9.2446e-10
0.0051948
-3.80785e-10
0.0051948
-1.04939e-09
0.0051948
-8.8699e-10
0.0051948
-1.18104e-09
0.0051948
-1.59197e-10
0.0051948
-6.87317e-10
0.0051948
5.87133e-10
0.0051948
-3.79576e-11
0.0051948
-3.24372e-10
0.0051948
-1.8202e-09
0.0051948
-1.37091e-09
0.0051948
-2.31553e-09
0.0051948
-1.57787e-09
0.0051948
-1.13351e-09
0.0051948
9.09629e-10
0.0051948
1.12104e-09
0.0051948
2.66591e-09
0.0051948
1.8176e-09
0.0051948
2.12733e-09
0.0051948
8.70697e-10
0.0051948
8.2239e-10
0.0051948
-3.91286e-10
0.0051948
-1.08054e-10
0.0051948
-1.1477e-09
0.0051948
-5.86741e-10
0.0051948
-1.86296e-09
0.0051948
-1.72499e-09
0.0051948
-2.71053e-09
0.0051948
-1.92142e-09
0.0051948
-2.10799e-09
0.0051948
-3.91519e-10
0.0051948
1.70928e-10
0.0051948
2.18886e-09
0.0051948
2.34538e-09
0.0051948
3.00541e-09
0.0051948
1.83241e-09
0.0051948
1.79466e-09
0.0051948
4.50067e-10
0.0051948
4.15658e-10
0.0051948
-7.93718e-10
0.0051948
-4.16905e-10
0.0051948
-9.84562e-10
0.0051948
-2.34997e-10
0.0051948
-9.86807e-10
0.0051948
-8.72946e-10
0.0051948
-1.41621e-09
0.0051948
-5.40715e-10
0.0051948
-6.91705e-10
0.0051948
1.70782e-10
0.0051948
-1.9573e-10
0.00519481
3.13296e-10
0.00519481
2.28762e-11
0.00519481
3.554e-10
0.00519481
-1.60349e-10
0.00519481
7.8678e-11
0.00519481
-1.42008e-10
0.00519481
3.36056e-10
0.00519481
-2.32342e-10
0.00519481
1.31788e-11
0.00519481
-4.12676e-10
0.00519481
-2.80118e-10
0.00519481
-1.28568e-09
0.00519482
-2.30963e-09
0.00519482
-5.8592e-09
0.00519483
-8.61185e-09
0.00519486
-2.6847e-08
0.00519489
-2.57593e-08
0.00519506
-1.73376e-07
0.00519512
-5.86821e-08
0.00519751
-2.38461e-06
-6.90415e-06
0.00516544
-0.000330581
0.00518216
-3.359e-05
0.0051796
5.14576e-06
0.00518743
-1.57356e-05
0.00518577
3.32504e-06
0.00519009
-8.68883e-06
0.00518973
7.47055e-07
0.00519182
-4.19795e-06
0.00519195
-2.53257e-07
0.005193
-2.11429e-06
0.00519322
-4.46284e-07
0.00519376
-1.09563e-06
0.00519395
-3.70642e-07
0.00519423
-5.73798e-07
0.00519435
-2.48549e-07
0.0051945
-2.99033e-07
0.00519457
-1.50029e-07
0.00519465
-1.54453e-07
0.00519469
-8.58623e-08
0.00519473
-7.97231e-08
0.00519475
-4.62509e-08
0.00519477
-3.88084e-08
0.00519478
-2.30311e-08
0.00519479
-1.78083e-08
0.00519479
-1.0911e-08
0.0051948
-8.20841e-09
0.0051948
-5.41526e-09
0.0051948
-2.93699e-09
0.0051948
-2.03713e-09
0.0051948
-1.20864e-09
0.0051948
-1.53293e-09
0.0051948
-1.291e-09
0.0051948
-1.46692e-09
0.0051948
-3.85033e-10
0.0051948
-7.87404e-10
0.0051948
5.01376e-10
0.0051948
-7.70593e-11
0.0051948
-3.47016e-10
0.0051948
-1.82603e-09
0.0051948
-1.45989e-09
0.0051948
-2.34201e-09
0.0051948
-1.55903e-09
0.0051948
-1.06894e-09
0.0051948
9.60789e-10
0.0051948
1.15664e-09
0.0051948
2.60169e-09
0.0051948
1.76149e-09
0.0051948
2.04093e-09
0.0051948
8.21238e-10
0.0051948
7.88993e-10
0.0051948
-3.56297e-10
0.0051948
-1.05475e-10
0.0051948
-1.15395e-09
0.0051948
-6.19331e-10
0.0051948
-1.86705e-09
0.0051948
-1.71362e-09
0.0051948
-2.62379e-09
0.0051948
-1.82755e-09
0.0051948
-1.99114e-09
0.0051948
-3.20073e-10
0.0051948
2.21823e-10
0.0051948
2.16522e-09
0.0051948
2.30403e-09
0.0051948
2.94497e-09
0.0051948
1.80479e-09
0.0051948
1.77815e-09
0.0051948
4.79665e-10
0.0051948
4.28693e-10
0.0051948
-7.57794e-10
0.0051948
-3.85177e-10
0.0051948
-9.42236e-10
0.0051948
-2.13348e-10
0.0051948
-9.63552e-10
0.0051948
-8.78931e-10
0.0051948
-1.41351e-09
0.0051948
-5.51935e-10
0.0051948
-7.09255e-10
0.0051948
1.29083e-10
0.0051948
-2.18599e-10
0.00519481
2.78677e-10
0.00519481
-3.54271e-12
0.00519481
3.22419e-10
0.00519481
-1.81693e-10
0.00519481
5.7089e-11
0.00519481
-1.7504e-10
0.00519481
2.87063e-10
0.00519481
-3.52211e-10
0.00519481
-2.11819e-10
0.00519481
-8.8811e-10
0.00519481
-1.0448e-09
0.00519481
-2.92799e-09
0.00519482
-5.08407e-09
0.00519482
-1.21866e-08
0.00519483
-1.81729e-08
0.00519486
-5.4219e-08
0.00519489
-5.22113e-08
0.00519506
-3.42391e-07
0.00519511
-1.15736e-07
0.00519744
-4.71643e-06
-1.36684e-05
0.00516608
-0.000496659
0.00518258
-5.00923e-05
0.00518008
7.64644e-06
0.00518773
-2.33911e-05
0.0051861
4.95623e-06
0.0051903
-1.28854e-05
0.00518993
1.11609e-06
0.00519195
-6.22051e-06
0.00519207
-3.68374e-07
0.00519308
-3.12883e-06
0.00519329
-6.55753e-07
0.00519381
-1.61895e-06
0.00519399
-5.4406e-07
0.00519426
-8.46096e-07
0.00519438
-3.64156e-07
0.00519452
-4.39771e-07
0.00519459
-2.1904e-07
0.00519466
-2.26196e-07
0.0051947
-1.24249e-07
0.00519473
-1.15569e-07
0.00519475
-6.64448e-08
0.00519477
-5.63139e-08
0.00519478
-3.32296e-08
0.00519479
-2.63167e-08
0.00519479
-1.61452e-08
0.0051948
-1.23265e-08
0.0051948
-7.91927e-09
0.0051948
-4.82626e-09
0.0051948
-3.08772e-09
0.0051948
-1.98897e-09
0.0051948
-1.98216e-09
0.0051948
-1.65653e-09
0.0051948
-1.71462e-09
0.0051948
-5.81472e-10
0.0051948
-8.65624e-10
0.0051948
4.2584e-10
0.0051948
-1.2297e-10
0.0051948
-3.7244e-10
0.0051948
-1.8219e-09
0.0051948
-1.53526e-09
0.0051948
-2.34987e-09
0.0051948
-1.51352e-09
0.0051948
-9.89882e-10
0.0051948
1.01028e-09
0.0051948
1.1821e-09
0.0051948
2.52134e-09
0.0051948
1.69233e-09
0.0051948
1.95236e-09
0.0051948
7.77632e-10
0.0051948
7.67749e-10
0.0051948
-3.11915e-10
0.0051948
-9.50858e-11
0.0051948
-1.15991e-09
0.0051948
-6.55949e-10
0.0051948
-1.8686e-09
0.0051948
-1.6937e-09
0.0051948
-2.52644e-09
0.0051948
-1.71765e-09
0.0051948
-1.85847e-09
0.0051948
-2.35555e-10
0.0051948
2.77304e-10
0.0051948
2.12992e-09
0.0051948
2.23966e-09
0.0051948
2.85955e-09
0.0051948
1.75175e-09
0.0051948
1.73956e-09
0.0051948
4.92339e-10
0.0051948
4.35449e-10
0.0051948
-7.16558e-10
0.0051948
-3.42225e-10
0.0051948
-8.86409e-10
0.0051948
-1.79004e-10
0.0051948
-9.25229e-10
0.0051948
-8.6441e-10
0.0051948
-1.3962e-09
0.0051948
-5.57672e-10
0.0051948
-7.25884e-10
0.0051948
8.20901e-11
0.0051948
-2.50034e-10
0.00519481
2.35403e-10
0.00519481
-4.1117e-11
0.00519481
2.81767e-10
0.00519481
-2.03714e-10
0.00519481
3.96311e-11
0.00519481
-2.02527e-10
0.00519481
2.42473e-10
0.00519481
-4.66041e-10
0.00519481
-4.31883e-10
0.00519481
-1.35386e-09
0.00519481
-1.79268e-09
0.00519481
-4.5207e-09
0.00519482
-7.7585e-09
0.00519482
-1.82578e-08
0.00519483
-2.73669e-08
0.00519486
-8.02502e-08
0.00519488
-7.7491e-08
0.00519504
-5.01307e-07
0.00519509
-1.68854e-07
0.00519732
-6.94338e-06
-2.01537e-05
0.00516705
-0.000663709
0.00518321
-6.62517e-05
0.00518079
1.00631e-05
0.00518818
-3.07849e-05
0.00518658
6.5546e-06
0.0051906
-1.68969e-05
0.00519022
1.48854e-06
0.00519215
-8.14421e-06
0.00519224
-4.64509e-07
0.0051932
-4.08899e-06
0.00519339
-8.45921e-07
0.00519389
-2.11165e-06
0.00519405
-7.02917e-07
0.0051943
-1.10112e-06
0.00519441
-4.70192e-07
0.00519454
-5.70929e-07
0.0051946
-2.82308e-07
0.00519467
-2.92752e-07
0.0051947
-1.5935e-07
0.00519474
-1.48641e-07
0.00519476
-8.48371e-08
0.00519477
-7.2396e-08
0.00519478
-4.25154e-08
0.00519479
-3.41222e-08
0.00519479
-2.09135e-08
0.0051948
-1.60962e-08
0.0051948
-1.01901e-08
0.0051948
-6.55609e-09
0.0051948
-4.04461e-09
0.0051948
-2.69956e-09
0.0051948
-2.38239e-09
0.0051948
-1.97293e-09
0.0051948
-1.91681e-09
0.0051948
-7.43823e-10
0.0051948
-9.21801e-10
0.0051948
3.62784e-10
0.0051948
-1.70905e-10
0.0051948
-3.97396e-10
0.0051948
-1.80479e-09
0.0051948
-1.59184e-09
0.0051948
-2.33662e-09
0.0051948
-1.44212e-09
0.0051948
-8.98845e-10
0.0051948
1.05542e-09
0.0051948
1.19616e-09
0.0051948
2.42585e-09
0.0051948
1.61111e-09
0.0051948
1.86308e-09
0.0051948
7.41714e-10
0.0051948
7.60481e-10
0.0051948
-2.56746e-10
0.0051948
-7.3134e-11
0.0051948
-1.16033e-09
0.0051948
-6.92951e-10
0.0051948
-1.86696e-09
0.0051948
-1.66748e-09
0.0051948
-2.42388e-09
0.0051948
-1.59796e-09
0.0051948
-1.71521e-09
0.0051948
-1.41677e-10
0.0051948
3.36799e-10
0.0051948
2.08568e-09
0.0051948
2.15587e-09
0.0051948
2.75203e-09
0.0051948
1.67513e-09
0.0051948
1.67965e-09
0.0051948
4.87466e-10
0.0051948
4.35064e-10
0.0051948
-6.70766e-10
0.0051948
-2.88863e-10
0.0051948
-8.17686e-10
0.0051948
-1.32617e-10
0.0051948
-8.73016e-10
0.0051948
-8.30425e-10
0.0051948
-1.36429e-09
0.0051948
-5.57378e-10
0.0051948
-7.39856e-10
0.0051948
3.24363e-11
0.0051948
-2.87115e-10
0.00519481
1.85124e-10
0.00519481
-8.92892e-11
0.00519481
2.3262e-10
0.00519481
-2.29479e-10
0.00519481
2.25951e-11
0.00519481
-2.28705e-10
0.00519481
1.99511e-10
0.00519481
-5.73365e-10
0.00519481
-6.42834e-10
0.00519481
-1.79993e-09
0.00519481
-2.5082e-09
0.00519481
-6.03308e-09
0.00519482
-1.02809e-08
0.00519482
-2.39451e-08
0.00519483
-3.601e-08
0.00519485
-1.04305e-07
0.00519488
-1.01034e-07
0.00519502
-6.45409e-07
0.00519507
-2.16224e-07
0.00519714
-9.01439e-06
-2.62226e-05
0.00516837
-0.000832076
0.00518405
-8.19394e-05
0.00518174
1.23716e-05
0.00518878
-3.78222e-05
0.00518723
8.10809e-06
0.00519099
-2.06606e-05
0.00519061
1.86463e-06
0.00519241
-9.93641e-06
0.00519248
-5.36177e-07
0.00519337
-4.97722e-06
0.00519353
-1.01102e-06
0.00519398
-2.56401e-06
0.00519412
-8.42841e-07
0.00519436
-1.33348e-06
0.00519445
-5.63793e-07
0.00519457
-6.89554e-07
0.00519463
-3.38105e-07
0.00519469
-3.52532e-07
0.00519472
-1.90185e-07
0.00519475
-1.78113e-07
0.00519476
-1.0091e-07
0.00519478
-8.66363e-08
0.00519478
-5.06197e-08
0.00519479
-4.10114e-08
0.0051948
-2.50707e-08
0.0051948
-1.94103e-08
0.0051948
-1.21595e-08
0.0051948
-8.07647e-09
0.0051948
-4.87729e-09
0.0051948
-3.31872e-09
0.0051948
-2.71934e-09
0.0051948
-2.23092e-09
0.0051948
-2.06882e-09
0.0051948
-8.70977e-10
0.0051948
-9.5839e-10
0.0051948
3.11569e-10
0.0051948
-2.18294e-10
0.0051948
-4.20143e-10
0.0051948
-1.77297e-09
0.0051948
-1.6255e-09
0.0051948
-2.30084e-09
0.0051948
-1.3473e-09
0.0051948
-7.99294e-10
0.0051948
1.09337e-09
0.0051948
1.19745e-09
0.0051948
2.31615e-09
0.0051948
1.51787e-09
0.0051948
1.77302e-09
0.0051948
7.12965e-10
0.0051948
7.65735e-10
0.0051948
-1.91173e-10
0.0051948
-3.7673e-11
0.0051948
-1.14992e-09
0.0051948
-7.25525e-10
0.0051948
-1.85969e-09
0.0051948
-1.63556e-09
0.0051948
-2.31955e-09
0.0051948
-1.47385e-09
0.0051948
-1.56664e-09
0.0051948
-4.26603e-11
0.0051948
3.98523e-10
0.0051948
2.0344e-09
0.0051948
2.05578e-09
0.0051948
2.62525e-09
0.0051948
1.57726e-09
0.0051948
1.60003e-09
0.0051948
4.66075e-10
0.0051948
4.28184e-10
0.0051948
-6.20678e-10
0.0051948
-2.26235e-10
0.0051948
-7.37131e-10
0.0051948
-7.59551e-11
0.0051948
-8.0928e-10
0.0051948
-7.7997e-10
0.0051948
-1.31945e-09
0.0051948
-5.52179e-10
0.0051948
-7.50548e-10
0.0051948
-1.73014e-11
0.0051948
-3.2732e-10
0.0051948
1.30578e-10
0.00519481
-1.45584e-10
0.00519481
1.75303e-10
0.00519481
-2.60451e-10
0.00519481
2.70039e-12
0.00519481
-2.57321e-10
0.00519481
1.5553e-10
0.00519481
-6.74324e-10
0.00519481
-8.4011e-10
0.00519481
-2.21564e-09
0.00519481
-3.1747e-09
0.00519481
-7.43338e-09
0.00519481
-1.25992e-08
0.00519482
-2.91249e-08
0.00519483
-4.39224e-08
0.00519485
-1.25791e-07
0.00519487
-1.22308e-07
0.005195
-7.70391e-07
0.00519504
-2.56213e-07
0.0051969
-1.088e-05
-3.174e-05
0.00517005
-0.00100212
0.00518512
-9.70137e-05
0.00518294
1.45514e-05
0.00518952
-4.4402e-05
0.00518802
9.6035e-06
0.00519147
-2.41128e-05
0.00519109
2.24376e-06
0.00519272
-1.15647e-05
0.00519276
-5.78587e-07
0.00519356
-5.77643e-06
0.0051937
-1.14583e-06
0.0051941
-2.96676e-06
0.00519422
-9.5986e-07
0.00519442
-1.5381e-06
0.0051945
-6.42357e-07
0.00519461
-7.92894e-07
0.00519465
-3.84866e-07
0.0051947
-4.04071e-07
0.00519473
-2.15875e-07
0.00519476
-2.0323e-07
0.00519477
-1.142e-07
0.00519478
-9.86561e-08
0.00519479
-5.73028e-08
0.00519479
-4.67927e-08
0.0051948
-2.84882e-08
0.0051948
-2.21731e-08
0.0051948
-1.37657e-08
0.0051948
-9.34244e-09
0.0051948
-5.55775e-09
0.0051948
-3.82659e-09
0.0051948
-2.9806e-09
0.0051948
-2.42337e-09
0.0051948
-2.1691e-09
0.0051948
-9.64477e-10
0.0051948
-9.80111e-10
0.0051948
2.69263e-10
0.0051948
-2.64078e-10
0.0051948
-4.39812e-10
0.0051948
-1.72596e-09
0.0051948
-1.63361e-09
0.0051948
-2.24194e-09
0.0051948
-1.23199e-09
0.0051948
-6.94868e-10
0.0051948
1.12126e-09
0.0051948
1.1848e-09
0.0051948
2.19323e-09
0.0051948
1.41267e-09
0.0051948
1.68075e-09
0.0051948
6.88992e-10
0.0051948
7.80278e-10
0.0051948
-1.17569e-10
0.0051948
1.13076e-11
0.0051948
-1.12418e-09
0.0051948
-7.4787e-10
0.0051948
-1.84276e-09
0.0051948
-1.59622e-09
0.0051948
-2.21411e-09
0.0051948
-1.34865e-09
0.0051948
-1.41692e-09
0.0051948
5.71269e-11
0.0051948
4.59872e-10
0.0051948
1.97626e-09
0.0051948
1.94168e-09
0.0051948
2.48127e-09
0.0051948
1.46103e-09
0.0051948
1.5032e-09
0.0051948
4.30314e-10
0.0051948
4.16271e-10
0.0051948
-5.66633e-10
0.0051948
-1.56206e-10
0.0051948
-6.46927e-10
0.0051948
-1.19191e-11
0.0051948
-7.37682e-10
0.0051948
-7.17672e-10
0.0051948
-1.2646e-09
0.0051948
-5.44181e-10
0.0051948
-7.5839e-10
0.0051948
-6.60695e-11
0.0051948
-3.676e-10
0.0051948
7.51319e-11
0.0051948
-2.06079e-10
0.00519481
1.12121e-10
0.00519481
-2.96807e-10
0.00519481
-2.22978e-11
0.00519481
-2.91306e-10
0.00519481
1.08042e-10
0.00519481
-7.67898e-10
0.00519481
-1.01886e-09
0.00519481
-2.58994e-09
0.00519481
-3.7748e-09
0.00519481
-8.68905e-09
0.00519481
-1.46608e-08
0.00519482
-3.36788e-08
0.00519483
-5.09299e-08
0.00519484
-1.44177e-07
0.00519486
-1.40818e-07
0.00519496
-8.72481e-07
0.005195
-2.87425e-07
0.00519661
-1.2493e-05
-3.65739e-05
0.00517211
-0.00117423
0.00518641
-0.000111315
0.00518437
1.65865e-05
0.00519038
-5.04149e-05
0.00518896
1.10262e-05
0.00519204
-2.71886e-05
0.00519165
2.62436e-06
0.00519309
-1.29971e-05
0.0051931
-5.87795e-07
0.00519379
-6.47013e-06
0.00519389
-1.24582e-06
0.00519424
-3.31109e-06
0.00519433
-1.05049e-06
0.0051945
-1.71025e-06
0.00519456
-7.03612e-07
0.00519465
-8.78444e-07
0.00519468
-4.21226e-07
0.00519473
-4.46054e-07
0.00519475
-2.35659e-07
0.00519477
-2.2333e-07
0.00519478
-1.24314e-07
0.00519479
-1.08126e-07
0.00519479
-6.23607e-08
0.0051948
-5.13017e-08
0.0051948
-3.10584e-08
0.0051948
-2.43028e-08
0.0051948
-1.49567e-08
0.0051948
-1.03163e-08
0.0051948
-6.06228e-09
0.0051948
-4.20689e-09
0.0051948
-3.15593e-09
0.0051948
-2.54639e-09
0.0051948
-2.2187e-09
0.0051948
-1.02773e-09
0.0051948
-9.92323e-10
0.0051948
2.31394e-10
0.0051948
-3.07585e-10
0.0051948
-4.55349e-10
0.0051948
-1.66339e-09
0.0051948
-1.61445e-09
0.0051948
-2.16006e-09
0.0051948
-1.0992e-09
0.0051948
-5.88624e-10
0.0051948
1.13658e-09
0.0051948
1.15748e-09
0.0051948
2.05816e-09
0.0051948
1.29624e-09
0.0051948
1.58405e-09
0.0051948
6.66511e-10
0.0051948
8.00063e-10
0.0051948
-3.98789e-11
0.0051948
7.22261e-11
0.0051948
-1.07988e-09
0.0051948
-7.53866e-10
0.0051948
-1.80987e-09
0.0051948
-1.54561e-09
0.0051948
-2.10543e-09
0.0051948
-1.22295e-09
0.0051948
-1.26856e-09
0.0051948
1.53449e-10
0.0051948
5.15538e-10
0.0051948
1.91053e-09
0.0051948
1.81449e-09
0.0051948
2.32286e-09
0.0051948
1.32953e-09
0.0051948
1.39256e-09
0.0051948
3.84107e-10
0.0051948
4.01524e-10
0.0051948
-5.09377e-10
0.0051948
-8.14763e-11
0.0051948
-5.50461e-10
0.0051948
5.56235e-11
0.0051948
-6.62779e-10
0.0051948
-6.49313e-10
0.0051948
-1.20472e-09
0.0051948
-5.35951e-10
0.0051948
-7.64334e-10
0.0051948
-1.12686e-10
0.0051948
-4.05328e-10
0.0051948
2.25913e-11
0.0051948
-2.65184e-10
0.0051948
4.73906e-11
0.0051948
-3.36785e-10
0.0051948
-5.29333e-11
0.0051948
-3.3226e-10
0.00519481
5.50172e-11
0.00519481
-8.53029e-10
0.00519481
-1.17396e-09
0.00519481
-2.9114e-09
0.00519481
-4.29098e-09
0.00519481
-9.76732e-09
0.00519481
-1.64141e-08
0.00519482
-3.74957e-08
0.00519482
-5.68657e-08
0.00519484
-1.58999e-07
0.00519485
-1.56122e-07
0.00519493
-9.48574e-07
0.00519495
-3.08742e-07
0.00519627
-1.3809e-05
-4.05964e-05
0.00517458
-0.00134881
0.00518793
-0.000124664
0.00518605
1.8466e-05
0.00519137
-5.57424e-05
0.00519004
1.23594e-05
0.00519267
-2.98218e-05
0.00519229
3.00364e-06
0.0051935
-1.42019e-05
0.00519347
-5.60838e-07
0.00519405
-7.04242e-06
0.00519411
-1.30723e-06
0.00519439
-3.5888e-06
0.00519445
-1.11183e-06
0.00519458
-1.84567e-06
0.00519463
-7.45667e-07
0.00519469
-9.4399e-07
0.00519472
-4.4606e-07
0.00519475
-4.77346e-07
0.00519476
-2.48921e-07
0.00519478
-2.37855e-07
0.00519478
-1.30938e-07
0.00519479
-1.14777e-07
0.00519479
-6.56326e-08
0.0051948
-5.44058e-08
0.0051948
-3.26999e-08
0.0051948
-2.57367e-08
0.0051948
-1.56944e-08
0.0051948
-1.09699e-08
0.0051948
-6.37346e-09
0.0051948
-4.44834e-09
0.0051948
-3.24033e-09
0.0051948
-2.59934e-09
0.0051948
-2.22173e-09
0.0051948
-1.06524e-09
0.0051948
-9.98589e-10
0.0051948
1.93434e-10
0.0051948
-3.48094e-10
0.0051948
-4.65059e-10
0.0051948
-1.5837e-09
0.0051948
-1.56544e-09
0.0051948
-2.05446e-09
0.0051948
-9.52061e-10
0.0051948
-4.83179e-10
0.0051948
1.13734e-09
0.0051948
1.11531e-09
0.0051948
1.91267e-09
0.0051948
1.17021e-09
0.0051948
1.4811e-09
0.0051948
6.41474e-10
0.0051948
8.19129e-10
0.0051948
3.66142e-11
0.0051948
1.41095e-10
0.0051948
-1.01551e-09
0.0051948
-7.37942e-10
0.0051948
-1.75493e-09
0.0051948
-1.47807e-09
0.0051948
-1.98831e-09
0.0051948
-1.09506e-09
0.0051948
-1.12205e-09
0.0051948
2.42337e-10
0.0051948
5.61492e-10
0.0051948
1.83419e-09
0.0051948
1.67486e-09
0.0051948
2.15091e-09
0.0051948
1.18666e-09
0.0051948
1.27217e-09
0.0051948
3.32998e-10
0.0051948
3.8719e-10
0.0051948
-4.49941e-10
0.0051948
-5.57281e-12
0.0051948
-4.519e-10
0.0051948
1.21796e-10
0.0051948
-5.89489e-10
0.0051948
-5.81063e-10
0.0051948
-1.14379e-09
0.0051948
-5.30205e-10
0.0051948
-7.6952e-10
0.0051948
-1.56208e-10
0.0051948
-4.38236e-10
0.0051948
-2.3519e-11
0.0051948
-3.17095e-10
0.0051948
-1.47154e-11
0.0051948
-3.77147e-10
0.0051948
-8.88075e-11
0.0051948
-3.7969e-10
0.0051948
-4.61263e-12
0.0051948
-9.27541e-10
0.0051948
-1.30047e-09
0.0051948
-3.16962e-09
0.0051948
-4.70646e-09
0.00519481
-1.06361e-08
0.00519481
-1.7809e-08
0.00519481
-4.04739e-08
0.00519482
-6.15731e-08
0.00519483
-1.69876e-07
0.00519484
-1.6783e-07
0.00519489
-9.96346e-07
0.0051949
-3.19362e-07
0.00519588
-1.47871e-05
-4.36848e-05
0.0051775
-0.00152631
0.00518968
-0.00013685
0.00518796
2.01856e-05
0.00519248
-6.02546e-05
0.00519125
1.35843e-05
0.00519337
-3.1945e-05
0.005193
3.37743e-06
0.00519394
-1.51478e-05
0.00519388
-4.95886e-07
0.00519432
-7.47814e-06
0.00519434
-1.3272e-06
0.00519454
-3.79234e-06
0.00519457
-1.14161e-06
0.00519467
-1.94056e-06
0.00519469
-7.67066e-07
0.00519473
-9.87651e-07
0.00519474
-4.58518e-07
0.00519476
-4.97021e-07
0.00519477
-2.5521e-07
0.00519478
-2.4637e-07
0.00519478
-1.3385e-07
0.00519479
-1.18405e-07
0.00519479
-6.70077e-08
0.00519479
-5.60164e-08
0.00519479
-3.33604e-08
0.00519479
-2.6432e-08
0.00519479
-1.59556e-08
0.00519479
-1.12867e-08
0.00519479
-6.48213e-09
0.00519479
-4.54647e-09
0.00519479
-3.23364e-09
0.00519479
-2.58539e-09
0.00519479
-2.18371e-09
0.00519479
-1.08096e-09
0.00519479
-1.00104e-09
0.00519479
1.51669e-10
0.00519479
-3.82837e-10
0.00519479
-4.65783e-10
0.00519479
-1.48404e-09
0.00519479
-1.48397e-09
0.00519479
-1.92427e-09
0.00519479
-7.92934e-10
0.00519479
-3.80003e-10
0.00519479
1.12187e-09
0.00519479
1.05934e-09
0.00519479
1.75867e-09
0.00519479
1.03808e-09
0.00519479
1.37053e-09
0.00519479
6.10005e-10
0.00519479
8.31923e-10
0.00519479
1.05527e-10
0.00519479
2.1285e-10
0.00519479
-9.3174e-10
0.00519479
-6.95883e-10
0.00519479
-1.67172e-09
0.00519479
-1.3869e-09
0.00519479
-1.85589e-09
0.00519479
-9.60777e-10
0.00519479
-9.75864e-10
0.00519479
3.20474e-10
0.00519479
5.93242e-10
0.00519479
1.74382e-09
0.00519479
1.52268e-09
0.00519479
1.96666e-09
0.00519479
1.03645e-09
0.00519479
1.14599e-09
0.00519479
2.81243e-10
0.00519479
3.74669e-10
0.00519479
-3.90087e-10
0.00519479
6.77653e-11
0.00519479
-3.55925e-10
0.00519479
1.82223e-10
0.00519479
-5.21938e-10
0.00519479
-5.17802e-10
0.00519479
-1.08494e-09
0.00519479
-5.27586e-10
0.00519479
-7.74027e-10
0.00519479
-1.95852e-10
0.00519479
-4.63774e-10
0.00519479
-6.04687e-11
0.00519479
-3.57839e-10
0.00519479
-6.97773e-11
0.00519479
-4.15664e-10
0.00519479
-1.28652e-10
0.00519479
-4.32116e-10
0.00519479
-7.07227e-11
0.00519479
-9.87995e-10
0.00519479
-1.39391e-09
0.00519479
-3.35516e-09
0.00519479
-5.00622e-09
0.0051948
-1.12658e-08
0.0051948
-1.87988e-08
0.0051948
-4.25228e-08
0.0051948
-6.49076e-08
0.00519481
-1.76516e-07
0.00519482
-1.75618e-07
0.00519484
-1.01437e-06
0.00519484
-3.1882e-07
0.00519544
-1.53905e-05
-4.57219e-05
0.00518089
-0.0017072
0.00519167
-0.000147632
0.00519011
2.17483e-05
0.00519366
-6.38089e-05
0.00519257
1.46787e-05
0.00519411
-3.34888e-05
0.00519375
3.74e-06
0.0051944
-1.58037e-05
0.0051943
-3.92311e-07
0.00519459
-7.76289e-06
0.00519456
-1.30385e-06
0.00519469
-3.91486e-06
0.00519468
-1.13828e-06
0.00519473
-1.99168e-06
0.00519473
-7.66837e-07
0.00519475
-1.00792e-06
0.00519475
-4.58061e-07
0.00519476
-5.04387e-07
0.00519476
-2.54263e-07
0.00519476
-2.48574e-07
0.00519476
-1.32932e-07
0.00519476
-1.18889e-07
0.00519476
-6.64334e-08
0.00519476
-5.60801e-08
0.00519476
-3.30226e-08
0.00519476
-2.63704e-08
0.00519476
-1.5739e-08
0.00519476
-1.12633e-08
0.00519476
-6.38792e-09
0.00519476
-4.50385e-09
0.00519476
-3.14026e-09
0.00519476
-2.5105e-09
0.00519476
-2.11026e-09
0.00519476
-1.07829e-09
0.00519476
-9.99857e-10
0.00519476
1.04968e-10
0.00519476
-4.07872e-10
0.00519476
-4.53428e-10
0.00519476
-1.36184e-09
0.00519476
-1.36804e-09
0.00519476
-1.76826e-09
0.00519476
-6.26058e-10
0.00519476
-2.81516e-10
0.00519476
1.08959e-09
0.00519476
9.90414e-10
0.00519476
1.5978e-09
0.00519476
9.01751e-10
0.00519476
1.25034e-09
0.00519476
5.67633e-10
0.00519476
8.30894e-10
0.00519476
1.60388e-10
0.00519476
2.80914e-10
0.00519476
-8.30766e-10
0.00519476
-6.26282e-10
0.00519476
-1.55518e-09
0.00519476
-1.26643e-09
0.00519476
-1.70141e-09
0.00519476
-8.16898e-10
0.00519476
-8.2889e-10
0.00519476
3.8563e-10
0.00519476
6.07231e-10
0.00519476
1.63706e-09
0.00519476
1.35874e-09
0.00519476
1.77242e-09
0.00519476
8.8348e-10
0.00519476
1.01824e-09
0.00519476
2.32228e-10
0.00519476
3.6407e-10
0.00519476
-3.30925e-10
0.00519476
1.34736e-10
0.00519476
-2.66735e-10
0.00519476
2.32414e-10
0.00519476
-4.62606e-10
0.00519476
-4.62611e-10
0.00519476
-1.02942e-09
0.00519476
-5.27623e-10
0.00519476
-7.7574e-10
0.00519476
-2.29986e-10
0.00519476
-4.80543e-10
0.00519476
-8.72162e-11
0.00519476
-3.84941e-10
0.00519476
-1.15565e-10
0.00519476
-4.50053e-10
0.00519476
-1.71018e-10
0.00519476
-4.86745e-10
0.00519476
-1.41091e-10
0.00519476
-1.03263e-09
0.00519476
-1.45084e-09
0.00519476
-3.45992e-09
0.00519477
-5.17764e-09
0.00519477
-1.1631e-08
0.00519477
-1.93421e-08
0.00519477
-4.35664e-08
0.00519477
-6.67395e-08
0.00519477
-1.78722e-07
0.00519478
-1.79221e-07
0.00519476
-1.00222e-06
0.00519475
-3.07005e-07
0.00519495
-1.55875e-05
-4.65978e-05
0.00518477
-0.00189197
0.00519386
-0.000156727
0.00519245
2.31653e-05
0.00519488
-6.62485e-05
0.00519395
1.56164e-05
0.00519484
-3.43818e-05
0.00519449
4.08385e-06
0.00519483
-1.61391e-05
0.00519469
-2.50855e-07
0.00519481
-7.88304e-06
0.00519474
-1.23635e-06
0.00519478
-3.9503e-06
0.00519474
-1.10106e-06
0.00519475
-1.99637e-06
0.00519472
-7.44546e-07
0.00519472
-1.00368e-06
0.00519471
-4.44495e-07
0.0051947
-4.99011e-07
0.00519469
-2.4603e-07
0.00519469
-2.44319e-07
0.00519468
-1.28192e-07
0.00519468
-1.16186e-07
0.00519468
-6.39291e-08
0.00519468
-5.45978e-08
0.00519468
-3.17054e-08
0.00519468
-2.55598e-08
0.00519468
-1.50607e-08
0.00519467
-1.09078e-08
0.00519467
-6.09906e-09
0.00519467
-4.32985e-09
0.00519467
-2.96913e-09
0.00519467
-2.38231e-09
0.00519467
-2.00691e-09
0.00519467
-1.05738e-09
0.00519467
-9.9391e-10
0.00519467
5.56465e-11
0.00519467
-4.19011e-10
0.00519467
-4.2438e-10
0.00519467
-1.21678e-09
0.00519467
-1.21772e-09
0.00519467
-1.58556e-09
0.00519467
-4.58127e-10
0.00519467
-1.91116e-10
0.00519467
1.04001e-09
0.00519467
9.08357e-10
0.00519467
1.43056e-09
0.00519467
7.61039e-10
0.00519467
1.11752e-09
0.00519467
5.0964e-10
0.00519467
8.06996e-10
0.00519467
1.95308e-10
0.00519467
3.3714e-10
0.00519467
-7.16367e-10
0.00519467
-5.30906e-10
0.00519467
-1.40427e-09
0.00519467
-1.11383e-09
0.00519467
-1.51966e-09
0.00519467
-6.63125e-10
0.00519467
-6.81181e-10
0.00519467
4.3746e-10
0.00519467
6.04621e-10
0.00519467
1.51164e-09
0.00519467
1.18638e-09
0.00519467
1.56873e-09
0.00519467
7.34242e-10
0.00519467
8.92627e-10
0.00519467
1.86847e-10
0.00519467
3.53119e-10
0.00519467
-2.73178e-10
0.00519467
1.91139e-10
0.00519467
-1.88097e-10
0.00519467
2.67794e-10
0.00519467
-4.1254e-10
0.00519467
-4.16371e-10
0.00519467
-9.75518e-10
0.00519467
-5.27998e-10
0.00519467
-7.71292e-10
0.00519467
-2.57828e-10
0.00519467
-4.87196e-10
0.00519467
-1.04837e-10
0.00519467
-3.98889e-10
0.00519467
-1.52332e-10
0.00519467
-4.79588e-10
0.00519467
-2.14568e-10
0.00519467
-5.40255e-10
0.00519468
-2.11663e-10
0.00519468
-1.0594e-09
0.00519468
-1.46693e-09
0.00519468
-3.48056e-09
0.00519468
-5.21049e-09
0.00519468
-1.17093e-08
0.00519468
-1.94022e-08
0.00519468
-4.35471e-08
0.00519468
-6.69642e-08
0.00519468
-1.76383e-07
0.00519468
-1.78454e-07
0.00519463
-9.6055e-07
0.00519461
-2.84161e-07
0.00519438
-1.53522e-05
-4.62105e-05
0.00518908
-0.00208105
0.00519615
-0.000163793
0.00519486
2.4456e-05
0.00519601
-6.74008e-05
0.00519526
1.63664e-05
0.00519543
-3.4551e-05
0.00519511
4.39953e-06
0.0051951
-1.61237e-05
0.00519492
-7.36562e-08
0.00519486
-7.82576e-06
0.00519475
-1.125e-06
0.0051947
-3.8934e-06
0.00519462
-1.03002e-06
0.00519458
-1.95265e-06
0.00519454
-7.00335e-07
0.00519451
-9.74294e-07
0.00519448
-4.18014e-07
0.00519446
-4.80736e-07
0.00519445
-2.307e-07
0.00519444
-2.33612e-07
0.00519443
-1.19775e-07
0.00519442
-1.10347e-07
0.00519442
-5.95814e-08
0.00519442
-5.16201e-08
0.00519441
-2.94553e-08
0.00519441
-2.40422e-08
0.00519441
-1.39459e-08
0.00519441
-1.02355e-08
0.00519441
-5.63355e-09
0.00519441
-4.03861e-09
0.00519441
-2.73041e-09
0.00519441
-2.20796e-09
0.00519441
-1.87541e-09
0.00519441
-1.0191e-09
0.00519441
-9.77038e-10
0.00519441
7.84977e-12
0.00519441
-4.11176e-10
0.00519441
-3.76611e-10
0.00519441
-1.05035e-09
0.00519441
-1.03737e-09
0.00519441
-1.37951e-09
0.00519441
-2.96723e-10
0.00519441
-1.11156e-10
0.00519441
9.7117e-10
0.00519441
8.11862e-10
0.00519441
1.25424e-09
0.00519441
6.15613e-10
0.00519441
9.68443e-10
0.00519441
4.32028e-10
0.00519441
7.54109e-10
0.00519441
2.0602e-10
0.00519441
3.74707e-10
0.00519441
-5.9371e-10
0.00519441
-4.14668e-10
0.00519441
-1.21971e-09
0.00519441
-9.31006e-10
0.00519441
-1.3102e-09
0.00519441
-5.01332e-10
0.00519441
-5.33011e-10
0.00519441
4.7446e-10
0.00519441
5.84731e-10
0.00519441
1.37077e-09
0.00519441
1.01049e-09
0.00519441
1.36201e-09
0.00519441
5.92023e-10
0.00519441
7.70796e-10
0.00519441
1.45471e-10
0.00519441
3.38831e-10
0.00519441
-2.19114e-10
0.00519441
2.32378e-10
0.00519441
-1.23678e-10
0.00519441
2.85172e-10
0.00519441
-3.71665e-10
0.00519441
-3.79115e-10
0.00519441
-9.20716e-10
0.00519441
-5.25459e-10
0.00519441
-7.56521e-10
0.00519441
-2.77553e-10
0.00519441
-4.82681e-10
0.00519441
-1.15436e-10
0.00519441
-4.01026e-10
0.00519441
-1.80671e-10
0.00519441
-5.02941e-10
0.00519441
-2.5731e-10
0.00519441
-5.87917e-10
0.00519441
-2.78438e-10
0.00519441
-1.06627e-09
0.00519441
-1.44488e-09
0.00519441
-3.41281e-09
0.00519441
-5.10057e-09
0.00519441
-1.14717e-08
0.00519441
-1.89451e-08
0.00519441
-4.24253e-08
0.00519441
-6.54989e-08
0.0051944
-1.69479e-07
0.0051944
-1.73207e-07
0.00519433
-8.91165e-07
0.0051943
-2.50891e-07
0.00519361
-1.46663e-05
-4.44684e-05
0.00519357
-0.00227461
0.00519819
-0.000168417
0.005197
2.56455e-05
0.00519667
-6.70762e-05
0.00519615
1.68904e-05
0.00519552
-3.39207e-05
0.00519524
4.6753e-06
0.00519485
-1.57274e-05
0.00519464
1.35771e-07
0.00519439
-7.57908e-06
0.00519424
-9.7143e-07
0.00519408
-3.73968e-06
0.00519398
-9.26191e-07
0.00519389
-1.85916e-06
0.00519382
-6.35002e-07
0.00519377
-9.19585e-07
0.00519373
-3.79207e-07
0.0051937
-4.49739e-07
0.00519368
-2.08686e-07
0.00519366
-2.16675e-07
0.00519365
-1.07936e-07
0.00519364
-1.01569e-07
0.00519363
-5.35146e-08
0.00519363
-4.72228e-08
0.00519362
-2.63621e-08
0.00519362
-2.1868e-08
0.00519362
-1.24514e-08
0.00519362
-9.28539e-09
0.00519362
-5.01544e-09
0.00519362
-3.64772e-09
0.00519362
-2.43513e-09
0.00519362
-1.99354e-09
0.00519362
-1.71564e-09
0.00519362
-9.60506e-10
0.00519362
-9.39102e-10
0.00519362
-3.16302e-11
0.00519362
-3.79981e-10
0.00519362
-3.09767e-10
0.00519362
-8.65824e-10
0.00519362
-8.34409e-10
0.00519362
-1.15556e-09
0.00519362
-1.50592e-10
0.00519362
-4.42482e-11
0.00519362
8.81012e-10
0.00519362
6.99302e-10
0.00519362
1.06557e-09
0.00519362
4.65577e-10
0.00519362
8.01247e-10
0.00519362
3.33394e-10
0.00519362
6.68177e-10
0.00519362
1.91296e-10
0.00519362
3.87338e-10
0.00519362
-4.68714e-10
0.00519362
-2.85944e-10
0.00519362
-1.00756e-09
0.00519362
-7.24774e-10
0.00519362
-1.07651e-09
0.00519362
-3.36321e-10
0.00519362
-3.85821e-10
0.00519362
4.9622e-10
0.00519362
5.50953e-10
0.00519362
1.21699e-09
0.00519362
8.37817e-10
0.00519362
1.15577e-09
0.00519362
4.6116e-10
0.00519362
6.53064e-10
0.00519362
1.08305e-10
0.00519362
3.18251e-10
0.00519362
-1.7111e-10
0.00519362
2.53629e-10
0.00519362
-7.64271e-11
0.00519362
2.81556e-10
0.00519362
-3.39309e-10
0.00519362
-3.50081e-10
0.00519362
-8.61336e-10
0.00519362
-5.16992e-10
0.00519362
-7.27727e-10
0.00519362
-2.87627e-10
0.00519362
-4.66862e-10
0.00519362
-1.21742e-10
0.00519362
-3.93168e-10
0.00519362
-2.0225e-10
0.00519362
-5.17698e-10
0.00519362
-2.96687e-10
0.00519362
-6.23764e-10
0.00519362
-3.36917e-10
0.00519362
-1.05194e-09
0.00519362
-1.38632e-09
0.00519362
-3.25726e-09
0.00519362
-4.84544e-09
0.00519362
-1.09206e-08
0.00519362
-1.79565e-08
0.00519362
-4.01209e-08
0.00519362
-6.22443e-08
0.0051936
-1.58134e-07
0.00519359
-1.63386e-07
0.0051935
-7.97198e-07
0.00519346
-2.08198e-07
0.00519231
-1.35212e-05
-4.12946e-05
0.00519728
-0.00247189
0.00519891
-0.000170053
0.00519781
2.67522e-05
0.00519579
-6.50645e-05
0.00519555
1.71388e-05
0.00519404
-3.24118e-05
0.00519382
4.89501e-06
0.00519301
-1.49191e-05
0.00519277
3.70779e-07
0.00519233
-7.13096e-06
0.00519213
-7.79231e-07
0.00519188
-3.48505e-06
0.00519174
-7.92042e-07
0.0051916
-1.71498e-06
0.00519152
-5.50195e-07
0.00519144
-8.39895e-07
0.00519139
-3.29106e-07
0.00519134
-4.0655e-07
0.00519132
-1.80649e-07
0.00519129
-1.93958e-07
0.00519128
-9.30507e-08
0.00519127
-9.01014e-08
0.00519126
-4.59543e-08
0.00519126
-4.15729e-08
0.00519125
-2.25606e-08
0.00519125
-1.91229e-08
0.00519125
-1.0639e-08
0.00519125
-8.10099e-09
0.00519124
-4.2748e-09
0.00519124
-3.17597e-09
0.00519124
-2.09318e-09
0.00519124
-1.74375e-09
0.00519124
-1.52447e-09
0.00519124
-8.76248e-10
0.00519124
-8.67999e-10
0.00519124
-5.47324e-11
0.00519124
-3.21337e-10
0.00519124
-2.25012e-10
0.00519124
-6.68346e-10
0.00519124
-6.19566e-10
0.00519124
-9.20349e-10
0.00519124
-2.76491e-11
0.00519124
7.97452e-12
0.00519124
7.68211e-10
0.00519124
5.71034e-10
0.00519124
8.62729e-10
0.00519124
3.13974e-10
0.00519124
6.1738e-10
0.00519124
2.17422e-10
0.00519124
5.50337e-10
0.00519124
1.53287e-10
0.00519124
3.70687e-10
0.00519124
-3.47966e-10
0.00519124
-1.56232e-10
0.00519124
-7.7771e-10
0.00519124
-5.06875e-10
0.00519124
-8.25995e-10
0.00519124
-1.754e-10
0.00519124
-2.41816e-10
0.00519124
5.01969e-10
0.00519124
5.06875e-10
0.00519124
1.05279e-09
0.00519124
6.74416e-10
0.00519124
9.52492e-10
0.00519124
3.44441e-10
0.00519124
5.38117e-10
0.00519124
7.47147e-11
0.00519124
2.87607e-10
0.00519124
-1.31481e-10
0.00519124
2.50847e-10
0.00519124
-4.79779e-11
0.00519124
2.55264e-10
0.00519124
-3.13965e-10
0.00519124
-3.28166e-10
0.00519124
-7.93797e-10
0.00519124
-4.99822e-10
0.00519124
-6.81901e-10
0.00519124
-2.87831e-10
0.00519124
-4.39066e-10
0.00519124
-1.26266e-10
0.00519124
-3.7646e-10
0.00519124
-2.17714e-10
0.00519124
-5.20569e-10
0.00519124
-3.29158e-10
0.00519124
-6.4132e-10
0.00519124
-3.82681e-10
0.00519124
-1.01382e-09
0.00519125
-1.29322e-09
0.00519125
-3.01565e-09
0.00519125
-4.4481e-09
0.00519125
-1.00516e-08
0.00519124
-1.64209e-08
0.00519124
-3.66663e-08
0.00519124
-5.70603e-08
0.00519122
-1.42556e-07
0.00519121
-1.48923e-07
0.00519109
-6.83059e-07
0.00519104
-1.57911e-07
0.00518944
-1.19226e-05
-3.66347e-05
0.00519723
-0.00266911
0.00519511
-0.000167935
0.00519411
2.7747e-05
0.00519017
-6.11235e-05
0.00519027
1.70352e-05
0.0051878
-2.99359e-05
0.00518766
5.03138e-06
0.00518641
-1.36638e-05
0.00518616
6.19508e-07
0.00518549
-6.46896e-06
0.00518527
-5.54412e-07
0.00518491
-3.12604e-06
0.00518475
-6.3154e-07
0.00518456
-1.5199e-06
0.00518445
-4.48514e-07
0.00518435
-7.35963e-07
0.00518429
-2.69342e-07
0.00518424
-3.51975e-07
0.0051842
-1.47627e-07
0.00518418
-1.66007e-07
0.00518416
-7.57366e-08
0.00518415
-7.63279e-08
0.00518414
-3.72221e-08
0.00518413
-3.48719e-08
0.00518413
-1.82258e-08
0.00518412
-1.59196e-08
0.00518412
-8.58722e-09
0.00518412
-6.73189e-09
0.00518412
-3.4439e-09
0.00518412
-2.6412e-09
0.00518412
-1.71239e-09
0.00518412
-1.46044e-09
0.00518412
-1.29665e-09
0.00518412
-7.59233e-10
0.00518412
-7.52795e-10
0.00518412
-5.54066e-11
0.00518412
-2.34775e-10
0.00518412
-1.27095e-10
0.00518412
-4.65868e-10
0.00518412
-4.05901e-10
0.00518412
-6.82417e-10
0.00518411
6.54405e-11
0.00518411
4.43389e-11
0.00518411
6.3363e-10
0.00518411
4.31513e-10
0.00518411
6.49194e-10
0.00518412
1.68408e-10
0.00518412
4.24908e-10
0.00518412
9.44858e-11
0.00518412
4.08029e-10
0.00518412
9.7651e-11
0.00518412
3.23815e-10
0.00518412
-2.38587e-10
0.00518412
-3.89454e-11
0.00518412
-5.43586e-10
0.00518412
-2.93092e-10
0.00518411
-5.70431e-10
0.00518411
-2.85406e-11
0.00518411
-1.06324e-10
0.00518411
4.88712e-10
0.00518411
4.52532e-10
0.00518411
8.789e-10
0.00518411
5.22649e-10
0.00518411
7.53304e-10
0.00518411
2.42256e-10
0.00518411
4.23774e-10
0.00518411
4.42558e-11
0.00518411
2.44472e-10
0.00518411
-1.01555e-10
0.00518411
2.22892e-10
0.00518411
-3.74605e-11
0.00518411
2.07109e-10
0.00518412
-2.92851e-10
0.00518412
-3.10962e-10
0.00518412
-7.14895e-10
0.00518412
-4.71186e-10
0.00518412
-6.16932e-10
0.00518412
-2.77431e-10
0.00518412
-3.99057e-10
0.00518412
-1.29934e-10
0.00518412
-3.50396e-10
0.00518412
-2.25664e-10
0.00518412
-5.06004e-10
0.00518412
-3.48752e-10
0.00518412
-6.3284e-10
0.00518412
-4.09878e-10
0.00518412
-9.48779e-10
0.00518412
-1.16681e-09
0.00518412
-2.68979e-09
0.00518412
-3.91271e-09
0.00518412
-8.86508e-09
0.00518412
-1.43456e-08
0.00518411
-3.20367e-08
0.00518411
-5.00104e-08
0.00518409
-1.22934e-07
0.00518407
-1.29911e-07
0.00518394
-5.5397e-07
0.00518388
-1.03154e-07
0.00518186
-9.902e-06
-3.04686e-05
0.00518418
-0.0028533
0.00517711
-0.000160867
0.0051764
2.84625e-05
0.00517022
-5.49446e-05
0.00517081
1.64407e-05
0.00516726
-2.63841e-05
0.00516726
5.03562e-06
0.00516552
-1.19236e-05
0.00516527
8.6604e-07
0.00516439
-5.58442e-06
0.00516413
-3.02728e-07
0.00516367
-2.66408e-06
0.00516349
-4.47526e-07
0.00516325
-1.27721e-06
0.00516313
-3.32584e-07
0.005163
-6.09328e-07
0.00516294
-2.02343e-07
0.00516287
-2.8724e-07
0.00516284
-1.11066e-07
0.0051628
-1.33629e-07
0.00516279
-5.68155e-08
0.00516277
-6.06896e-08
0.00516276
-2.77864e-08
0.00516275
-2.74036e-08
0.00516275
-1.35776e-08
0.00516275
-1.24033e-08
0.00516274
-6.40062e-09
0.00516274
-5.23861e-09
0.00516274
-2.56264e-09
0.00516274
-2.06282e-09
0.00516274
-1.30388e-09
0.00516274
-1.15356e-09
0.00516274
-1.03326e-09
0.00516274
-6.15017e-10
0.00516274
-5.93357e-10
0.00516274
-3.47756e-11
0.00516274
-1.24403e-10
0.00516274
-2.38586e-11
0.00516274
-2.65592e-10
0.00516274
-2.08049e-10
0.00516274
-4.47698e-10
0.00516274
1.22978e-10
0.00516274
6.81271e-11
0.00516274
4.82404e-10
0.00516274
2.90878e-10
0.00516274
4.31896e-10
0.00516274
4.00651e-11
0.00516274
2.3292e-10
0.00516274
-2.12257e-11
0.00516274
2.49898e-10
0.00516274
3.38287e-11
0.00516274
2.4728e-10
0.00516274
-1.4513e-10
0.00516274
4.97069e-11
0.00516274
-3.21967e-10
0.00516274
-1.04937e-10
0.00516274
-3.25521e-10
0.00516274
8.94823e-11
0.00516274
1.4321e-11
0.00516274
4.513e-10
0.00516274
3.91346e-10
0.00516274
6.94518e-10
0.00516274
3.86164e-10
0.00516274
5.56498e-10
0.00516274
1.55517e-10
0.00516274
3.06666e-10
0.00516274
1.68999e-11
0.00516274
1.85788e-10
0.00516274
-7.96139e-11
0.00516274
1.71044e-10
0.00516274
-3.94019e-11
0.00516274
1.40083e-10
0.00516274
-2.70926e-10
0.00516274
-2.97022e-10
0.00516274
-6.20648e-10
0.00516274
-4.30891e-10
0.00516274
-5.30983e-10
0.00516274
-2.55623e-10
0.00516274
-3.42526e-10
0.00516274
-1.29259e-10
0.00516274
-3.0897e-10
0.00516274
-2.21862e-10
0.00516274
-4.65934e-10
0.00516274
-3.4888e-10
0.00516274
-5.89774e-10
0.00516274
-4.10924e-10
0.00516274
-8.47813e-10
0.00516274
-1.00197e-09
0.00516274
-2.27507e-09
0.00516274
-3.24137e-09
0.00516274
-7.36699e-09
0.00516274
-1.17482e-08
0.00516273
-2.63152e-08
0.00516272
-4.1132e-08
0.0051627
-9.9585e-08
0.00516268
-1.06503e-07
0.00516254
-4.16606e-07
0.00516248
-4.60419e-08
0.00516013
-7.54825e-06
-2.28454e-05
0.00513035
-0.00298364
0.00511604
-0.000146562
0.00511612
2.83787e-05
0.00510725
-4.60737e-05
0.00510861
1.50768e-05
0.00510385
-2.16187e-05
0.00510406
4.82389e-06
0.0051018
-9.65946e-06
0.00510159
1.07027e-06
0.00510046
-4.45765e-06
0.00510021
-5.01723e-08
0.00509964
-2.09231e-06
0.00509945
-2.55244e-07
0.00509916
-9.85864e-07
0.00509904
-2.1038e-07
0.00509889
-4.62065e-07
0.00509882
-1.31898e-07
0.00509875
-2.14057e-07
0.00509871
-7.30468e-08
0.00509867
-9.79411e-08
0.00509865
-3.73752e-08
0.00509864
-4.3823e-08
0.00509863
-1.82243e-08
0.00509862
-1.95088e-08
0.00509862
-8.91308e-09
0.00509861
-8.73009e-09
0.00509861
-4.1994e-09
0.00509861
-3.68415e-09
0.00509861
-1.67247e-09
0.00509861
-1.45909e-09
0.00509861
-8.85069e-10
0.00509861
-8.1403e-10
0.00509861
-7.37836e-10
0.00509861
-4.30592e-10
0.0050986
-3.95927e-10
0.0050986
1.06468e-12
0.0050986
-1.76674e-11
0.0050986
5.83886e-11
0.0050986
-9.96349e-11
0.0050986
-4.72524e-11
0.0050986
-2.44195e-10
0.0050986
1.4424e-10
0.0050986
7.0339e-11
0.0050986
3.21886e-10
0.0050986
1.59226e-10
0.0050986
2.37042e-10
0.0050986
-5.32809e-11
0.0050986
7.99268e-11
0.0050986
-1.00483e-10
0.0050986
1.10258e-10
0.0050986
-2.03986e-11
0.0050986
1.61394e-10
0.0050986
-7.58586e-11
0.0050986
1.04423e-10
0.0050986
-1.36403e-10
0.0050986
3.81351e-11
0.0050986
-1.18247e-10
0.0050986
1.63424e-10
0.0050986
9.53781e-11
0.0050986
3.79965e-10
0.0050986
3.048e-10
0.0050986
4.96178e-10
0.0050986
2.52605e-10
0.0050986
3.63768e-10
0.0050986
8.01024e-11
0.0050986
1.91818e-10
0.0050986
-8.63955e-12
0.0050986
1.21828e-10
0.0050986
-6.76128e-11
0.0050986
1.05421e-10
0.0050986
-5.14494e-11
0.0050986
6.33207e-11
0.0050986
-2.4302e-10
0.0050986
-2.70215e-10
0.0050986
-5.02615e-10
0.0050986
-3.63381e-10
0.0050986
-4.20003e-10
0.00509861
-2.15895e-10
0.00509861
-2.71326e-10
0.00509861
-1.20829e-10
0.00509861
-2.54885e-10
0.00509861
-2.00052e-10
0.00509861
-3.93157e-10
0.00509861
-3.13315e-10
0.00509861
-4.99196e-10
0.00509861
-3.69041e-10
0.00509861
-7.01471e-10
0.00509861
-7.95509e-10
0.00509861
-1.77534e-09
0.00509861
-2.44257e-09
0.00509861
-5.57618e-09
0.0050986
-8.68178e-09
0.0050986
-1.96104e-08
0.00509859
-3.05563e-08
0.00509856
-7.31131e-08
0.00509853
-7.90742e-08
0.0050984
-2.79584e-07
0.00509834
5.57918e-09
0.00509585
-5.05647e-06
-1.40717e-05
0.00495241
-0.00293606
0.00492501
-0.000119164
0.00492765
2.57391e-05
0.00491523
-3.3652e-05
0.00491803
1.22755e-05
0.00491178
-1.53651e-05
0.00491249
4.11077e-06
0.00490958
-6.75561e-06
0.00490955
1.10087e-06
0.00490816
-3.05949e-06
0.00490796
1.46902e-07
0.00490728
-1.40782e-06
0.0049071
-8.16795e-08
0.00490677
-6.49205e-07
0.00490665
-9.57352e-08
0.00490649
-2.97787e-07
0.00490642
-6.52476e-08
0.00490634
-1.35023e-07
0.00490631
-3.72425e-08
0.00490627
-6.05308e-08
0.00490625
-1.92395e-08
0.00490624
-2.65869e-08
0.00490623
-9.38889e-09
0.00490622
-1.16299e-08
0.00490621
-4.6277e-09
0.00490621
-5.13994e-09
0.00490621
-2.18572e-09
0.00490621
-2.16155e-09
0.00490621
-8.5815e-10
0.00490621
-8.61105e-10
0.00490621
-4.84837e-10
0.00490621
-4.96487e-10
0.0049062
-4.44788e-10
0.0049062
-2.70321e-10
0.0049062
-2.12579e-10
0.0049062
1.9353e-11
0.0049062
6.00666e-11
0.0049062
1.0048e-10
0.0049062
2.10762e-11
0.0049062
4.73969e-11
0.0049062
-7.84528e-11
0.0049062
1.1811e-10
0.0049062
6.36905e-11
0.0049062
1.69855e-10
0.0049062
5.85293e-11
0.0049062
7.60231e-11
0.0049062
-9.26118e-11
0.0049062
-3.05432e-11
0.0049062
-1.23106e-10
0.0049062
5.69016e-12
0.0049062
-4.04912e-11
0.0049062
7.89699e-11
0.0049062
-1.66687e-11
0.0049062
1.09825e-10
0.0049062
-4.07741e-12
0.0049062
1.03141e-10
0.0049062
2.17083e-11
0.0049062
1.64853e-10
0.0049062
1.25926e-10
0.0049062
2.63066e-10
0.0049062
2.03203e-10
0.0049062
2.87205e-10
0.0049062
1.35313e-10
0.0049062
1.80029e-10
0.0049062
2.35351e-11
0.0049062
8.24121e-11
0.0049062
-2.28854e-11
0.0049062
5.19882e-11
0.0049062
-5.03793e-11
0.0049062
3.75479e-11
0.0049062
-5.2985e-11
0.0049062
-5.73381e-12
0.0049062
-1.9207e-10
0.0049062
-2.26558e-10
0.0049062
-3.55414e-10
0.0049062
-2.72285e-10
0.0049062
-2.81263e-10
0.0049062
-1.54237e-10
0.00490621
-1.70611e-10
0.00490621
-8.7405e-11
0.00490621
-1.64291e-10
0.00490621
-1.461e-10
0.00490621
-2.73682e-10
0.00490621
-2.36757e-10
0.00490621
-3.54336e-10
0.00490621
-2.76575e-10
0.00490621
-4.87132e-10
0.00490621
-5.2486e-10
0.00490621
-1.16379e-09
0.00490621
-1.52809e-09
0.0049062
-3.53922e-09
0.0049062
-5.30173e-09
0.00490619
-1.2196e-08
0.00490618
-1.87783e-08
0.00490615
-4.47177e-08
0.00490612
-4.87865e-08
0.004906
-1.5305e-07
0.00490597
3.2675e-08
0.0049037
-2.78258e-06
-5.32171e-06
0.00439864
-0.0023347
0.00434233
-6.28544e-05
0.00435433
1.37431e-05
0.00433589
-1.52127e-05
0.00434224
5.92582e-06
0.00433369
-6.81784e-06
0.00433576
2.03607e-06
0.00433197
-2.96233e-06
0.00433247
5.97143e-07
0.00433074
-1.32232e-06
0.00433076
1.24418e-07
0.00432995
-5.97848e-07
0.00432987
-3.3895e-09
0.00432949
-2.70301e-07
0.00432942
-2.43826e-08
0.00432925
-1.21454e-07
0.0043292
-1.91839e-08
0.00432912
-5.38686e-08
0.0043291
-1.14306e-08
0.00432906
-2.36385e-08
0.00432905
-5.95765e-09
0.00432903
-1.01607e-08
0.00432902
-2.89395e-09
0.00432902
-4.35079e-09
0.00432901
-1.44483e-09
0.00432901
-1.90038e-09
0.00432901
-6.68421e-10
0.00432901
-7.94913e-10
0.00432901
-2.47743e-10
0.004329
-3.22815e-10
0.004329
-1.71687e-10
0.004329
-2.09938e-10
0.004329
-1.88742e-10
0.004329
-1.30302e-10
0.004329
-7.02205e-11
0.004329
8.12597e-12
0.004329
6.62474e-11
0.004329
6.62326e-11
0.004329
4.76381e-11
0.004329
4.40553e-11
0.004329
-2.03829e-12
0.004329
4.11967e-11
0.004329
2.76576e-11
0.004329
3.222e-11
0.004329
-6.29485e-12
0.004329
-2.10868e-11
0.004329
-6.70539e-11
0.004329
-5.50128e-11
0.004329
-6.37473e-11
0.004329
-1.92377e-11
0.004329
-5.48854e-12
0.004329
3.36756e-11
0.004329
2.6489e-11
0.004329
6.89634e-11
0.004329
4.42929e-11
0.004329
6.81969e-11
0.004329
5.14597e-11
0.004329
7.5713e-11
0.004329
7.16891e-11
0.004329
9.65885e-11
0.004329
7.41954e-11
0.004329
8.39371e-11
0.004329
3.52018e-11
0.004329
3.12113e-11
0.004329
-5.5762e-12
0.004329
3.58078e-12
0.004329
-1.8703e-11
0.004329
1.12242e-12
0.004329
-2.4467e-11
0.004329
-8.27831e-12
0.004329
-3.17285e-11
0.004329
-3.60011e-11
0.004329
-9.76932e-11
0.004329
-1.259e-10
0.004329
-1.55103e-10
0.004329
-1.21394e-10
0.004329
-9.66763e-11
0.004329
-4.79516e-11
0.004329
-3.53162e-11
0.004329
-1.63118e-11
0.004329
-4.15046e-11
0.004329
-5.49151e-11
0.004329
-1.09117e-10
0.004329
-1.09501e-10
0.004329
-1.49691e-10
0.00432901
-1.21724e-10
0.00432901
-1.94535e-10
0.00432901
-2.00859e-10
0.004329
-4.59882e-10
0.004329
-5.89046e-10
0.004329
-1.40601e-09
0.004329
-2.03558e-09
0.00432899
-4.80867e-09
0.00432898
-7.33619e-09
0.00432895
-1.74762e-08
0.00432893
-1.91866e-08
0.00432882
-5.24716e-08
0.00432883
2.79999e-08
0.00432708
-1.03774e-06
2.60745e-07
0.0026653
0.00260244
0.00261619
0.00260097
0.0026069
0.00260008
0.00260212
0.00259915
0.00259975
0.00259843
0.00259855
0.00259796
0.00259795
0.00259768
0.00259766
0.00259754
0.00259752
0.00259747
0.00259745
0.00259743
0.00259743
0.00259742
0.00259741
0.00259741
0.00259741
0.0025974
0.0025974
0.0025974
0.0025974
0.0025974
0.0025974
0.0025974
0.0025974
0.0025974
0.0025974
0.0025974
0.0025974
0.0025974
0.0025974
0.0025974
0.0025974
0.0025974
0.0025974
0.0025974
0.0025974
0.0025974
0.0025974
0.0025974
0.0025974
0.0025974
0.0025974
0.0025974
0.0025974
0.0025974
0.0025974
0.0025974
0.0025974
0.0025974
0.0025974
0.0025974
0.0025974
0.0025974
0.0025974
0.0025974
0.0025974
0.0025974
0.0025974
0.0025974
0.0025974
0.0025974
0.0025974
0.0025974
0.0025974
0.0025974
0.0025974
0.0025974
0.0025974
0.0025974
0.0025974
0.0025974
0.0025974
0.0025974
0.0025974
0.0025974
0.0025974
0.0025974
0.0025974
0.0025974
0.0025974
0.0025974
0.0025974
0.0025974
0.00259739
0.00259739
0.00259737
0.00259735
0.0025973
0.00259733
0.00259629
)
;

boundaryField
{
    inlet
    {
        type            calculated;
        value           nonuniform List<scalar> 
40
(
-0.005
-0.005
-0.005
-0.005
-0.005
-0.005
-0.005
-0.005
-0.005
-0.005
-0.005
-0.005
-0.005
-0.005
-0.005
-0.005
-0.005
-0.005
-0.005
-0.005
-0.005
-0.005
-0.005
-0.005
-0.005
-0.005
-0.005
-0.005
-0.005
-0.005
-0.005
-0.005
-0.005
-0.005
-0.005
-0.005
-0.005
-0.005
-0.005
-0.005
)
;
    }
    outlet
    {
        type            calculated;
        value           nonuniform List<scalar> 
40
(
0.00259655
0.0043215
0.00489495
0.00508708
0.00515251
0.0051757
0.00518478
0.00518914
0.00519187
0.00519399
0.00519582
0.00519748
0.00519896
0.00520029
0.00520144
0.00520242
0.00520321
0.00520381
0.00520421
0.00520441
0.00520441
0.00520421
0.00520381
0.00520321
0.00520242
0.00520144
0.00520029
0.00519896
0.00519748
0.00519583
0.00519399
0.00519187
0.00518914
0.00518478
0.0051757
0.00515251
0.00508708
0.00489495
0.0043215
0.00259655
)
;
    }
    lowerWall
    {
        type            calculated;
        value           uniform 0;
    }
    upperWall
    {
        type            calculated;
        value           uniform 0;
    }
    frontAndBack
    {
        type            empty;
        value           nonuniform 0();
    }
}


// ************************************************************************* //
