/*--------------------------------*- C++ -*----------------------------------*\
| =========                 |                                                 |
| \\      /  F ield         | OpenFOAM: The Open Source CFD Toolbox           |
|  \\    /   O peration     | Version:  v1906                                 |
|   \\  /    A nd           | Web:      www.OpenFOAM.com                      |
|    \\/     M anipulation  |                                                 |
\*---------------------------------------------------------------------------*/
FoamFile
{
    version     2.0;
    format      ascii;
    class       surfaceScalarField;
    location    "2";
    object      phiB;
}
// * * * * * * * * * * * * * * * * * * * * * * * * * * * * * * * * * * * * * //

dimensions      [1 2 -2 0 0 -1 0];
oriented        oriented;


internalField   nonuniform List<scalar> 
7860
(
0.00179327
0.399579
0.0021193
0.399674
0.00231985
0.399799
0.00246405
0.399856
0.00255215
0.399912
0.00259894
0.399953
0.00261895
0.39998
0.00262226
0.399997
0.0026159
0.400006
0.00260422
0.400012
0.00259009
0.400014
0.00257527
0.400015
0.00256083
0.400014
0.00254738
0.400013
0.00253523
0.400012
0.00252449
0.400011
0.00251515
0.400009
0.00250713
0.400008
0.0025003
0.400007
0.00249455
0.400006
0.00248973
0.400005
0.00248571
0.400004
0.00248237
0.400003
0.00247962
0.400003
0.00247736
0.400002
0.0024755
0.400002
0.00247398
0.400002
0.00247274
0.400001
0.00247174
0.400001
0.00247092
0.400001
0.00247025
0.400001
0.00246972
0.400001
0.00246928
0.4
0.00246893
0.4
0.00246865
0.4
0.00246843
0.4
0.00246825
0.4
0.0024681
0.4
0.00246798
0.4
0.00246789
0.4
0.00246782
0.4
0.00246776
0.4
0.00246771
0.4
0.00246767
0.4
0.00246764
0.4
0.00246762
0.4
0.0024676
0.4
0.00246759
0.4
0.00246757
0.4
0.00246757
0.4
0.00246756
0.4
0.00246755
0.4
0.00246755
0.4
0.00246754
0.4
0.00246754
0.4
0.00246754
0.4
0.00246754
0.4
0.00246754
0.4
0.00246754
0.4
0.00246753
0.4
0.00246753
0.4
0.00246753
0.4
0.00246753
0.4
0.00246753
0.4
0.00246753
0.4
0.00246753
0.4
0.00246753
0.4
0.00246753
0.4
0.00246753
0.4
0.00246753
0.4
0.00246753
0.4
0.00246752
0.4
0.00246752
0.4
0.00246752
0.4
0.00246751
0.4
0.00246751
0.4
0.0024675
0.4
0.00246749
0.4
0.00246747
0.4
0.00246745
0.4
0.00246742
0.4
0.00246739
0.4
0.00246735
0.4
0.00246729
0.4
0.00246722
0.4
0.00246713
0.4
0.00246703
0.4
0.0024669
0.4
0.00246676
0.4
0.00246661
0.4
0.00246647
0.4
0.00246636
0.4
0.00246635
0.4
0.00246654
0.4
0.00246705
0.399999
0.00246804
0.399999
0.00246932
0.399999
0.0024699
0.399999
0.00246582
0.400004
0.400015
0.00289127
0.398801
0.00338738
0.399178
0.00369807
0.399489
0.00390639
0.399647
0.00403282
0.399785
0.00410165
0.399884
0.00413273
0.399949
0.00414025
0.399989
0.00413384
0.400013
0.00411968
0.400026
0.00410177
0.400032
0.00408261
0.400034
0.00406375
0.400033
0.00404606
0.400031
0.00403
0.400028
0.00401575
0.400025
0.00400331
0.400022
0.00399261
0.400019
0.00398349
0.400016
0.00397578
0.400013
0.00396931
0.400011
0.00396392
0.400009
0.00395944
0.400008
0.00395573
0.400006
0.00395268
0.400005
0.00395018
0.400004
0.00394813
0.400004
0.00394646
0.400003
0.00394509
0.400002
0.00394399
0.400002
0.00394309
0.400002
0.00394236
0.400001
0.00394177
0.400001
0.0039413
0.400001
0.00394092
0.400001
0.00394061
0.400001
0.00394037
0.4
0.00394017
0.4
0.00394001
0.4
0.00393988
0.4
0.00393978
0.4
0.0039397
0.4
0.00393964
0.4
0.00393959
0.4
0.00393955
0.4
0.00393951
0.4
0.00393949
0.4
0.00393947
0.4
0.00393945
0.4
0.00393944
0.4
0.00393943
0.4
0.00393942
0.4
0.00393942
0.4
0.00393941
0.4
0.00393941
0.4
0.0039394
0.4
0.0039394
0.4
0.0039394
0.4
0.0039394
0.4
0.0039394
0.4
0.0039394
0.4
0.00393939
0.4
0.00393939
0.4
0.00393939
0.4
0.00393939
0.4
0.00393939
0.4
0.00393939
0.4
0.00393939
0.4
0.00393939
0.4
0.00393939
0.4
0.00393939
0.4
0.00393938
0.4
0.00393938
0.4
0.00393937
0.4
0.00393937
0.4
0.00393936
0.4
0.00393935
0.4
0.00393933
0.4
0.00393931
0.4
0.00393928
0.4
0.00393925
0.4
0.0039392
0.4
0.00393914
0.4
0.00393907
0.4
0.00393898
0.4
0.00393886
0.4
0.00393872
0.4
0.00393856
0.4
0.00393838
0.4
0.0039382
0.4
0.00393804
0.4
0.00393795
0.4
0.00393801
0.4
0.00393838
0.399999
0.00393925
0.399999
0.00394084
0.399997
0.00394295
0.399997
0.00394431
0.399998
0.00393946
0.400009
0.400031
0.00310664
0.397916
0.00363472
0.39865
0.00397318
0.39915
0.0041914
0.399429
0.00432285
0.399654
0.00439609
0.399811
0.0044309
0.399914
0.00444173
0.399978
0.00443809
0.400016
0.00442628
0.400038
0.00441032
0.400048
0.00439279
0.400052
0.00437528
0.400051
0.0043587
0.400048
0.00434355
0.400043
0.00433005
0.400038
0.00431823
0.400034
0.00430802
0.400029
0.00429931
0.400025
0.00429193
0.400021
0.00428572
0.400017
0.00428054
0.400015
0.00427623
0.400012
0.00427266
0.40001
0.00426972
0.400008
0.00426731
0.400007
0.00426533
0.400006
0.00426371
0.400005
0.00426239
0.400004
0.00426132
0.400003
0.00426045
0.400002
0.00425974
0.400002
0.00425917
0.400002
0.00425871
0.400001
0.00425834
0.400001
0.00425804
0.400001
0.0042578
0.400001
0.00425761
0.400001
0.00425746
0.4
0.00425733
0.4
0.00425723
0.4
0.00425716
0.4
0.00425709
0.4
0.00425704
0.4
0.004257
0.4
0.00425697
0.4
0.00425695
0.4
0.00425693
0.4
0.00425691
0.4
0.0042569
0.4
0.00425689
0.4
0.00425688
0.4
0.00425688
0.4
0.00425687
0.4
0.00425687
0.4
0.00425686
0.4
0.00425686
0.4
0.00425686
0.4
0.00425686
0.4
0.00425686
0.4
0.00425686
0.4
0.00425686
0.4
0.00425685
0.4
0.00425685
0.4
0.00425685
0.4
0.00425685
0.4
0.00425685
0.4
0.00425685
0.4
0.00425685
0.4
0.00425685
0.4
0.00425685
0.4
0.00425684
0.4
0.00425684
0.4
0.00425683
0.4
0.00425683
0.4
0.00425682
0.4
0.00425681
0.4
0.00425679
0.4
0.00425677
0.4
0.00425675
0.4
0.00425671
0.4
0.00425667
0.4
0.00425661
0.4
0.00425654
0.4
0.00425645
0.4
0.00425634
0.4
0.00425621
0.4
0.00425607
0.4
0.00425591
0.4
0.00425576
0.4
0.00425564
0.4
0.00425561
0.4
0.00425578
0.4
0.00425629
0.399999
0.00425736
0.399998
0.00425925
0.399996
0.00426192
0.399994
0.00426447
0.399995
0.00426275
0.400011
0.40004
0.00297035
0.39702
0.00351548
0.398105
0.00387029
0.398795
0.00409452
0.399205
0.00422955
0.399519
0.00430614
0.399735
0.00434415
0.399876
0.00435796
0.399965
0.00435694
0.400017
0.00434741
0.400047
0.0043334
0.400062
0.00431753
0.400067
0.00430141
0.400067
0.004286
0.400063
0.00427182
0.400058
0.00425913
0.400051
0.00424797
0.400045
0.00423832
0.400039
0.00423005
0.400033
0.00422304
0.400028
0.00421713
0.400023
0.00421219
0.40002
0.00420808
0.400016
0.00420467
0.400013
0.00420186
0.400011
0.00419955
0.400009
0.00419765
0.400007
0.0041961
0.400006
0.00419484
0.400005
0.00419381
0.400004
0.00419297
0.400003
0.0041923
0.400003
0.00419175
0.400002
0.00419131
0.400002
0.00419095
0.400001
0.00419066
0.400001
0.00419043
0.400001
0.00419024
0.400001
0.0041901
0.400001
0.00418998
0.4
0.00418988
0.4
0.00418981
0.4
0.00418975
0.4
0.0041897
0.4
0.00418966
0.4
0.00418963
0.4
0.0041896
0.4
0.00418959
0.4
0.00418957
0.4
0.00418956
0.4
0.00418955
0.4
0.00418954
0.4
0.00418953
0.4
0.00418953
0.4
0.00418953
0.4
0.00418952
0.4
0.00418952
0.4
0.00418952
0.4
0.00418952
0.4
0.00418952
0.4
0.00418952
0.4
0.00418952
0.4
0.00418951
0.4
0.00418951
0.4
0.00418951
0.4
0.00418951
0.4
0.00418951
0.4
0.00418951
0.4
0.00418951
0.4
0.00418951
0.4
0.00418951
0.4
0.0041895
0.4
0.0041895
0.4
0.00418949
0.4
0.00418949
0.4
0.00418948
0.4
0.00418947
0.4
0.00418945
0.4
0.00418943
0.4
0.00418941
0.4
0.00418938
0.4
0.00418933
0.4
0.00418928
0.4
0.00418921
0.4
0.00418913
0.4
0.00418903
0.4
0.00418891
0.4
0.00418878
0.400001
0.00418864
0.400001
0.00418852
0.400001
0.00418844
0.4
0.00418848
0.4
0.00418874
0.4
0.00418938
0.399998
0.00419065
0.399996
0.00419286
0.399993
0.00419617
0.399991
0.00420027
0.399991
0.00420302
0.400008
0.400041
0.00273608
0.396171
0.00328564
0.397555
0.00364717
0.398434
0.0038738
0.398978
0.00401075
0.399382
0.00408958
0.399656
0.00413007
0.399836
0.00414638
0.399948
0.0041477
0.400016
0.00414026
0.400055
0.00412809
0.400074
0.00411381
0.400082
0.00409906
0.400082
0.00408481
0.400077
0.00407162
0.400071
0.00405975
0.400063
0.00404928
0.400055
0.00404019
0.400048
0.00403239
0.400041
0.00402576
0.400034
0.00402017
0.400029
0.00401549
0.400024
0.00401159
0.40002
0.00400835
0.400017
0.00400568
0.400014
0.00400348
0.400011
0.00400168
0.400009
0.0040002
0.400008
0.003999
0.400006
0.00399802
0.400005
0.00399722
0.400004
0.00399657
0.400003
0.00399605
0.400003
0.00399562
0.400002
0.00399528
0.400002
0.00399501
0.400001
0.00399479
0.400001
0.00399461
0.400001
0.00399447
0.400001
0.00399435
0.400001
0.00399426
0.4
0.00399419
0.4
0.00399413
0.4
0.00399408
0.4
0.00399405
0.4
0.00399402
0.4
0.00399399
0.4
0.00399398
0.4
0.00399396
0.4
0.00399395
0.4
0.00399394
0.4
0.00399393
0.4
0.00399393
0.4
0.00399392
0.4
0.00399392
0.4
0.00399392
0.4
0.00399391
0.4
0.00399391
0.4
0.00399391
0.4
0.00399391
0.4
0.00399391
0.4
0.00399391
0.4
0.00399391
0.4
0.00399391
0.4
0.00399391
0.4
0.00399391
0.4
0.0039939
0.4
0.0039939
0.4
0.0039939
0.4
0.0039939
0.4
0.0039939
0.4
0.0039939
0.4
0.00399389
0.4
0.00399389
0.4
0.00399388
0.4
0.00399387
0.4
0.00399386
0.4
0.00399385
0.4
0.00399383
0.4
0.00399381
0.4
0.00399377
0.4
0.00399373
0.4
0.00399368
0.4
0.00399362
0.4
0.00399354
0.4
0.00399345
0.400001
0.00399334
0.400001
0.00399322
0.400001
0.00399311
0.400001
0.00399301
0.400001
0.00399298
0.400001
0.00399308
0.4
0.00399342
0.399999
0.00399418
0.399998
0.00399563
0.399995
0.00399815
0.399991
0.00400213
0.399987
0.00400787
0.399986
0.00401514
0.400001
0.400033
0.00248668
0.395392
0.00302876
0.397013
0.00338952
0.398073
0.00361528
0.398753
0.00375243
0.399245
0.00383233
0.399576
0.00387454
0.399793
0.00389283
0.39993
0.00389613
0.400013
0.00389055
0.40006
0.00388008
0.400085
0.00386731
0.400094
0.00385388
0.400095
0.00384077
0.40009
0.00382855
0.400083
0.0038175
0.400074
0.00380771
0.400065
0.0037992
0.400056
0.00379188
0.400048
0.00378565
0.400041
0.00378039
0.400034
0.00377597
0.400029
0.00377229
0.400024
0.00376924
0.40002
0.00376671
0.400016
0.00376463
0.400013
0.00376292
0.400011
0.00376152
0.400009
0.00376038
0.400007
0.00375945
0.400006
0.00375869
0.400005
0.00375808
0.400004
0.00375758
0.400003
0.00375718
0.400003
0.00375685
0.400002
0.00375659
0.400002
0.00375638
0.400001
0.00375621
0.400001
0.00375608
0.400001
0.00375597
0.400001
0.00375588
0.400001
0.00375581
0.4
0.00375576
0.4
0.00375571
0.4
0.00375568
0.4
0.00375565
0.4
0.00375563
0.4
0.00375561
0.4
0.0037556
0.4
0.00375559
0.4
0.00375558
0.4
0.00375557
0.4
0.00375556
0.4
0.00375556
0.4
0.00375556
0.4
0.00375555
0.4
0.00375555
0.4
0.00375555
0.4
0.00375555
0.4
0.00375555
0.4
0.00375555
0.4
0.00375555
0.4
0.00375555
0.4
0.00375554
0.4
0.00375554
0.4
0.00375554
0.4
0.00375554
0.4
0.00375554
0.4
0.00375554
0.4
0.00375554
0.4
0.00375554
0.4
0.00375553
0.4
0.00375553
0.4
0.00375553
0.4
0.00375552
0.4
0.00375551
0.4
0.0037555
0.4
0.00375549
0.4
0.00375547
0.4
0.00375545
0.4
0.00375542
0.4
0.00375538
0.4
0.00375533
0.4
0.00375527
0.4
0.0037552
0.4
0.00375511
0.400001
0.00375502
0.400001
0.00375491
0.400001
0.00375482
0.400001
0.00375475
0.400001
0.00375475
0.400001
0.0037549
0.4
0.00375531
0.399999
0.00375618
0.399997
0.0037578
0.399993
0.0037606
0.399988
0.00376521
0.399982
0.00377249
0.399978
0.00378378
0.399989
0.400017
0.00224739
0.394691
0.00277168
0.396489
0.00312567
0.397719
0.00334759
0.398531
0.0034832
0.399109
0.00356302
0.399496
0.00360618
0.39975
0.0036259
0.39991
0.00363082
0.400008
0.00362688
0.400064
0.00361795
0.400094
0.00360659
0.400106
0.00359442
0.400107
0.00358241
0.400102
0.00357115
0.400094
0.00356091
0.400084
0.00355182
0.400074
0.00354389
0.400064
0.00353705
0.400055
0.00353122
0.400047
0.00352629
0.400039
0.00352216
0.400033
0.0035187
0.400027
0.00351583
0.400023
0.00351346
0.400019
0.0035115
0.400015
0.00350989
0.400013
0.00350858
0.40001
0.0035075
0.400008
0.00350662
0.400007
0.00350591
0.400006
0.00350533
0.400004
0.00350486
0.400004
0.00350448
0.400003
0.00350417
0.400002
0.00350392
0.400002
0.00350372
0.400002
0.00350357
0.400001
0.00350344
0.400001
0.00350333
0.400001
0.00350325
0.400001
0.00350319
0.400001
0.00350313
0.4
0.00350309
0.4
0.00350306
0.4
0.00350303
0.4
0.00350301
0.4
0.00350299
0.4
0.00350298
0.4
0.00350297
0.4
0.00350296
0.4
0.00350295
0.4
0.00350295
0.4
0.00350295
0.4
0.00350294
0.4
0.00350294
0.4
0.00350294
0.4
0.00350294
0.4
0.00350293
0.4
0.00350293
0.4
0.00350293
0.4
0.00350293
0.4
0.00350293
0.4
0.00350293
0.4
0.00350293
0.4
0.00350293
0.4
0.00350293
0.4
0.00350293
0.4
0.00350293
0.4
0.00350292
0.4
0.00350292
0.4
0.00350292
0.4
0.00350292
0.4
0.00350291
0.4
0.00350291
0.4
0.0035029
0.4
0.00350289
0.4
0.00350288
0.4
0.00350286
0.4
0.00350284
0.4
0.00350281
0.4
0.00350277
0.4
0.00350273
0.4
0.00350267
0.4
0.00350261
0.400001
0.00350253
0.400001
0.00350244
0.400001
0.00350235
0.400001
0.00350227
0.400001
0.00350223
0.400001
0.00350226
0.4
0.00350245
0.4
0.00350293
0.399998
0.00350388
0.399996
0.00350564
0.399991
0.00350868
0.399985
0.00351386
0.399977
0.00352247
0.39997
0.00353708
0.399975
0.399996
0.00202416
0.394066
0.00252251
0.39599
0.00286472
0.397377
0.00308014
0.398315
0.00321253
0.398977
0.00329115
0.399417
0.00333449
0.399707
0.00335512
0.39989
0.0033613
0.400002
0.00335875
0.400067
0.00335122
0.400101
0.00334117
0.400116
0.0033302
0.400118
0.00331926
0.400113
0.00330893
0.400105
0.0032995
0.400094
0.0032911
0.400082
0.00328375
0.400071
0.0032774
0.400061
0.00327199
0.400052
0.0032674
0.400044
0.00326354
0.400037
0.00326032
0.40003
0.00325764
0.400025
0.00325543
0.400021
0.0032536
0.400017
0.00325209
0.400014
0.00325086
0.400012
0.00324985
0.400009
0.00324903
0.400008
0.00324836
0.400006
0.00324782
0.400005
0.00324738
0.400004
0.00324702
0.400003
0.00324673
0.400003
0.0032465
0.400002
0.00324631
0.400002
0.00324616
0.400001
0.00324604
0.400001
0.00324595
0.400001
0.00324587
0.400001
0.00324581
0.400001
0.00324576
0.4
0.00324572
0.4
0.00324569
0.4
0.00324566
0.4
0.00324564
0.4
0.00324562
0.4
0.00324561
0.4
0.0032456
0.4
0.00324559
0.4
0.00324559
0.4
0.00324558
0.4
0.00324558
0.4
0.00324558
0.4
0.00324557
0.4
0.00324557
0.4
0.00324557
0.4
0.00324557
0.4
0.00324557
0.4
0.00324557
0.4
0.00324557
0.4
0.00324557
0.4
0.00324557
0.4
0.00324556
0.4
0.00324556
0.4
0.00324556
0.4
0.00324556
0.4
0.00324556
0.4
0.00324556
0.4
0.00324556
0.4
0.00324556
0.4
0.00324555
0.4
0.00324555
0.4
0.00324554
0.4
0.00324554
0.4
0.00324553
0.4
0.00324551
0.4
0.0032455
0.4
0.00324548
0.4
0.00324545
0.4
0.00324542
0.4
0.00324538
0.4
0.00324533
0.4
0.00324526
0.400001
0.00324519
0.400001
0.00324511
0.400001
0.00324504
0.400001
0.00324497
0.400001
0.00324495
0.400001
0.00324501
0.4
0.00324524
0.4
0.00324576
0.399998
0.00324678
0.399995
0.00324864
0.39999
0.00325188
0.399982
0.0032575
0.399971
0.00326719
0.39996
0.00328437
0.399958
0.39997
0.00181681
0.393515
0.00228314
0.395524
0.00260938
0.397051
0.00281587
0.398109
0.00294349
0.398849
0.00301985
0.399341
0.00306262
0.399664
0.00308364
0.399869
0.00309075
0.399995
0.00308936
0.400068
0.00308306
0.400107
0.00307423
0.400125
0.00306439
0.400128
0.00305449
0.400123
0.00304508
0.400114
0.00303644
0.400102
0.00302873
0.40009
0.00302197
0.400078
0.00301612
0.400067
0.00301112
0.400057
0.00300688
0.400048
0.00300331
0.40004
0.00300032
0.400033
0.00299784
0.400028
0.00299578
0.400023
0.00299409
0.400019
0.00299269
0.400015
0.00299155
0.400013
0.00299061
0.40001
0.00298984
0.400008
0.00298922
0.400007
0.00298872
0.400006
0.00298831
0.400004
0.00298798
0.400004
0.00298771
0.400003
0.00298749
0.400002
0.00298732
0.400002
0.00298718
0.400002
0.00298706
0.400001
0.00298697
0.400001
0.0029869
0.400001
0.00298684
0.400001
0.0029868
0.4
0.00298676
0.4
0.00298673
0.4
0.00298671
0.4
0.00298669
0.4
0.00298667
0.4
0.00298666
0.4
0.00298665
0.4
0.00298664
0.4
0.00298664
0.4
0.00298663
0.4
0.00298663
0.4
0.00298663
0.4
0.00298662
0.4
0.00298662
0.4
0.00298662
0.4
0.00298662
0.4
0.00298662
0.4
0.00298662
0.4
0.00298662
0.4
0.00298662
0.4
0.00298662
0.4
0.00298662
0.4
0.00298662
0.4
0.00298661
0.4
0.00298661
0.4
0.00298661
0.4
0.00298661
0.4
0.00298661
0.4
0.00298661
0.4
0.00298661
0.4
0.0029866
0.4
0.0029866
0.4
0.00298659
0.4
0.00298658
0.4
0.00298657
0.4
0.00298655
0.4
0.00298654
0.4
0.00298651
0.4
0.00298648
0.4
0.00298644
0.4
0.00298639
0.400001
0.00298634
0.400001
0.00298627
0.400001
0.0029862
0.400001
0.00298614
0.400001
0.00298609
0.400001
0.00298608
0.400001
0.00298617
0.4
0.00298642
0.399999
0.00298697
0.399997
0.00298803
0.399994
0.00298996
0.399988
0.00299333
0.399978
0.00299928
0.399965
0.00300974
0.39995
0.00302873
0.399939
0.399941
0.00162339
0.39303
0.00205345
0.395094
0.00236018
0.396744
0.00255558
0.397913
0.00267695
0.398728
0.00275006
0.399268
0.00279157
0.399623
0.0028125
0.399848
0.00282019
0.399987
0.00281974
0.400069
0.00281453
0.400113
0.00280683
0.400132
0.00279807
0.400137
0.00278917
0.400132
0.00278065
0.400122
0.00277281
0.40011
0.00276578
0.400097
0.0027596
0.400084
0.00275425
0.400072
0.00274967
0.400062
0.00274578
0.400052
0.00274251
0.400043
0.00273977
0.400036
0.00273748
0.40003
0.00273559
0.400025
0.00273403
0.40002
0.00273274
0.400017
0.00273169
0.400014
0.00273083
0.400011
0.00273012
0.400009
0.00272955
0.400007
0.00272908
0.400006
0.0027287
0.400005
0.0027284
0.400004
0.00272815
0.400003
0.00272795
0.400003
0.00272779
0.400002
0.00272766
0.400002
0.00272755
0.400001
0.00272747
0.400001
0.0027274
0.400001
0.00272735
0.400001
0.00272731
0.400001
0.00272727
0.4
0.00272724
0.4
0.00272722
0.4
0.00272721
0.4
0.00272719
0.4
0.00272718
0.4
0.00272717
0.4
0.00272717
0.4
0.00272716
0.4
0.00272716
0.4
0.00272715
0.4
0.00272715
0.4
0.00272715
0.4
0.00272715
0.4
0.00272714
0.4
0.00272714
0.4
0.00272714
0.4
0.00272714
0.4
0.00272714
0.4
0.00272714
0.4
0.00272714
0.4
0.00272714
0.4
0.00272714
0.4
0.00272714
0.4
0.00272714
0.4
0.00272714
0.4
0.00272714
0.4
0.00272713
0.4
0.00272713
0.4
0.00272713
0.4
0.00272713
0.4
0.00272712
0.4
0.00272712
0.4
0.00272711
0.4
0.0027271
0.4
0.00272708
0.4
0.00272706
0.4
0.00272704
0.4
0.00272701
0.4
0.00272698
0.4
0.00272694
0.400001
0.00272688
0.400001
0.00272683
0.400001
0.00272677
0.400001
0.00272671
0.400001
0.00272667
0.400001
0.00272668
0.400001
0.00272678
0.4
0.00272705
0.399999
0.00272762
0.399997
0.0027287
0.399993
0.00273066
0.399986
0.00273408
0.399975
0.0027402
0.399959
0.00275113
0.399939
0.0027712
0.399919
0.39991
0.00144166
0.392606
0.00183265
0.394703
0.00211692
0.39646
0.00229929
0.397731
0.00241309
0.398614
0.00248203
0.399199
0.00252162
0.399583
0.002542
0.399827
0.00254997
0.399979
0.00255025
0.400068
0.00254599
0.400117
0.00253932
0.400139
0.00253159
0.400145
0.00252365
0.40014
0.002516
0.40013
0.00250894
0.400117
0.0025026
0.400104
0.00249701
0.40009
0.00249216
0.400077
0.002488
0.400066
0.00248447
0.400055
0.0024815
0.400046
0.002479
0.400039
0.00247693
0.400032
0.0024752
0.400027
0.00247378
0.400022
0.00247261
0.400018
0.00247164
0.400015
0.00247086
0.400012
0.00247021
0.40001
0.00246969
0.400008
0.00246926
0.400006
0.00246892
0.400005
0.00246864
0.400004
0.00246841
0.400003
0.00246823
0.400003
0.00246808
0.400002
0.00246796
0.400002
0.00246787
0.400001
0.00246779
0.400001
0.00246773
0.400001
0.00246768
0.400001
0.00246764
0.400001
0.00246761
0.4
0.00246758
0.4
0.00246756
0.4
0.00246755
0.4
0.00246754
0.4
0.00246753
0.4
0.00246752
0.4
0.00246751
0.4
0.00246751
0.4
0.0024675
0.4
0.0024675
0.4
0.0024675
0.4
0.0024675
0.4
0.00246749
0.4
0.00246749
0.4
0.00246749
0.4
0.00246749
0.4
0.00246749
0.4
0.00246749
0.4
0.00246749
0.4
0.00246749
0.4
0.00246749
0.4
0.00246749
0.4
0.00246749
0.4
0.00246749
0.4
0.00246749
0.4
0.00246748
0.4
0.00246748
0.4
0.00246748
0.4
0.00246748
0.4
0.00246748
0.4
0.00246747
0.4
0.00246746
0.4
0.00246746
0.4
0.00246745
0.4
0.00246744
0.4
0.00246742
0.4
0.0024674
0.4
0.00246737
0.4
0.00246734
0.400001
0.0024673
0.400001
0.00246726
0.400001
0.00246721
0.400001
0.00246715
0.400001
0.0024671
0.400001
0.00246708
0.400001
0.0024671
0.400001
0.00246721
0.4
0.00246749
0.399999
0.00246806
0.399996
0.00246914
0.399991
0.00247107
0.399984
0.00247448
0.399972
0.00248062
0.399953
0.00249168
0.399928
0.00251213
0.399898
0.399878
0.00126951
0.392239
0.00161979
0.394353
0.00187916
0.3962
0.00204677
0.397563
0.0021518
0.398509
0.00221573
0.399135
0.00225281
0.399546
0.00227222
0.399808
0.00228017
0.399971
0.00228098
0.400067
0.00227755
0.40012
0.00227182
0.400145
0.00226506
0.400151
0.00225805
0.400147
0.00225127
0.400137
0.00224498
0.400124
0.00223931
0.400109
0.00223431
0.400095
0.00222997
0.400082
0.00222624
0.400069
0.00222307
0.400059
0.0022204
0.400049
0.00221815
0.400041
0.00221628
0.400034
0.00221473
0.400028
0.00221345
0.400023
0.0022124
0.400019
0.00221153
0.400016
0.00221082
0.400013
0.00221024
0.40001
0.00220977
0.400008
0.00220938
0.400007
0.00220907
0.400006
0.00220882
0.400004
0.00220861
0.400004
0.00220845
0.400003
0.00220831
0.400002
0.00220821
0.400002
0.00220812
0.400002
0.00220805
0.400001
0.002208
0.400001
0.00220795
0.400001
0.00220792
0.400001
0.00220789
0.4
0.00220786
0.4
0.00220785
0.4
0.00220783
0.4
0.00220782
0.4
0.00220781
0.4
0.0022078
0.4
0.0022078
0.4
0.00220779
0.4
0.00220779
0.4
0.00220779
0.4
0.00220778
0.4
0.00220778
0.4
0.00220778
0.4
0.00220778
0.4
0.00220778
0.4
0.00220778
0.4
0.00220778
0.4
0.00220778
0.4
0.00220778
0.4
0.00220778
0.4
0.00220778
0.4
0.00220778
0.4
0.00220778
0.4
0.00220778
0.4
0.00220777
0.4
0.00220777
0.4
0.00220777
0.4
0.00220777
0.4
0.00220777
0.4
0.00220777
0.4
0.00220776
0.4
0.00220776
0.4
0.00220775
0.4
0.00220774
0.4
0.00220773
0.4
0.00220771
0.4
0.0022077
0.4
0.00220767
0.4
0.00220764
0.400001
0.00220761
0.400001
0.00220757
0.400001
0.00220752
0.400001
0.00220748
0.400001
0.00220744
0.400001
0.00220742
0.400001
0.00220745
0.400001
0.00220756
0.4
0.00220784
0.399998
0.0022084
0.399996
0.00220945
0.39999
0.00221133
0.399982
0.00221464
0.399968
0.00222064
0.399947
0.00223152
0.399917
0.0022517
0.399878
0.399846
0.00110513
0.391924
0.00141387
0.394044
0.00164636
0.395968
0.00179769
0.397412
0.00189288
0.398414
0.00195106
0.399077
0.00198507
0.399512
0.00200313
0.39979
0.0020108
0.399963
0.00201196
0.400066
0.00200923
0.400123
0.00200437
0.40015
0.00199853
0.400157
0.00199242
0.400153
0.00198648
0.400143
0.00198096
0.400129
0.00197597
0.400114
0.00197156
0.400099
0.00196772
0.400085
0.00196442
0.400073
0.00196162
0.400061
0.00195925
0.400051
0.00195726
0.400043
0.0019556
0.400036
0.00195423
0.400029
0.00195309
0.400024
0.00195215
0.40002
0.00195138
0.400016
0.00195075
0.400013
0.00195024
0.400011
0.00194982
0.400009
0.00194947
0.400007
0.0019492
0.400006
0.00194897
0.400005
0.00194879
0.400004
0.00194864
0.400003
0.00194852
0.400002
0.00194843
0.400002
0.00194835
0.400002
0.00194829
0.400001
0.00194824
0.400001
0.0019482
0.400001
0.00194817
0.400001
0.00194815
0.400001
0.00194812
0.4
0.00194811
0.4
0.0019481
0.4
0.00194809
0.4
0.00194808
0.4
0.00194807
0.4
0.00194807
0.4
0.00194806
0.4
0.00194806
0.4
0.00194806
0.4
0.00194805
0.4
0.00194805
0.4
0.00194805
0.4
0.00194805
0.4
0.00194805
0.4
0.00194805
0.4
0.00194805
0.4
0.00194805
0.4
0.00194805
0.4
0.00194805
0.4
0.00194805
0.4
0.00194805
0.4
0.00194805
0.4
0.00194804
0.4
0.00194804
0.4
0.00194804
0.4
0.00194804
0.4
0.00194804
0.4
0.00194804
0.4
0.00194804
0.4
0.00194803
0.4
0.00194803
0.4
0.00194802
0.4
0.00194801
0.4
0.001948
0.4
0.00194799
0.4
0.00194797
0.4
0.00194795
0.4
0.00194793
0.400001
0.0019479
0.400001
0.00194786
0.400001
0.00194782
0.400001
0.00194778
0.400001
0.00194775
0.400001
0.00194774
0.400001
0.00194777
0.400001
0.00194789
0.4
0.00194816
0.399998
0.00194869
0.399995
0.00194968
0.399989
0.00195146
0.39998
0.00195459
0.399965
0.0019603
0.399941
0.00197071
0.399906
0.00199
0.399859
0.399816
0.000947019
0.391657
0.00121392
0.393777
0.00141796
0.395764
0.00155169
0.397278
0.00163609
0.398329
0.00168785
0.399025
0.00171832
0.399481
0.00173468
0.399773
0.00174183
0.399956
0.00174318
0.400065
0.00174104
0.400125
0.00173698
0.400154
0.00173201
0.400162
0.00172678
0.400159
0.00172166
0.400148
0.00171689
0.400134
0.00171258
0.400119
0.00170876
0.400103
0.00170543
0.400089
0.00170256
0.400076
0.00170013
0.400064
0.00169807
0.400054
0.00169634
0.400045
0.0016949
0.400037
0.0016937
0.400031
0.00169271
0.400025
0.00169189
0.400021
0.00169122
0.400017
0.00169067
0.400014
0.00169022
0.400011
0.00168986
0.400009
0.00168956
0.400007
0.00168931
0.400006
0.00168912
0.400005
0.00168896
0.400004
0.00168883
0.400003
0.00168873
0.400003
0.00168864
0.400002
0.00168858
0.400002
0.00168852
0.400001
0.00168848
0.400001
0.00168845
0.400001
0.00168842
0.400001
0.0016884
0.400001
0.00168838
0.4
0.00168836
0.4
0.00168835
0.4
0.00168834
0.4
0.00168834
0.4
0.00168833
0.4
0.00168833
0.4
0.00168832
0.4
0.00168832
0.4
0.00168832
0.4
0.00168832
0.4
0.00168831
0.4
0.00168831
0.4
0.00168831
0.4
0.00168831
0.4
0.00168831
0.4
0.00168831
0.4
0.00168831
0.4
0.00168831
0.4
0.00168831
0.4
0.00168831
0.4
0.00168831
0.4
0.00168831
0.4
0.00168831
0.4
0.00168831
0.4
0.00168831
0.4
0.00168831
0.4
0.0016883
0.4
0.0016883
0.4
0.0016883
0.4
0.0016883
0.4
0.00168829
0.4
0.00168829
0.4
0.00168828
0.4
0.00168827
0.4
0.00168826
0.4
0.00168825
0.4
0.00168823
0.4
0.00168821
0.400001
0.00168818
0.400001
0.00168815
0.400001
0.00168812
0.400001
0.00168808
0.400001
0.00168806
0.400001
0.00168805
0.400001
0.00168809
0.400001
0.0016882
0.4
0.00168845
0.399998
0.00168894
0.399994
0.00168985
0.399989
0.00169149
0.399978
0.00169437
0.399962
0.00169965
0.399936
0.00170929
0.399897
0.00172716
0.399841
0.399788
0.000793892
0.391435
0.00101901
0.393552
0.00119338
0.395589
0.00130837
0.397163
0.00138116
0.398257
0.00142594
0.39898
0.00145244
0.399455
0.0014668
0.399759
0.00147322
0.39995
0.00147461
0.400064
0.00147297
0.400127
0.00146965
0.400157
0.00146551
0.400166
0.00146113
0.400163
0.00145682
0.400152
0.0014528
0.400138
0.00144915
0.400122
0.00144592
0.400106
0.0014431
0.400092
0.00144068
0.400078
0.00143861
0.400066
0.00143686
0.400055
0.0014354
0.400046
0.00143417
0.400038
0.00143315
0.400032
0.00143231
0.400026
0.00143162
0.400021
0.00143105
0.400018
0.00143058
0.400014
0.0014302
0.400012
0.00142989
0.400009
0.00142963
0.400008
0.00142943
0.400006
0.00142926
0.400005
0.00142912
0.400004
0.00142902
0.400003
0.00142893
0.400003
0.00142886
0.400002
0.0014288
0.400002
0.00142875
0.400001
0.00142872
0.400001
0.00142869
0.400001
0.00142866
0.400001
0.00142864
0.400001
0.00142863
0.4
0.00142862
0.4
0.00142861
0.4
0.0014286
0.4
0.00142859
0.4
0.00142859
0.4
0.00142858
0.4
0.00142858
0.4
0.00142858
0.4
0.00142858
0.4
0.00142858
0.4
0.00142857
0.4
0.00142857
0.4
0.00142857
0.4
0.00142857
0.4
0.00142857
0.4
0.00142857
0.4
0.00142857
0.4
0.00142857
0.4
0.00142857
0.4
0.00142857
0.4
0.00142857
0.4
0.00142857
0.4
0.00142857
0.4
0.00142857
0.4
0.00142857
0.4
0.00142857
0.4
0.00142857
0.4
0.00142856
0.4
0.00142856
0.4
0.00142856
0.4
0.00142856
0.4
0.00142855
0.4
0.00142855
0.4
0.00142854
0.4
0.00142853
0.4
0.00142852
0.4
0.0014285
0.4
0.00142848
0.400001
0.00142846
0.400001
0.00142843
0.400001
0.00142841
0.400001
0.00142838
0.400001
0.00142836
0.400001
0.00142836
0.400001
0.00142839
0.400001
0.00142849
0.4
0.00142872
0.399998
0.00142916
0.399994
0.00142997
0.399988
0.00143142
0.399977
0.001434
0.39996
0.0014387
0.399931
0.00144732
0.399888
0.00146328
0.399825
0.399763
0.000644687
0.391257
0.000828253
0.393368
0.000972015
0.395446
0.00106734
0.397068
0.00112784
0.398196
0.00116514
0.398943
0.00118731
0.399433
0.00119942
0.399747
0.00120492
0.399944
0.00120623
0.400062
0.00120501
0.400128
0.00120236
0.40016
0.00119903
0.40017
0.00119547
0.400166
0.00119197
0.400156
0.00118869
0.400141
0.00118571
0.400125
0.00118306
0.400109
0.00118075
0.400094
0.00117877
0.40008
0.00117707
0.400068
0.00117564
0.400057
0.00117444
0.400047
0.00117343
0.400039
0.0011726
0.400032
0.00117191
0.400027
0.00117134
0.400022
0.00117087
0.400018
0.00117048
0.400015
0.00117017
0.400012
0.00116991
0.40001
0.0011697
0.400008
0.00116953
0.400006
0.0011694
0.400005
0.00116929
0.400004
0.0011692
0.400003
0.00116912
0.400003
0.00116907
0.400002
0.00116902
0.400002
0.00116898
0.400001
0.00116895
0.400001
0.00116893
0.400001
0.00116891
0.400001
0.00116889
0.400001
0.00116888
0.4
0.00116887
0.4
0.00116886
0.4
0.00116885
0.4
0.00116885
0.4
0.00116885
0.4
0.00116884
0.4
0.00116884
0.4
0.00116884
0.4
0.00116884
0.4
0.00116883
0.4
0.00116883
0.4
0.00116883
0.4
0.00116883
0.4
0.00116883
0.4
0.00116883
0.4
0.00116883
0.4
0.00116883
0.4
0.00116883
0.4
0.00116883
0.4
0.00116883
0.4
0.00116883
0.4
0.00116883
0.4
0.00116883
0.4
0.00116883
0.4
0.00116883
0.4
0.00116883
0.4
0.00116883
0.4
0.00116883
0.4
0.00116882
0.4
0.00116882
0.4
0.00116882
0.4
0.00116882
0.4
0.00116881
0.4
0.0011688
0.4
0.0011688
0.4
0.00116879
0.4
0.00116877
0.4
0.00116876
0.400001
0.00116874
0.400001
0.00116872
0.400001
0.0011687
0.400001
0.00116868
0.400001
0.00116866
0.400001
0.00116866
0.400001
0.00116869
0.400001
0.00116878
0.4
0.00116897
0.399998
0.00116935
0.399994
0.00117004
0.399987
0.00117128
0.399976
0.00117347
0.399957
0.0011775
0.399927
0.00118487
0.399881
0.0011985
0.399811
0.399742
0.000498501
0.39112
0.000640831
0.393226
0.000753287
0.395333
0.000828196
0.396993
0.000875832
0.398149
0.000905258
0.398914
0.000922811
0.399415
0.000932448
0.399737
0.000936884
0.39994
0.000938011
0.400061
0.000937131
0.400129
0.000935122
0.400162
0.00093256
0.400172
0.000929812
0.400169
0.000927099
0.400158
0.000924553
0.400144
0.000922237
0.400127
0.000920182
0.400111
0.000918386
0.400096
0.000916838
0.400082
0.000915519
0.400069
0.000914402
0.400058
0.000913464
0.400048
0.000912681
0.40004
0.000912029
0.400033
0.000911491
0.400027
0.000911046
0.400022
0.000910681
0.400018
0.000910381
0.400015
0.000910136
0.400012
0.000909936
0.40001
0.000909773
0.400008
0.000909641
0.400007
0.000909534
0.400005
0.000909446
0.400004
0.000909377
0.400003
0.00090932
0.400003
0.000909274
0.400002
0.000909238
0.400002
0.000909208
0.400001
0.000909184
0.400001
0.000909165
0.400001
0.00090915
0.400001
0.000909138
0.400001
0.000909128
0.4
0.00090912
0.4
0.000909114
0.4
0.000909109
0.4
0.000909105
0.4
0.000909102
0.4
0.000909099
0.4
0.000909098
0.4
0.000909096
0.4
0.000909095
0.4
0.000909094
0.4
0.000909093
0.4
0.000909092
0.4
0.000909092
0.4
0.000909091
0.4
0.000909091
0.4
0.000909091
0.4
0.000909091
0.4
0.00090909
0.4
0.00090909
0.4
0.00090909
0.4
0.00090909
0.4
0.00090909
0.4
0.000909089
0.4
0.000909089
0.4
0.000909089
0.4
0.000909088
0.4
0.000909087
0.4
0.000909086
0.4
0.000909085
0.4
0.000909083
0.4
0.000909081
0.4
0.000909078
0.4
0.000909074
0.4
0.00090907
0.4
0.000909063
0.4
0.000909055
0.4
0.000909046
0.4
0.000909034
0.400001
0.00090902
0.400001
0.000909004
0.400001
0.000908987
0.400001
0.000908971
0.400001
0.000908959
0.400001
0.00090896
0.400001
0.000908986
0.400001
0.000909059
0.4
0.000909216
0.399997
0.00090952
0.399993
0.000910076
0.399986
0.00091107
0.399975
0.000912833
0.399956
0.000916069
0.399924
0.000922009
0.399875
0.000932967
0.3998
0.399725
0.000354548
0.391023
0.000455952
0.393125
0.000536605
0.395253
0.000590518
0.396939
0.000624854
0.398114
0.000646096
0.398892
0.000658798
0.399403
0.000665801
0.39973
0.000669054
0.399937
0.000669916
0.40006
0.000669328
0.40013
0.000667919
0.400163
0.000666105
0.400174
0.000664152
0.400171
0.00066222
0.40016
0.000660405
0.400146
0.000658752
0.400129
0.000657284
0.400113
0.000656001
0.400097
0.000654895
0.400083
0.000653951
0.40007
0.000653153
0.400059
0.000652482
0.400049
0.000651921
0.400041
0.000651455
0.400034
0.000651069
0.400028
0.000650751
0.400023
0.000650489
0.400019
0.000650275
0.400015
0.000650099
0.400012
0.000649956
0.40001
0.000649839
0.400008
0.000649744
0.400007
0.000649668
0.400005
0.000649605
0.400004
0.000649556
0.400003
0.000649514
0.400003
0.000649482
0.400002
0.000649456
0.400002
0.000649434
0.400001
0.000649417
0.400001
0.000649404
0.400001
0.000649393
0.400001
0.000649384
0.400001
0.000649377
0.4
0.000649372
0.4
0.000649367
0.4
0.000649364
0.4
0.000649361
0.4
0.000649358
0.4
0.000649357
0.4
0.000649355
0.4
0.000649354
0.4
0.000649353
0.4
0.000649352
0.4
0.000649352
0.4
0.000649351
0.4
0.000649351
0.4
0.000649351
0.4
0.000649351
0.4
0.00064935
0.4
0.00064935
0.4
0.00064935
0.4
0.00064935
0.4
0.00064935
0.4
0.00064935
0.4
0.00064935
0.4
0.000649349
0.4
0.000649349
0.4
0.000649349
0.4
0.000649348
0.4
0.000649348
0.4
0.000649347
0.4
0.000649346
0.4
0.000649345
0.4
0.000649344
0.4
0.000649341
0.4
0.000649339
0.4
0.000649335
0.4
0.000649331
0.4
0.000649325
0.4
0.000649318
0.400001
0.00064931
0.400001
0.0006493
0.400001
0.000649288
0.400001
0.000649276
0.400001
0.000649265
0.400001
0.000649257
0.400001
0.000649258
0.400001
0.000649278
0.400001
0.000649332
0.399999
0.000649448
0.399997
0.000649671
0.399993
0.000650077
0.399986
0.000650805
0.399974
0.000652095
0.399954
0.000654464
0.399922
0.000658818
0.39987
0.000666838
0.399792
0.399713
0.000212132
0.390965
0.000272863
0.393064
0.000321381
0.395204
0.00035389
0.396907
0.000374617
0.398093
0.000387451
0.39888
0.000395138
0.399395
0.000399387
0.399726
0.000401372
0.399935
0.000401913
0.40006
0.000401576
0.40013
0.000400741
0.400164
0.000399659
0.400175
0.000398491
0.400172
0.000397335
0.400162
0.000396247
0.400147
0.000395256
0.40013
0.000394375
0.400114
0.000393605
0.400098
0.000392941
0.400083
0.000392374
0.40007
0.000391895
0.400059
0.000391492
0.400049
0.000391155
0.400041
0.000390875
0.400034
0.000390643
0.400028
0.000390452
0.400023
0.000390295
0.400019
0.000390166
0.400015
0.00039006
0.400013
0.000389974
0.40001
0.000389904
0.400008
0.000389847
0.400007
0.000389801
0.400005
0.000389763
0.400004
0.000389733
0.400004
0.000389709
0.400003
0.000389689
0.400002
0.000389673
0.400002
0.000389661
0.400001
0.00038965
0.400001
0.000389642
0.400001
0.000389635
0.400001
0.00038963
0.400001
0.000389626
0.4
0.000389623
0.4
0.00038962
0.4
0.000389618
0.4
0.000389616
0.4
0.000389615
0.4
0.000389614
0.4
0.000389613
0.4
0.000389612
0.4
0.000389612
0.4
0.000389611
0.4
0.000389611
0.4
0.000389611
0.4
0.00038961
0.4
0.00038961
0.4
0.00038961
0.4
0.00038961
0.4
0.00038961
0.4
0.00038961
0.4
0.00038961
0.4
0.00038961
0.4
0.00038961
0.4
0.00038961
0.4
0.000389609
0.4
0.000389609
0.4
0.000389609
0.4
0.000389609
0.4
0.000389609
0.4
0.000389608
0.4
0.000389608
0.4
0.000389607
0.4
0.000389606
0.4
0.000389605
0.4
0.000389603
0.4
0.000389601
0.4
0.000389598
0.4
0.000389595
0.4
0.000389591
0.400001
0.000389585
0.400001
0.000389579
0.400001
0.000389573
0.400001
0.000389565
0.400001
0.000389559
0.400001
0.000389554
0.400001
0.000389555
0.400001
0.000389567
0.400001
0.000389601
0.399999
0.000389671
0.399997
0.000389807
0.399993
0.000390055
0.399986
0.000390499
0.399974
0.000391285
0.399954
0.000392731
0.39992
0.000395387
0.399868
0.000400277
0.399787
0.399705
7.06151e-05
0.390946
9.0839e-05
0.393044
0.000107032
0.395188
0.000117894
0.396896
0.000124824
0.398087
0.000129117
0.398875
0.000131691
0.399392
0.000133115
0.399725
0.000133781
0.399934
0.000133965
0.40006
0.000133856
0.40013
0.000133579
0.400164
0.000133219
0.400175
0.00013283
0.400173
0.000132445
0.400162
0.000132083
0.400147
0.000131752
0.40013
0.000131459
0.400114
0.000131202
0.400098
0.000130981
0.400084
0.000130792
0.400071
0.000130632
0.400059
0.000130497
0.400049
0.000130385
0.400041
0.000130291
0.400034
0.000130215
0.400028
0.00013015
0.400023
0.000130098
0.400019
0.000130055
0.400015
0.00013002
0.400013
0.000129991
0.40001
0.000129968
0.400008
0.000129949
0.400007
0.000129933
0.400005
0.00012992
0.400004
0.000129911
0.400004
0.000129902
0.400003
0.000129896
0.400002
0.000129891
0.400002
0.000129886
0.400001
0.000129883
0.400001
0.00012988
0.400001
0.000129878
0.400001
0.000129877
0.400001
0.000129875
0.4
0.000129874
0.4
0.000129873
0.4
0.000129872
0.4
0.000129872
0.4
0.000129871
0.4
0.000129871
0.4
0.000129871
0.4
0.00012987
0.4
0.00012987
0.4
0.00012987
0.4
0.00012987
0.4
0.00012987
0.4
0.00012987
0.4
0.00012987
0.4
0.00012987
0.4
0.000129869
0.4
0.00012987
0.4
0.000129869
0.4
0.00012987
0.4
0.000129869
0.4
0.000129869
0.4
0.000129869
0.4
0.000129869
0.4
0.000129869
0.4
0.000129869
0.4
0.000129869
0.4
0.000129869
0.4
0.000129869
0.4
0.000129869
0.4
0.000129868
0.4
0.000129868
0.4
0.000129868
0.4
0.000129867
0.4
0.000129866
0.4
0.000129866
0.4
0.000129864
0.4
0.000129863
0.400001
0.000129861
0.400001
0.000129859
0.400001
0.000129857
0.400001
0.000129855
0.400001
0.000129852
0.400001
0.000129851
0.400001
0.000129851
0.400001
0.000129855
0.400001
0.000129867
0.399999
0.00012989
0.399997
0.000129936
0.399993
0.00013002
0.399986
0.000130168
0.399973
0.000130433
0.399953
0.000130919
0.39992
0.000131812
0.399867
0.000133455
0.399786
0.399703
-7.06059e-05
0.390965
-9.08326e-05
0.393064
-0.000107026
0.395204
-0.00011789
0.396907
-0.000124821
0.398093
-0.000129112
0.39888
-0.000131685
0.399395
-0.00013311
0.399726
-0.00013378
0.399935
-0.000133965
0.40006
-0.000133854
0.40013
-0.000133578
0.400164
-0.000133219
0.400175
-0.00013283
0.400172
-0.000132446
0.400162
-0.000132083
0.400147
-0.000131753
0.40013
-0.000131459
0.400114
-0.000131203
0.400098
-0.000130982
0.400083
-0.000130792
0.40007
-0.000130633
0.400059
-0.000130498
0.400049
-0.000130386
0.400041
-0.000130293
0.400034
-0.000130215
0.400028
-0.000130152
0.400023
-0.000130099
0.400019
-0.000130056
0.400015
-0.000130021
0.400013
-0.000129992
0.40001
-0.000129969
0.400008
-0.00012995
0.400007
-0.000129934
0.400005
-0.000129922
0.400004
-0.000129912
0.400004
-0.000129904
0.400003
-0.000129897
0.400002
-0.000129892
0.400002
-0.000129888
0.400001
-0.000129884
0.400001
-0.000129881
0.400001
-0.000129879
0.400001
-0.000129877
0.400001
-0.000129876
0.4
-0.000129875
0.4
-0.000129874
0.4
-0.000129874
0.4
-0.000129873
0.4
-0.000129872
0.4
-0.000129872
0.4
-0.000129872
0.4
-0.000129872
0.4
-0.000129871
0.4
-0.000129871
0.4
-0.000129871
0.4
-0.000129871
0.4
-0.000129871
0.4
-0.000129871
0.4
-0.000129871
0.4
-0.000129871
0.4
-0.000129871
0.4
-0.000129871
0.4
-0.000129871
0.4
-0.000129871
0.4
-0.000129871
0.4
-0.000129871
0.4
-0.000129871
0.4
-0.000129871
0.4
-0.00012987
0.4
-0.000129871
0.4
-0.00012987
0.4
-0.00012987
0.4
-0.00012987
0.4
-0.00012987
0.4
-0.000129869
0.4
-0.000129869
0.4
-0.000129869
0.4
-0.000129868
0.4
-0.000129867
0.4
-0.000129866
0.4
-0.000129864
0.400001
-0.000129863
0.400001
-0.000129861
0.400001
-0.000129859
0.400001
-0.000129856
0.400001
-0.000129854
0.400001
-0.000129852
0.400001
-0.000129853
0.400001
-0.000129857
0.400001
-0.000129868
0.399999
-0.000129892
0.399997
-0.000129938
0.399993
-0.000130021
0.399986
-0.00013017
0.399974
-0.000130434
0.399954
-0.00013092
0.39992
-0.000131813
0.399868
-0.000133456
0.399787
0.399705
-0.000212123
0.391023
-0.000272857
0.393125
-0.000321375
0.395253
-0.000353886
0.396939
-0.000374614
0.398114
-0.000387446
0.398892
-0.000395133
0.399403
-0.000399383
0.39973
-0.000401371
0.399937
-0.000401913
0.40006
-0.000401574
0.40013
-0.00040074
0.400163
-0.000399659
0.400174
-0.000398491
0.400171
-0.000397335
0.40016
-0.000396247
0.400146
-0.000395256
0.400129
-0.000394375
0.400113
-0.000393606
0.400097
-0.000392942
0.400083
-0.000392375
0.40007
-0.000391895
0.400059
-0.000391493
0.400049
-0.000391156
0.400041
-0.000390876
0.400034
-0.000390644
0.400028
-0.000390453
0.400023
-0.000390296
0.400019
-0.000390167
0.400015
-0.000390061
0.400012
-0.000389975
0.40001
-0.000389905
0.400008
-0.000389849
0.400007
-0.000389802
0.400005
-0.000389765
0.400004
-0.000389734
0.400003
-0.00038971
0.400003
-0.000389691
0.400002
-0.000389674
0.400002
-0.000389662
0.400001
-0.000389652
0.400001
-0.000389643
0.400001
-0.000389637
0.400001
-0.000389631
0.400001
-0.000389627
0.4
-0.000389624
0.4
-0.000389621
0.4
-0.000389619
0.4
-0.000389617
0.4
-0.000389616
0.4
-0.000389615
0.4
-0.000389614
0.4
-0.000389614
0.4
-0.000389613
0.4
-0.000389613
0.4
-0.000389612
0.4
-0.000389612
0.4
-0.000389612
0.4
-0.000389612
0.4
-0.000389611
0.4
-0.000389611
0.4
-0.000389611
0.4
-0.000389611
0.4
-0.000389611
0.4
-0.000389611
0.4
-0.000389611
0.4
-0.000389611
0.4
-0.000389611
0.4
-0.000389611
0.4
-0.00038961
0.4
-0.00038961
0.4
-0.00038961
0.4
-0.000389609
0.4
-0.000389609
0.4
-0.000389608
0.4
-0.000389607
0.4
-0.000389606
0.4
-0.000389604
0.4
-0.000389602
0.4
-0.0003896
0.4
-0.000389596
0.4
-0.000389592
0.400001
-0.000389587
0.400001
-0.000389581
0.400001
-0.000389574
0.400001
-0.000389567
0.400001
-0.00038956
0.400001
-0.000389556
0.400001
-0.000389557
0.400001
-0.000389569
0.400001
-0.000389602
0.399999
-0.000389673
0.399997
-0.000389809
0.399993
-0.000390057
0.399986
-0.0003905
0.399974
-0.000391287
0.399954
-0.000392732
0.399922
-0.000395389
0.39987
-0.000400279
0.399792
0.399713
-0.000354539
0.39112
-0.000455945
0.393226
-0.000536598
0.395333
-0.000590514
0.396993
-0.000624851
0.398149
-0.000646091
0.398914
-0.000658793
0.399415
-0.000665796
0.399737
-0.000669052
0.39994
-0.000669917
0.400061
-0.000669326
0.400129
-0.000667918
0.400162
-0.000666105
0.400172
-0.000664152
0.400169
-0.000662221
0.400158
-0.000660405
0.400144
-0.000658753
0.400127
-0.000657284
0.400111
-0.000656002
0.400096
-0.000654896
0.400082
-0.000653952
0.400069
-0.000653153
0.400058
-0.000652482
0.400048
-0.000651922
0.40004
-0.000651456
0.400033
-0.00065107
0.400027
-0.000650752
0.400022
-0.00065049
0.400018
-0.000650276
0.400015
-0.0006501
0.400012
-0.000649957
0.40001
-0.000649841
0.400008
-0.000649746
0.400007
-0.000649669
0.400005
-0.000649607
0.400004
-0.000649557
0.400003
-0.000649516
0.400003
-0.000649483
0.400002
-0.000649457
0.400002
-0.000649436
0.400001
-0.000649419
0.400001
-0.000649405
0.400001
-0.000649394
0.400001
-0.000649385
0.400001
-0.000649378
0.4
-0.000649373
0.4
-0.000649368
0.4
-0.000649365
0.4
-0.000649362
0.4
-0.00064936
0.4
-0.000649358
0.4
-0.000649356
0.4
-0.000649356
0.4
-0.000649354
0.4
-0.000649354
0.4
-0.000649353
0.4
-0.000649353
0.4
-0.000649353
0.4
-0.000649352
0.4
-0.000649352
0.4
-0.000649352
0.4
-0.000649351
0.4
-0.000649352
0.4
-0.000649351
0.4
-0.000649351
0.4
-0.000649351
0.4
-0.000649351
0.4
-0.000649351
0.4
-0.000649351
0.4
-0.00064935
0.4
-0.00064935
0.4
-0.000649349
0.4
-0.000649349
0.4
-0.000649348
0.4
-0.000649346
0.4
-0.000649345
0.4
-0.000649343
0.4
-0.00064934
0.4
-0.000649337
0.4
-0.000649332
0.4
-0.000649327
0.4
-0.00064932
0.4
-0.000649311
0.400001
-0.000649301
0.400001
-0.00064929
0.400001
-0.000649278
0.400001
-0.000649266
0.400001
-0.000649259
0.400001
-0.00064926
0.400001
-0.00064928
0.400001
-0.000649334
0.4
-0.000649449
0.399997
-0.000649672
0.399993
-0.000650079
0.399986
-0.000650806
0.399975
-0.000652096
0.399956
-0.000654466
0.399924
-0.000658819
0.399875
-0.00066684
0.3998
0.399725
-0.000498493
0.391257
-0.000640825
0.393368
-0.000753281
0.395446
-0.000828192
0.397068
-0.000875829
0.398196
-0.000905253
0.398943
-0.000922806
0.399433
-0.000932444
0.399747
-0.000936883
0.399944
-0.000938011
0.400062
-0.00093713
0.400128
-0.000935122
0.40016
-0.000932561
0.40017
-0.000929812
0.400166
-0.0009271
0.400156
-0.000924552
0.400141
-0.000922238
0.400125
-0.000920182
0.400109
-0.000918386
0.400094
-0.000916839
0.40008
-0.000915519
0.400068
-0.000914403
0.400057
-0.000913465
0.400047
-0.000912681
0.400039
-0.000912031
0.400032
-0.000911491
0.400027
-0.000911047
0.400022
-0.000910682
0.400018
-0.000910382
0.400015
-0.000910137
0.400012
-0.000909937
0.40001
-0.000909774
0.400008
-0.000909642
0.400006
-0.000909535
0.400005
-0.000909448
0.400004
-0.000909378
0.400003
-0.000909321
0.400003
-0.000909276
0.400002
-0.000909239
0.400002
-0.000909209
0.400001
-0.000909185
0.400001
-0.000909166
0.400001
-0.000909151
0.400001
-0.000909139
0.400001
-0.000909129
0.4
-0.000909121
0.4
-0.000909115
0.4
-0.00090911
0.4
-0.000909106
0.4
-0.000909103
0.4
-0.000909101
0.4
-0.000909099
0.4
-0.000909097
0.4
-0.000909096
0.4
-0.000909095
0.4
-0.000909094
0.4
-0.000909094
0.4
-0.000909093
0.4
-0.000909093
0.4
-0.000909092
0.4
-0.000909092
0.4
-0.000909092
0.4
-0.000909092
0.4
-0.000909092
0.4
-0.000909092
0.4
-0.000909091
0.4
-0.000909091
0.4
-0.000909091
0.4
-0.00090909
0.4
-0.00090909
0.4
-0.000909089
0.4
-0.000909089
0.4
-0.000909088
0.4
-0.000909086
0.4
-0.000909085
0.4
-0.000909083
0.4
-0.00090908
0.4
-0.000909076
0.4
-0.000909071
0.4
-0.000909065
0.4
-0.000909057
0.4
-0.000909047
0.4
-0.000909036
0.400001
-0.000909021
0.400001
-0.000909005
0.400001
-0.000908988
0.400001
-0.000908972
0.400001
-0.000908961
0.400001
-0.000908962
0.400001
-0.000908988
0.400001
-0.000909061
0.4
-0.000909218
0.399998
-0.000909522
0.399994
-0.000910078
0.399987
-0.000911072
0.399976
-0.000912834
0.399957
-0.00091607
0.399927
-0.00092201
0.399881
-0.000932968
0.399811
0.399742
-0.00064468
0.391435
-0.000828247
0.393552
-0.000972009
0.39559
-0.00106734
0.397163
-0.00112784
0.398257
-0.00116514
0.39898
-0.00118731
0.399455
-0.00119942
0.399759
-0.00120492
0.39995
-0.00120623
0.400064
-0.001205
0.400127
-0.00120236
0.400157
-0.00119903
0.400166
-0.00119547
0.400163
-0.00119197
0.400152
-0.00118869
0.400138
-0.00118571
0.400122
-0.00118306
0.400106
-0.00118076
0.400092
-0.00117877
0.400078
-0.00117707
0.400066
-0.00117564
0.400055
-0.00117444
0.400046
-0.00117343
0.400038
-0.0011726
0.400032
-0.00117191
0.400026
-0.00117134
0.400021
-0.00117087
0.400018
-0.00117048
0.400014
-0.00117017
0.400012
-0.00116991
0.400009
-0.00116971
0.400008
-0.00116954
0.400006
-0.0011694
0.400005
-0.00116929
0.400004
-0.0011692
0.400003
-0.00116913
0.400003
-0.00116907
0.400002
-0.00116902
0.400002
-0.00116898
0.400001
-0.00116895
0.400001
-0.00116893
0.400001
-0.00116891
0.400001
-0.00116889
0.400001
-0.00116888
0.4
-0.00116887
0.4
-0.00116886
0.4
-0.00116886
0.4
-0.00116885
0.4
-0.00116885
0.4
-0.00116884
0.4
-0.00116884
0.4
-0.00116884
0.4
-0.00116884
0.4
-0.00116884
0.4
-0.00116884
0.4
-0.00116883
0.4
-0.00116883
0.4
-0.00116883
0.4
-0.00116883
0.4
-0.00116883
0.4
-0.00116883
0.4
-0.00116883
0.4
-0.00116883
0.4
-0.00116883
0.4
-0.00116883
0.4
-0.00116883
0.4
-0.00116883
0.4
-0.00116883
0.4
-0.00116883
0.4
-0.00116883
0.4
-0.00116883
0.4
-0.00116883
0.4
-0.00116883
0.4
-0.00116882
0.4
-0.00116882
0.4
-0.00116882
0.4
-0.00116881
0.4
-0.00116881
0.4
-0.0011688
0.4
-0.00116879
0.4
-0.00116877
0.4
-0.00116876
0.400001
-0.00116874
0.400001
-0.00116872
0.400001
-0.0011687
0.400001
-0.00116868
0.400001
-0.00116866
0.400001
-0.00116866
0.400001
-0.00116869
0.400001
-0.00116878
0.4
-0.00116898
0.399998
-0.00116935
0.399994
-0.00117004
0.399988
-0.00117128
0.399977
-0.00117348
0.39996
-0.0011775
0.399931
-0.00118487
0.399888
-0.0011985
0.399825
0.399763
-0.000793884
0.391657
-0.001019
0.393777
-0.00119337
0.395764
-0.00130837
0.397278
-0.00138116
0.398329
-0.00142594
0.399025
-0.00145244
0.399481
-0.0014668
0.399773
-0.00147322
0.399956
-0.00147461
0.400065
-0.00147297
0.400125
-0.00146964
0.400154
-0.00146551
0.400162
-0.00146113
0.400159
-0.00145682
0.400148
-0.0014528
0.400134
-0.00144916
0.400119
-0.00144592
0.400103
-0.0014431
0.400089
-0.00144068
0.400076
-0.00143861
0.400064
-0.00143686
0.400054
-0.0014354
0.400045
-0.00143417
0.400037
-0.00143315
0.400031
-0.00143231
0.400025
-0.00143162
0.400021
-0.00143105
0.400017
-0.00143058
0.400014
-0.0014302
0.400011
-0.00142989
0.400009
-0.00142963
0.400007
-0.00142943
0.400006
-0.00142926
0.400005
-0.00142913
0.400004
-0.00142902
0.400003
-0.00142893
0.400003
-0.00142886
0.400002
-0.0014288
0.400002
-0.00142875
0.400001
-0.00142872
0.400001
-0.00142869
0.400001
-0.00142866
0.400001
-0.00142864
0.400001
-0.00142863
0.4
-0.00142862
0.4
-0.00142861
0.4
-0.0014286
0.4
-0.00142859
0.4
-0.00142859
0.4
-0.00142859
0.4
-0.00142858
0.4
-0.00142858
0.4
-0.00142858
0.4
-0.00142858
0.4
-0.00142858
0.4
-0.00142857
0.4
-0.00142857
0.4
-0.00142857
0.4
-0.00142857
0.4
-0.00142857
0.4
-0.00142857
0.4
-0.00142857
0.4
-0.00142857
0.4
-0.00142857
0.4
-0.00142857
0.4
-0.00142857
0.4
-0.00142857
0.4
-0.00142857
0.4
-0.00142857
0.4
-0.00142857
0.4
-0.00142857
0.4
-0.00142857
0.4
-0.00142856
0.4
-0.00142856
0.4
-0.00142856
0.4
-0.00142855
0.4
-0.00142855
0.4
-0.00142854
0.4
-0.00142853
0.4
-0.00142852
0.4
-0.0014285
0.4
-0.00142848
0.400001
-0.00142846
0.400001
-0.00142844
0.400001
-0.00142841
0.400001
-0.00142838
0.400001
-0.00142836
0.400001
-0.00142836
0.400001
-0.00142839
0.400001
-0.00142849
0.4
-0.00142872
0.399998
-0.00142916
0.399994
-0.00142997
0.399989
-0.00143143
0.399978
-0.001434
0.399962
-0.0014387
0.399936
-0.00144733
0.399897
-0.00146328
0.399841
0.399788
-0.000947012
0.391924
-0.00121391
0.394044
-0.00141796
0.395968
-0.00155168
0.397412
-0.00163608
0.398414
-0.00168785
0.399077
-0.00171831
0.399512
-0.00173468
0.39979
-0.00174183
0.399963
-0.00174318
0.400066
-0.00174104
0.400123
-0.00173698
0.40015
-0.00173201
0.400157
-0.00172678
0.400153
-0.00172166
0.400143
-0.00171689
0.400129
-0.00171258
0.400114
-0.00170876
0.400099
-0.00170543
0.400085
-0.00170256
0.400073
-0.00170013
0.400061
-0.00169807
0.400051
-0.00169634
0.400043
-0.0016949
0.400036
-0.0016937
0.400029
-0.00169271
0.400024
-0.00169189
0.40002
-0.00169122
0.400016
-0.00169067
0.400013
-0.00169022
0.400011
-0.00168986
0.400009
-0.00168956
0.400007
-0.00168932
0.400006
-0.00168912
0.400005
-0.00168896
0.400004
-0.00168883
0.400003
-0.00168873
0.400002
-0.00168865
0.400002
-0.00168858
0.400002
-0.00168852
0.400001
-0.00168848
0.400001
-0.00168845
0.400001
-0.00168842
0.400001
-0.0016884
0.400001
-0.00168838
0.4
-0.00168837
0.4
-0.00168835
0.4
-0.00168834
0.4
-0.00168834
0.4
-0.00168833
0.4
-0.00168833
0.4
-0.00168832
0.4
-0.00168832
0.4
-0.00168832
0.4
-0.00168832
0.4
-0.00168832
0.4
-0.00168831
0.4
-0.00168831
0.4
-0.00168831
0.4
-0.00168831
0.4
-0.00168831
0.4
-0.00168831
0.4
-0.00168831
0.4
-0.00168831
0.4
-0.00168831
0.4
-0.00168831
0.4
-0.00168831
0.4
-0.00168831
0.4
-0.00168831
0.4
-0.00168831
0.4
-0.00168831
0.4
-0.00168831
0.4
-0.0016883
0.4
-0.0016883
0.4
-0.0016883
0.4
-0.00168829
0.4
-0.00168829
0.4
-0.00168828
0.4
-0.00168827
0.4
-0.00168826
0.4
-0.00168825
0.4
-0.00168823
0.4
-0.00168821
0.400001
-0.00168818
0.400001
-0.00168815
0.400001
-0.00168812
0.400001
-0.00168809
0.400001
-0.00168806
0.400001
-0.00168805
0.400001
-0.00168809
0.400001
-0.0016882
0.4
-0.00168845
0.399998
-0.00168894
0.399995
-0.00168985
0.399989
-0.00169149
0.39998
-0.00169438
0.399965
-0.00169965
0.399941
-0.00170929
0.399906
-0.00172716
0.399859
0.399816
-0.00110513
0.392239
-0.00141387
0.394353
-0.00164636
0.3962
-0.00179768
0.397563
-0.00189288
0.398509
-0.00195105
0.399135
-0.00198507
0.399546
-0.00200313
0.399808
-0.0020108
0.399971
-0.00201196
0.400067
-0.00200923
0.40012
-0.00200437
0.400145
-0.00199853
0.400151
-0.00199242
0.400147
-0.00198648
0.400137
-0.00198095
0.400124
-0.00197597
0.400109
-0.00197156
0.400095
-0.00196772
0.400082
-0.00196442
0.400069
-0.00196162
0.400059
-0.00195925
0.400049
-0.00195726
0.400041
-0.0019556
0.400034
-0.00195423
0.400028
-0.00195309
0.400023
-0.00195215
0.400019
-0.00195138
0.400016
-0.00195075
0.400013
-0.00195024
0.40001
-0.00194982
0.400008
-0.00194948
0.400007
-0.0019492
0.400006
-0.00194897
0.400004
-0.00194879
0.400004
-0.00194864
0.400003
-0.00194853
0.400002
-0.00194843
0.400002
-0.00194835
0.400002
-0.00194829
0.400001
-0.00194824
0.400001
-0.0019482
0.400001
-0.00194817
0.400001
-0.00194815
0.4
-0.00194813
0.4
-0.00194811
0.4
-0.0019481
0.4
-0.00194809
0.4
-0.00194808
0.4
-0.00194807
0.4
-0.00194807
0.4
-0.00194806
0.4
-0.00194806
0.4
-0.00194806
0.4
-0.00194806
0.4
-0.00194805
0.4
-0.00194805
0.4
-0.00194805
0.4
-0.00194805
0.4
-0.00194805
0.4
-0.00194805
0.4
-0.00194805
0.4
-0.00194805
0.4
-0.00194805
0.4
-0.00194805
0.4
-0.00194805
0.4
-0.00194805
0.4
-0.00194805
0.4
-0.00194805
0.4
-0.00194804
0.4
-0.00194804
0.4
-0.00194804
0.4
-0.00194804
0.4
-0.00194804
0.4
-0.00194803
0.4
-0.00194803
0.4
-0.00194802
0.4
-0.00194802
0.4
-0.00194801
0.4
-0.00194799
0.4
-0.00194798
0.4
-0.00194795
0.4
-0.00194793
0.400001
-0.0019479
0.400001
-0.00194786
0.400001
-0.00194783
0.400001
-0.00194779
0.400001
-0.00194775
0.400001
-0.00194774
0.400001
-0.00194777
0.400001
-0.00194789
0.4
-0.00194816
0.399998
-0.00194869
0.399996
-0.00194968
0.39999
-0.00195146
0.399982
-0.0019546
0.399968
-0.00196031
0.399947
-0.00197071
0.399917
-0.00199
0.399878
0.399846
-0.0012695
0.392606
-0.00161979
0.394703
-0.00187915
0.39646
-0.00204676
0.397731
-0.0021518
0.398614
-0.00221573
0.399199
-0.0022528
0.399583
-0.00227222
0.399827
-0.00228017
0.399979
-0.00228098
0.400068
-0.00227755
0.400117
-0.00227182
0.400139
-0.00226506
0.400145
-0.00225805
0.40014
-0.00225127
0.40013
-0.00224498
0.400117
-0.00223931
0.400104
-0.00223431
0.40009
-0.00222997
0.400077
-0.00222624
0.400066
-0.00222307
0.400055
-0.0022204
0.400046
-0.00221815
0.400039
-0.00221628
0.400032
-0.00221473
0.400027
-0.00221345
0.400022
-0.0022124
0.400018
-0.00221153
0.400015
-0.00221082
0.400012
-0.00221024
0.40001
-0.00220977
0.400008
-0.00220938
0.400006
-0.00220907
0.400005
-0.00220882
0.400004
-0.00220861
0.400003
-0.00220845
0.400003
-0.00220832
0.400002
-0.00220821
0.400002
-0.00220812
0.400001
-0.00220805
0.400001
-0.002208
0.400001
-0.00220795
0.400001
-0.00220792
0.400001
-0.00220789
0.4
-0.00220787
0.4
-0.00220785
0.4
-0.00220783
0.4
-0.00220782
0.4
-0.00220781
0.4
-0.00220781
0.4
-0.0022078
0.4
-0.00220779
0.4
-0.00220779
0.4
-0.00220779
0.4
-0.00220779
0.4
-0.00220778
0.4
-0.00220778
0.4
-0.00220778
0.4
-0.00220778
0.4
-0.00220778
0.4
-0.00220778
0.4
-0.00220778
0.4
-0.00220778
0.4
-0.00220778
0.4
-0.00220778
0.4
-0.00220778
0.4
-0.00220778
0.4
-0.00220778
0.4
-0.00220778
0.4
-0.00220777
0.4
-0.00220777
0.4
-0.00220777
0.4
-0.00220777
0.4
-0.00220777
0.4
-0.00220776
0.4
-0.00220776
0.4
-0.00220775
0.4
-0.00220774
0.4
-0.00220773
0.4
-0.00220772
0.4
-0.0022077
0.4
-0.00220767
0.4
-0.00220765
0.400001
-0.00220761
0.400001
-0.00220757
0.400001
-0.00220753
0.400001
-0.00220748
0.400001
-0.00220744
0.400001
-0.00220742
0.400001
-0.00220745
0.400001
-0.00220756
0.4
-0.00220784
0.399999
-0.0022084
0.399996
-0.00220945
0.399991
-0.00221133
0.399984
-0.00221464
0.399972
-0.00222064
0.399953
-0.00223152
0.399928
-0.0022517
0.399898
0.399878
-0.00144165
0.39303
-0.00183265
0.395094
-0.00211691
0.396744
-0.00229928
0.397913
-0.00241309
0.398728
-0.00248202
0.399268
-0.00252162
0.399623
-0.002542
0.399848
-0.00254997
0.399987
-0.00255025
0.400069
-0.00254599
0.400113
-0.00253932
0.400132
-0.00253159
0.400137
-0.00252364
0.400132
-0.002516
0.400122
-0.00250894
0.40011
-0.0025026
0.400097
-0.00249701
0.400084
-0.00249216
0.400072
-0.00248801
0.400062
-0.00248447
0.400052
-0.0024815
0.400043
-0.002479
0.400036
-0.00247693
0.40003
-0.0024752
0.400025
-0.00247378
0.40002
-0.00247261
0.400017
-0.00247165
0.400014
-0.00247086
0.400011
-0.00247021
0.400009
-0.00246969
0.400007
-0.00246926
0.400006
-0.00246892
0.400005
-0.00246864
0.400004
-0.00246841
0.400003
-0.00246823
0.400003
-0.00246808
0.400002
-0.00246796
0.400002
-0.00246787
0.400001
-0.00246779
0.400001
-0.00246773
0.400001
-0.00246768
0.400001
-0.00246764
0.400001
-0.00246761
0.4
-0.00246759
0.4
-0.00246757
0.4
-0.00246755
0.4
-0.00246754
0.4
-0.00246753
0.4
-0.00246752
0.4
-0.00246751
0.4
-0.00246751
0.4
-0.0024675
0.4
-0.0024675
0.4
-0.0024675
0.4
-0.0024675
0.4
-0.00246749
0.4
-0.00246749
0.4
-0.00246749
0.4
-0.00246749
0.4
-0.00246749
0.4
-0.00246749
0.4
-0.00246749
0.4
-0.00246749
0.4
-0.00246749
0.4
-0.00246749
0.4
-0.00246749
0.4
-0.00246749
0.4
-0.00246749
0.4
-0.00246749
0.4
-0.00246748
0.4
-0.00246748
0.4
-0.00246748
0.4
-0.00246748
0.4
-0.00246747
0.4
-0.00246747
0.4
-0.00246746
0.4
-0.00246745
0.4
-0.00246744
0.4
-0.00246742
0.4
-0.0024674
0.4
-0.00246737
0.4
-0.00246734
0.4
-0.0024673
0.400001
-0.00246726
0.400001
-0.00246721
0.400001
-0.00246715
0.400001
-0.00246711
0.400001
-0.00246708
0.400001
-0.0024671
0.400001
-0.00246721
0.4
-0.00246749
0.399999
-0.00246806
0.399997
-0.00246914
0.399993
-0.00247107
0.399986
-0.00247448
0.399975
-0.00248062
0.399959
-0.00249168
0.399939
-0.00251213
0.399919
0.39991
-0.00162339
0.393515
-0.00205344
0.395524
-0.00236017
0.397051
-0.00255558
0.398109
-0.00267695
0.398849
-0.00275006
0.399341
-0.00279157
0.399664
-0.0028125
0.399869
-0.00282019
0.399995
-0.00281974
0.400068
-0.00281453
0.400107
-0.00280683
0.400125
-0.00279807
0.400128
-0.00278917
0.400123
-0.00278065
0.400114
-0.00277281
0.400102
-0.00276578
0.40009
-0.0027596
0.400078
-0.00275425
0.400067
-0.00274967
0.400057
-0.00274578
0.400048
-0.00274251
0.40004
-0.00273977
0.400033
-0.00273749
0.400028
-0.00273559
0.400023
-0.00273403
0.400019
-0.00273275
0.400015
-0.00273169
0.400013
-0.00273083
0.40001
-0.00273012
0.400008
-0.00272955
0.400007
-0.00272908
0.400006
-0.0027287
0.400004
-0.0027284
0.400004
-0.00272815
0.400003
-0.00272795
0.400002
-0.00272779
0.400002
-0.00272766
0.400002
-0.00272756
0.400001
-0.00272747
0.400001
-0.0027274
0.400001
-0.00272735
0.400001
-0.00272731
0.4
-0.00272727
0.4
-0.00272725
0.4
-0.00272722
0.4
-0.00272721
0.4
-0.00272719
0.4
-0.00272718
0.4
-0.00272717
0.4
-0.00272717
0.4
-0.00272716
0.4
-0.00272716
0.4
-0.00272715
0.4
-0.00272715
0.4
-0.00272715
0.4
-0.00272715
0.4
-0.00272715
0.4
-0.00272714
0.4
-0.00272714
0.4
-0.00272714
0.4
-0.00272714
0.4
-0.00272714
0.4
-0.00272714
0.4
-0.00272714
0.4
-0.00272714
0.4
-0.00272714
0.4
-0.00272714
0.4
-0.00272714
0.4
-0.00272714
0.4
-0.00272714
0.4
-0.00272713
0.4
-0.00272713
0.4
-0.00272713
0.4
-0.00272712
0.4
-0.00272712
0.4
-0.00272711
0.4
-0.0027271
0.4
-0.00272708
0.4
-0.00272707
0.4
-0.00272704
0.4
-0.00272702
0.4
-0.00272698
0.4
-0.00272694
0.400001
-0.00272689
0.400001
-0.00272683
0.400001
-0.00272677
0.400001
-0.00272671
0.400001
-0.00272667
0.400001
-0.00272668
0.400001
-0.00272678
0.4
-0.00272705
0.399999
-0.00272762
0.399997
-0.0027287
0.399994
-0.00273066
0.399988
-0.00273408
0.399978
-0.0027402
0.399965
-0.00275113
0.39995
-0.0027712
0.399939
0.399941
-0.00181681
0.394066
-0.00228314
0.39599
-0.00260938
0.397377
-0.00281587
0.398315
-0.00294348
0.398977
-0.00301984
0.399417
-0.00306262
0.399707
-0.00308364
0.39989
-0.00309075
0.400002
-0.00308936
0.400067
-0.00308306
0.400101
-0.00307423
0.400116
-0.00306439
0.400118
-0.00305449
0.400113
-0.00304507
0.400105
-0.00303644
0.400094
-0.00302873
0.400082
-0.00302197
0.400071
-0.00301612
0.400061
-0.00301112
0.400052
-0.00300688
0.400044
-0.00300331
0.400037
-0.00300033
0.40003
-0.00299784
0.400025
-0.00299579
0.400021
-0.00299409
0.400017
-0.00299269
0.400014
-0.00299155
0.400012
-0.00299061
0.400009
-0.00298985
0.400008
-0.00298922
0.400006
-0.00298872
0.400005
-0.00298831
0.400004
-0.00298798
0.400003
-0.00298771
0.400003
-0.00298749
0.400002
-0.00298732
0.400002
-0.00298718
0.400001
-0.00298706
0.400001
-0.00298697
0.400001
-0.0029869
0.400001
-0.00298684
0.400001
-0.0029868
0.4
-0.00298676
0.4
-0.00298673
0.4
-0.00298671
0.4
-0.00298669
0.4
-0.00298667
0.4
-0.00298666
0.4
-0.00298665
0.4
-0.00298665
0.4
-0.00298664
0.4
-0.00298663
0.4
-0.00298663
0.4
-0.00298663
0.4
-0.00298663
0.4
-0.00298662
0.4
-0.00298662
0.4
-0.00298662
0.4
-0.00298662
0.4
-0.00298662
0.4
-0.00298662
0.4
-0.00298662
0.4
-0.00298662
0.4
-0.00298662
0.4
-0.00298662
0.4
-0.00298662
0.4
-0.00298662
0.4
-0.00298661
0.4
-0.00298661
0.4
-0.00298661
0.4
-0.00298661
0.4
-0.00298661
0.4
-0.0029866
0.4
-0.0029866
0.4
-0.00298659
0.4
-0.00298658
0.4
-0.00298657
0.4
-0.00298656
0.4
-0.00298654
0.4
-0.00298651
0.4
-0.00298648
0.4
-0.00298644
0.4
-0.0029864
0.4
-0.00298634
0.400001
-0.00298628
0.400001
-0.00298621
0.400001
-0.00298614
0.400001
-0.00298609
0.400001
-0.00298608
0.400001
-0.00298617
0.4
-0.00298642
0.4
-0.00298697
0.399998
-0.00298804
0.399995
-0.00298996
0.39999
-0.00299333
0.399982
-0.00299928
0.399971
-0.00300974
0.39996
-0.00302873
0.399958
0.39997
-0.00202415
0.394691
-0.00252251
0.396489
-0.00286472
0.397719
-0.00308013
0.398531
-0.00321253
0.399109
-0.00329115
0.399496
-0.00333449
0.39975
-0.00335511
0.39991
-0.0033613
0.400008
-0.00335875
0.400064
-0.00335121
0.400094
-0.00334117
0.400106
-0.0033302
0.400107
-0.00331926
0.400102
-0.00330893
0.400094
-0.0032995
0.400084
-0.0032911
0.400074
-0.00328375
0.400064
-0.0032774
0.400055
-0.00327199
0.400047
-0.0032674
0.400039
-0.00326355
0.400033
-0.00326032
0.400027
-0.00325764
0.400023
-0.00325543
0.400019
-0.0032536
0.400015
-0.00325209
0.400013
-0.00325086
0.40001
-0.00324985
0.400008
-0.00324903
0.400007
-0.00324836
0.400006
-0.00324782
0.400004
-0.00324738
0.400004
-0.00324702
0.400003
-0.00324673
0.400002
-0.0032465
0.400002
-0.00324631
0.400002
-0.00324616
0.400001
-0.00324604
0.400001
-0.00324595
0.400001
-0.00324587
0.400001
-0.00324581
0.400001
-0.00324576
0.4
-0.00324572
0.4
-0.00324569
0.4
-0.00324566
0.4
-0.00324564
0.4
-0.00324563
0.4
-0.00324561
0.4
-0.0032456
0.4
-0.0032456
0.4
-0.00324559
0.4
-0.00324558
0.4
-0.00324558
0.4
-0.00324558
0.4
-0.00324557
0.4
-0.00324557
0.4
-0.00324557
0.4
-0.00324557
0.4
-0.00324557
0.4
-0.00324557
0.4
-0.00324557
0.4
-0.00324557
0.4
-0.00324557
0.4
-0.00324557
0.4
-0.00324557
0.4
-0.00324556
0.4
-0.00324556
0.4
-0.00324556
0.4
-0.00324556
0.4
-0.00324556
0.4
-0.00324556
0.4
-0.00324555
0.4
-0.00324555
0.4
-0.00324554
0.4
-0.00324554
0.4
-0.00324553
0.4
-0.00324552
0.4
-0.0032455
0.4
-0.00324548
0.4
-0.00324545
0.4
-0.00324542
0.4
-0.00324538
0.4
-0.00324533
0.4
-0.00324527
0.400001
-0.00324519
0.400001
-0.00324512
0.400001
-0.00324504
0.400001
-0.00324497
0.400001
-0.00324495
0.400001
-0.00324501
0.4
-0.00324524
0.4
-0.00324576
0.399998
-0.00324678
0.399996
-0.00324864
0.399991
-0.00325188
0.399985
-0.0032575
0.399977
-0.0032672
0.39997
-0.00328437
0.399975
0.399996
-0.00224739
0.395392
-0.00277168
0.397013
-0.00312566
0.398073
-0.00334759
0.398753
-0.00348319
0.399245
-0.00356302
0.399576
-0.00360618
0.399793
-0.0036259
0.39993
-0.00363082
0.400013
-0.00362687
0.40006
-0.00361795
0.400085
-0.00360659
0.400094
-0.00359442
0.400095
-0.00358241
0.40009
-0.00357114
0.400083
-0.00356091
0.400074
-0.00355182
0.400065
-0.00354388
0.400056
-0.00353705
0.400048
-0.00353122
0.400041
-0.00352629
0.400034
-0.00352216
0.400029
-0.0035187
0.400024
-0.00351583
0.40002
-0.00351346
0.400016
-0.0035115
0.400013
-0.00350989
0.400011
-0.00350858
0.400009
-0.0035075
0.400007
-0.00350662
0.400006
-0.00350591
0.400005
-0.00350533
0.400004
-0.00350486
0.400003
-0.00350448
0.400003
-0.00350417
0.400002
-0.00350393
0.400002
-0.00350373
0.400001
-0.00350357
0.400001
-0.00350344
0.400001
-0.00350333
0.400001
-0.00350325
0.400001
-0.00350319
0.4
-0.00350313
0.4
-0.00350309
0.4
-0.00350306
0.4
-0.00350303
0.4
-0.00350301
0.4
-0.00350299
0.4
-0.00350298
0.4
-0.00350297
0.4
-0.00350296
0.4
-0.00350296
0.4
-0.00350295
0.4
-0.00350295
0.4
-0.00350294
0.4
-0.00350294
0.4
-0.00350294
0.4
-0.00350294
0.4
-0.00350294
0.4
-0.00350293
0.4
-0.00350293
0.4
-0.00350293
0.4
-0.00350293
0.4
-0.00350293
0.4
-0.00350293
0.4
-0.00350293
0.4
-0.00350293
0.4
-0.00350293
0.4
-0.00350293
0.4
-0.00350293
0.4
-0.00350292
0.4
-0.00350292
0.4
-0.00350292
0.4
-0.00350291
0.4
-0.00350291
0.4
-0.0035029
0.4
-0.00350289
0.4
-0.00350288
0.4
-0.00350286
0.4
-0.00350284
0.4
-0.00350281
0.4
-0.00350278
0.4
-0.00350273
0.4
-0.00350267
0.4
-0.00350261
0.4
-0.00350253
0.400001
-0.00350244
0.400001
-0.00350235
0.400001
-0.00350227
0.400001
-0.00350223
0.400001
-0.00350226
0.400001
-0.00350246
0.4
-0.00350293
0.399999
-0.00350388
0.399997
-0.00350564
0.399993
-0.00350869
0.399988
-0.00351386
0.399982
-0.00352248
0.399978
-0.00353708
0.399989
0.400017
-0.00248668
0.396171
-0.00302876
0.397555
-0.00338952
0.398434
-0.00361528
0.398978
-0.00375242
0.399382
-0.00383233
0.399656
-0.00387454
0.399836
-0.00389283
0.399948
-0.00389612
0.400016
-0.00389055
0.400055
-0.00388008
0.400074
-0.00386731
0.400082
-0.00385388
0.400082
-0.00384077
0.400077
-0.00382855
0.400071
-0.00381749
0.400063
-0.00380771
0.400055
-0.0037992
0.400048
-0.00379188
0.400041
-0.00378565
0.400034
-0.00378039
0.400029
-0.00377597
0.400024
-0.00377229
0.40002
-0.00376924
0.400017
-0.00376671
0.400014
-0.00376463
0.400011
-0.00376292
0.400009
-0.00376152
0.400008
-0.00376038
0.400006
-0.00375945
0.400005
-0.00375869
0.400004
-0.00375808
0.400003
-0.00375758
0.400003
-0.00375718
0.400002
-0.00375686
0.400002
-0.00375659
0.400001
-0.00375638
0.400001
-0.00375622
0.400001
-0.00375608
0.400001
-0.00375597
0.400001
-0.00375588
0.4
-0.00375581
0.4
-0.00375576
0.4
-0.00375571
0.4
-0.00375568
0.4
-0.00375565
0.4
-0.00375563
0.4
-0.00375561
0.4
-0.0037556
0.4
-0.00375559
0.4
-0.00375558
0.4
-0.00375557
0.4
-0.00375557
0.4
-0.00375556
0.4
-0.00375556
0.4
-0.00375556
0.4
-0.00375555
0.4
-0.00375555
0.4
-0.00375555
0.4
-0.00375555
0.4
-0.00375555
0.4
-0.00375555
0.4
-0.00375555
0.4
-0.00375555
0.4
-0.00375555
0.4
-0.00375554
0.4
-0.00375554
0.4
-0.00375554
0.4
-0.00375554
0.4
-0.00375554
0.4
-0.00375554
0.4
-0.00375554
0.4
-0.00375553
0.4
-0.00375553
0.4
-0.00375552
0.4
-0.00375551
0.4
-0.0037555
0.4
-0.00375549
0.4
-0.00375547
0.4
-0.00375545
0.4
-0.00375542
0.4
-0.00375538
0.4
-0.00375533
0.4
-0.00375527
0.4
-0.0037552
0.4
-0.00375512
0.400001
-0.00375502
0.400001
-0.00375491
0.400001
-0.00375482
0.400001
-0.00375475
0.400001
-0.00375475
0.400001
-0.0037549
0.4
-0.00375531
0.399999
-0.00375618
0.399998
-0.0037578
0.399995
-0.0037606
0.399991
-0.00376521
0.399987
-0.00377249
0.399986
-0.00378378
0.400001
0.400033
-0.00273608
0.39702
-0.00328564
0.398105
-0.00364717
0.398795
-0.00387379
0.399205
-0.00401075
0.399519
-0.00408958
0.399735
-0.00413007
0.399876
-0.00414638
0.399965
-0.0041477
0.400017
-0.00414025
0.400047
-0.00412808
0.400062
-0.00411381
0.400067
-0.00409906
0.400067
-0.00408481
0.400063
-0.00407162
0.400058
-0.00405975
0.400051
-0.00404928
0.400045
-0.00404019
0.400039
-0.00403239
0.400033
-0.00402576
0.400028
-0.00402017
0.400023
-0.00401549
0.40002
-0.00401159
0.400016
-0.00400836
0.400013
-0.00400568
0.400011
-0.00400348
0.400009
-0.00400168
0.400007
-0.0040002
0.400006
-0.003999
0.400005
-0.00399802
0.400004
-0.00399722
0.400003
-0.00399657
0.400003
-0.00399605
0.400002
-0.00399562
0.400002
-0.00399528
0.400001
-0.00399501
0.400001
-0.00399479
0.400001
-0.00399461
0.400001
-0.00399447
0.400001
-0.00399435
0.4
-0.00399426
0.4
-0.00399419
0.4
-0.00399413
0.4
-0.00399408
0.4
-0.00399405
0.4
-0.00399402
0.4
-0.003994
0.4
-0.00399398
0.4
-0.00399396
0.4
-0.00399395
0.4
-0.00399394
0.4
-0.00399393
0.4
-0.00399393
0.4
-0.00399392
0.4
-0.00399392
0.4
-0.00399392
0.4
-0.00399392
0.4
-0.00399391
0.4
-0.00399391
0.4
-0.00399391
0.4
-0.00399391
0.4
-0.00399391
0.4
-0.00399391
0.4
-0.00399391
0.4
-0.00399391
0.4
-0.00399391
0.4
-0.00399391
0.4
-0.00399391
0.4
-0.0039939
0.4
-0.0039939
0.4
-0.0039939
0.4
-0.0039939
0.4
-0.00399389
0.4
-0.00399389
0.4
-0.00399388
0.4
-0.00399388
0.4
-0.00399386
0.4
-0.00399385
0.4
-0.00399383
0.4
-0.00399381
0.4
-0.00399378
0.4
-0.00399374
0.4
-0.00399368
0.4
-0.00399362
0.4
-0.00399354
0.4
-0.00399345
0.4
-0.00399334
0.4
-0.00399322
0.400001
-0.00399311
0.400001
-0.00399301
0.400001
-0.00399298
0.4
-0.00399308
0.4
-0.00399342
0.4
-0.00399418
0.399998
-0.00399564
0.399996
-0.00399815
0.399993
-0.00400213
0.399991
-0.00400787
0.399991
-0.00401514
0.400008
0.400041
-0.00297036
0.397916
-0.00351548
0.39865
-0.00387029
0.39915
-0.00409452
0.399429
-0.00422954
0.399654
-0.00430614
0.399811
-0.00434415
0.399914
-0.00435795
0.399978
-0.00435694
0.400016
-0.00434741
0.400038
-0.0043334
0.400048
-0.00431752
0.400052
-0.0043014
0.400051
-0.00428599
0.400048
-0.00427182
0.400043
-0.00425913
0.400038
-0.00424797
0.400034
-0.00423832
0.400029
-0.00423005
0.400025
-0.00422304
0.400021
-0.00421713
0.400017
-0.00421219
0.400015
-0.00420808
0.400012
-0.00420467
0.40001
-0.00420186
0.400008
-0.00419955
0.400007
-0.00419766
0.400006
-0.0041961
0.400005
-0.00419484
0.400004
-0.00419381
0.400003
-0.00419298
0.400002
-0.0041923
0.400002
-0.00419175
0.400002
-0.00419131
0.400001
-0.00419095
0.400001
-0.00419066
0.400001
-0.00419043
0.400001
-0.00419025
0.400001
-0.0041901
0.4
-0.00418998
0.4
-0.00418988
0.4
-0.00418981
0.4
-0.00418975
0.4
-0.0041897
0.4
-0.00418966
0.4
-0.00418963
0.4
-0.00418961
0.4
-0.00418959
0.4
-0.00418957
0.4
-0.00418956
0.4
-0.00418955
0.4
-0.00418954
0.4
-0.00418954
0.4
-0.00418953
0.4
-0.00418953
0.4
-0.00418953
0.4
-0.00418952
0.4
-0.00418952
0.4
-0.00418952
0.4
-0.00418952
0.4
-0.00418952
0.4
-0.00418952
0.4
-0.00418952
0.4
-0.00418952
0.4
-0.00418951
0.4
-0.00418951
0.4
-0.00418951
0.4
-0.00418951
0.4
-0.00418951
0.4
-0.00418951
0.4
-0.00418951
0.4
-0.0041895
0.4
-0.0041895
0.4
-0.0041895
0.4
-0.00418949
0.4
-0.00418948
0.4
-0.00418947
0.4
-0.00418945
0.4
-0.00418944
0.4
-0.00418941
0.4
-0.00418938
0.4
-0.00418933
0.4
-0.00418928
0.4
-0.00418921
0.4
-0.00418913
0.4
-0.00418903
0.4
-0.00418891
0.4
-0.00418878
0.4
-0.00418864
0.4
-0.00418852
0.4
-0.00418845
0.4
-0.00418848
0.4
-0.00418874
0.4
-0.00418938
0.399999
-0.00419065
0.399998
-0.00419286
0.399996
-0.00419617
0.399994
-0.00420027
0.399995
-0.00420302
0.400011
0.40004
-0.00310664
0.398801
-0.00363472
0.399178
-0.00397318
0.399489
-0.0041914
0.399647
-0.00432284
0.399785
-0.00439609
0.399884
-0.0044309
0.399949
-0.00444173
0.399989
-0.00443809
0.400013
-0.00442628
0.400026
-0.00441032
0.400032
-0.00439279
0.400034
-0.00437528
0.400033
-0.0043587
0.400031
-0.00434355
0.400028
-0.00433005
0.400025
-0.00431823
0.400022
-0.00430802
0.400019
-0.00429931
0.400016
-0.00429193
0.400013
-0.00428572
0.400011
-0.00428054
0.400009
-0.00427623
0.400008
-0.00427266
0.400006
-0.00426972
0.400005
-0.00426731
0.400004
-0.00426533
0.400004
-0.00426371
0.400003
-0.00426239
0.400002
-0.00426132
0.400002
-0.00426045
0.400002
-0.00425974
0.400001
-0.00425917
0.400001
-0.00425871
0.400001
-0.00425834
0.400001
-0.00425804
0.400001
-0.0042578
0.4
-0.00425761
0.4
-0.00425746
0.4
-0.00425733
0.4
-0.00425724
0.4
-0.00425716
0.4
-0.00425709
0.4
-0.00425704
0.4
-0.004257
0.4
-0.00425697
0.4
-0.00425695
0.4
-0.00425693
0.4
-0.00425691
0.4
-0.0042569
0.4
-0.00425689
0.4
-0.00425688
0.4
-0.00425688
0.4
-0.00425687
0.4
-0.00425687
0.4
-0.00425687
0.4
-0.00425686
0.4
-0.00425686
0.4
-0.00425686
0.4
-0.00425686
0.4
-0.00425686
0.4
-0.00425686
0.4
-0.00425686
0.4
-0.00425686
0.4
-0.00425685
0.4
-0.00425685
0.4
-0.00425685
0.4
-0.00425685
0.4
-0.00425685
0.4
-0.00425685
0.4
-0.00425685
0.4
-0.00425684
0.4
-0.00425684
0.4
-0.00425684
0.4
-0.00425683
0.4
-0.00425682
0.4
-0.00425681
0.4
-0.00425679
0.4
-0.00425677
0.4
-0.00425675
0.4
-0.00425671
0.4
-0.00425667
0.4
-0.00425661
0.4
-0.00425654
0.4
-0.00425645
0.4
-0.00425634
0.4
-0.00425622
0.4
-0.00425607
0.4
-0.00425591
0.4
-0.00425576
0.4
-0.00425564
0.4
-0.00425561
0.4
-0.00425578
0.4
-0.00425629
0.399999
-0.00425736
0.399999
-0.00425925
0.399997
-0.00426192
0.399997
-0.00426447
0.399998
-0.00426275
0.400009
0.400031
-0.00289127
0.399579
-0.00338738
0.399674
-0.00369807
0.399799
-0.00390639
0.399856
-0.00403282
0.399912
-0.00410165
0.399953
-0.00413273
0.39998
-0.00414025
0.399997
-0.00413384
0.400006
-0.00411968
0.400012
-0.00410177
0.400014
-0.00408261
0.400015
-0.00406375
0.400014
-0.00404606
0.400013
-0.00403
0.400012
-0.00401575
0.400011
-0.00400331
0.400009
-0.00399261
0.400008
-0.00398349
0.400007
-0.00397578
0.400006
-0.00396931
0.400005
-0.00396392
0.400004
-0.00395944
0.400003
-0.00395573
0.400003
-0.00395268
0.400002
-0.00395018
0.400002
-0.00394813
0.400002
-0.00394646
0.400001
-0.00394509
0.400001
-0.00394399
0.400001
-0.00394309
0.400001
-0.00394236
0.400001
-0.00394177
0.4
-0.0039413
0.4
-0.00394092
0.4
-0.00394061
0.4
-0.00394037
0.4
-0.00394017
0.4
-0.00394001
0.4
-0.00393988
0.4
-0.00393978
0.4
-0.0039397
0.4
-0.00393964
0.4
-0.00393959
0.4
-0.00393955
0.4
-0.00393951
0.4
-0.00393949
0.4
-0.00393947
0.4
-0.00393945
0.4
-0.00393944
0.4
-0.00393943
0.4
-0.00393942
0.4
-0.00393942
0.4
-0.00393941
0.4
-0.00393941
0.4
-0.0039394
0.4
-0.0039394
0.4
-0.0039394
0.4
-0.0039394
0.4
-0.0039394
0.4
-0.0039394
0.4
-0.0039394
0.4
-0.0039394
0.4
-0.00393939
0.4
-0.00393939
0.4
-0.00393939
0.4
-0.00393939
0.4
-0.00393939
0.4
-0.00393939
0.4
-0.00393939
0.4
-0.00393939
0.4
-0.00393938
0.4
-0.00393938
0.4
-0.00393937
0.4
-0.00393937
0.4
-0.00393936
0.4
-0.00393935
0.4
-0.00393933
0.4
-0.00393931
0.4
-0.00393928
0.4
-0.00393925
0.4
-0.0039392
0.4
-0.00393914
0.4
-0.00393907
0.4
-0.00393898
0.4
-0.00393886
0.4
-0.00393872
0.4
-0.00393856
0.4
-0.00393838
0.4
-0.0039382
0.4
-0.00393804
0.4
-0.00393795
0.4
-0.00393801
0.4
-0.00393838
0.4
-0.00393925
0.399999
-0.00394084
0.399999
-0.00394295
0.399999
-0.00394431
0.399999
-0.00393947
0.400004
0.400015
-0.00179328
-0.00211931
-0.00231985
-0.00246406
-0.00255215
-0.00259894
-0.00261895
-0.00262227
-0.0026159
-0.00260422
-0.00259009
-0.00257527
-0.00256083
-0.00254738
-0.00253523
-0.00252449
-0.00251515
-0.00250713
-0.0025003
-0.00249455
-0.00248972
-0.00248571
-0.00248237
-0.00247962
-0.00247736
-0.0024755
-0.00247398
-0.00247274
-0.00247174
-0.00247092
-0.00247025
-0.00246972
-0.00246928
-0.00246893
-0.00246865
-0.00246843
-0.00246825
-0.0024681
-0.00246798
-0.00246789
-0.00246782
-0.00246776
-0.00246771
-0.00246767
-0.00246764
-0.00246762
-0.0024676
-0.00246759
-0.00246758
-0.00246757
-0.00246756
-0.00246755
-0.00246755
-0.00246755
-0.00246754
-0.00246754
-0.00246754
-0.00246754
-0.00246754
-0.00246754
-0.00246753
-0.00246753
-0.00246753
-0.00246753
-0.00246753
-0.00246753
-0.00246753
-0.00246753
-0.00246753
-0.00246753
-0.00246753
-0.00246752
-0.00246752
-0.00246752
-0.00246751
-0.00246751
-0.0024675
-0.00246749
-0.00246747
-0.00246745
-0.00246743
-0.00246739
-0.00246735
-0.00246729
-0.00246722
-0.00246714
-0.00246703
-0.00246691
-0.00246676
-0.00246661
-0.00246647
-0.00246636
-0.00246636
-0.00246654
-0.00246705
-0.00246804
-0.00246932
-0.0024699
-0.00246582
)
;

boundaryField
{
    inlet
    {
        type            calculated;
        value           nonuniform List<scalar> 
40
(
-0.00137273
-0.00211296
-0.00222107
-0.00207483
-0.00188689
-0.00170787
-0.00154614
-0.00139975
-0.00126495
-0.00113852
-0.00101816
-0.000902309
-0.000789868
-0.000680071
-0.000572345
-0.000466245
-0.000361401
-0.000257496
-0.000154244
-5.13767e-05
5.13639e-05
0.000154232
0.000257484
0.000361389
0.000466234
0.000572335
0.000680062
0.000789861
0.000902304
0.00101816
0.00113852
0.00126495
0.00139975
0.00154615
0.00170787
0.0018869
0.00207483
0.00222108
0.00211297
0.00137273
)
;
    }
    outlet
    {
        type            calculated;
        value           nonuniform List<scalar> 
40
(
0.00245125
0.00392294
0.00425364
0.00420268
0.00402312
0.00379904
0.00355836
0.0033103
0.00305793
0.00280236
0.00254403
0.00228321
0.00202014
0.00175503
0.00148814
0.0012197
0.000949996
0.000679289
0.000407862
0.000136002
-0.000136003
-0.000407863
-0.00067929
-0.000949997
-0.0012197
-0.00148814
-0.00175503
-0.00202014
-0.00228321
-0.00254403
-0.00280236
-0.00305794
-0.0033103
-0.00355836
-0.00379904
-0.00402312
-0.00420268
-0.00425364
-0.00392294
-0.00245125
)
;
    }
    lowerWall
    {
        type            calculated;
        value           nonuniform List<scalar> 
100
(
-0.4
-0.4
-0.4
-0.4
-0.4
-0.4
-0.4
-0.4
-0.4
-0.4
-0.4
-0.4
-0.4
-0.4
-0.4
-0.4
-0.4
-0.4
-0.4
-0.4
-0.4
-0.4
-0.4
-0.4
-0.4
-0.4
-0.4
-0.4
-0.4
-0.4
-0.4
-0.4
-0.4
-0.4
-0.4
-0.4
-0.4
-0.4
-0.4
-0.4
-0.4
-0.4
-0.4
-0.4
-0.4
-0.4
-0.4
-0.4
-0.4
-0.4
-0.4
-0.4
-0.4
-0.4
-0.4
-0.4
-0.4
-0.4
-0.4
-0.4
-0.4
-0.4
-0.4
-0.4
-0.4
-0.4
-0.4
-0.4
-0.4
-0.4
-0.4
-0.4
-0.4
-0.4
-0.4
-0.4
-0.4
-0.4
-0.4
-0.4
-0.4
-0.4
-0.4
-0.4
-0.4
-0.4
-0.4
-0.4
-0.4
-0.4
-0.4
-0.4
-0.4
-0.4
-0.4
-0.4
-0.4
-0.4
-0.4
-0.4
)
;
    }
    upperWall
    {
        type            calculated;
        value           nonuniform List<scalar> 
100
(
0.4
0.4
0.4
0.4
0.4
0.4
0.4
0.4
0.4
0.4
0.4
0.4
0.4
0.4
0.4
0.4
0.4
0.4
0.4
0.4
0.4
0.4
0.4
0.4
0.4
0.4
0.4
0.4
0.4
0.4
0.4
0.4
0.4
0.4
0.4
0.4
0.4
0.4
0.4
0.4
0.4
0.4
0.4
0.4
0.4
0.4
0.4
0.4
0.4
0.4
0.4
0.4
0.4
0.4
0.4
0.4
0.4
0.4
0.4
0.4
0.4
0.4
0.4
0.4
0.4
0.4
0.4
0.4
0.4
0.4
0.4
0.4
0.4
0.4
0.4
0.4
0.4
0.4
0.4
0.4
0.4
0.4
0.4
0.4
0.4
0.4
0.4
0.4
0.4
0.4
0.4
0.4
0.4
0.4
0.4
0.4
0.4
0.4
0.4
0.4
)
;
    }
    frontAndBack
    {
        type            empty;
        value           nonuniform 0();
    }
}


// ************************************************************************* //
