/*--------------------------------*- C++ -*----------------------------------*\
| =========                 |                                                 |
| \\      /  F ield         | OpenFOAM: The Open Source CFD Toolbox           |
|  \\    /   O peration     | Version:  v1906                                 |
|   \\  /    A nd           | Web:      www.OpenFOAM.com                      |
|    \\/     M anipulation  |                                                 |
\*---------------------------------------------------------------------------*/
FoamFile
{
    version     2.0;
    format      ascii;
    class       volVectorField;
    location    "2";
    object      U;
}
// * * * * * * * * * * * * * * * * * * * * * * * * * * * * * * * * * * * * * //

dimensions      [0 1 -1 0 0 0 0];


internalField   nonuniform List<vector> 
4000
(
(0.537561 0.0563969 0)
(0.552167 0.00359831 0)
(0.517052 -0.0017642 0)
(0.522873 -0.00200129 0)
(0.521061 -0.00213082 0)
(0.521994 -0.00203769 0)
(0.521388 -0.00204478 0)
(0.521238 -0.0020349 0)
(0.520894 -0.00204434 0)
(0.520686 -0.00204823 0)
(0.520481 -0.002054 0)
(0.520326 -0.00205772 0)
(0.520191 -0.0020611 0)
(0.520082 -0.00206365 0)
(0.51999 -0.00206572 0)
(0.519913 -0.00206735 0)
(0.519848 -0.00206866 0)
(0.519792 -0.00206973 0)
(0.519745 -0.00207061 0)
(0.519705 -0.00207131 0)
(0.51967 -0.0020719 0)
(0.519641 -0.00207242 0)
(0.519616 -0.00207281 0)
(0.519594 -0.00207317 0)
(0.519576 -0.00207346 0)
(0.51956 -0.00207373 0)
(0.519547 -0.00207395 0)
(0.519536 -0.00207414 0)
(0.519526 -0.00207429 0)
(0.519518 -0.00207442 0)
(0.519512 -0.00207451 0)
(0.519506 -0.00207462 0)
(0.519502 -0.0020747 0)
(0.519498 -0.00207478 0)
(0.519495 -0.00207483 0)
(0.519492 -0.00207488 0)
(0.51949 -0.00207492 0)
(0.519488 -0.00207494 0)
(0.519487 -0.00207497 0)
(0.519486 -0.00207499 0)
(0.519485 -0.00207499 0)
(0.519484 -0.00207503 0)
(0.519483 -0.00207503 0)
(0.519483 -0.00207505 0)
(0.519482 -0.00207505 0)
(0.519482 -0.00207506 0)
(0.519482 -0.00207507 0)
(0.519481 -0.00207507 0)
(0.519481 -0.00207507 0)
(0.519481 -0.00207508 0)
(0.519481 -0.00207508 0)
(0.519481 -0.00207509 0)
(0.519481 -0.00207508 0)
(0.519481 -0.00207509 0)
(0.519481 -0.00207508 0)
(0.519481 -0.00207509 0)
(0.519481 -0.00207509 0)
(0.519481 -0.00207509 0)
(0.519481 -0.00207509 0)
(0.519481 -0.00207509 0)
(0.519481 -0.00207508 0)
(0.519481 -0.00207509 0)
(0.519481 -0.00207509 0)
(0.519481 -0.00207509 0)
(0.519481 -0.00207509 0)
(0.519481 -0.00207509 0)
(0.519481 -0.00207509 0)
(0.519481 -0.00207509 0)
(0.519481 -0.00207509 0)
(0.519481 -0.00207509 0)
(0.519481 -0.00207509 0)
(0.519481 -0.0020751 0)
(0.519481 -0.00207509 0)
(0.519481 -0.00207509 0)
(0.519481 -0.00207509 0)
(0.519481 -0.00207509 0)
(0.519481 -0.00207509 0)
(0.519481 -0.00207509 0)
(0.51948 -0.00207508 0)
(0.51948 -0.00207508 0)
(0.51948 -0.00207507 0)
(0.51948 -0.00207507 0)
(0.51948 -0.00207506 0)
(0.51948 -0.00207505 0)
(0.519479 -0.00207503 0)
(0.519479 -0.00207501 0)
(0.519478 -0.00207497 0)
(0.519477 -0.00207493 0)
(0.519475 -0.00207485 0)
(0.519472 -0.00207476 0)
(0.519469 -0.00207464 0)
(0.519464 -0.0020745 0)
(0.519458 -0.00207436 0)
(0.51945 -0.00207435 0)
(0.519443 -0.00207464 0)
(0.519436 -0.00207528 0)
(0.519442 -0.00207439 0)
(0.51936 -0.00206119 0)
(0.519228 -0.0020212 0)
(0.518638 -0.00215161 0)
(0.864907 0.128454 0)
(0.911545 0.0160066 0)
(0.861938 0.000986681 0)
(0.871323 -7.16016e-05 0)
(0.867939 -0.000506091 0)
(0.869527 -0.000191171 0)
(0.868569 -0.00020229 0)
(0.868401 -0.000164277 0)
(0.867889 -0.000193936 0)
(0.867593 -0.000206642 0)
(0.867289 -0.000226115 0)
(0.867063 -0.000239061 0)
(0.866865 -0.000251073 0)
(0.866705 -0.000260364 0)
(0.866569 -0.000267511 0)
(0.866455 -0.000273229 0)
(0.866358 -0.000277952 0)
(0.866276 -0.000281815 0)
(0.866206 -0.000285114 0)
(0.866146 -0.000287828 0)
(0.866094 -0.000290112 0)
(0.86605 -0.000292161 0)
(0.866012 -0.000293817 0)
(0.865979 -0.000295296 0)
(0.865951 -0.000296575 0)
(0.865927 -0.000297685 0)
(0.865907 -0.000298636 0)
(0.86589 -0.000299431 0)
(0.865875 -0.000300131 0)
(0.865862 -0.000300713 0)
(0.865852 -0.000301159 0)
(0.865843 -0.000301669 0)
(0.865836 -0.000302022 0)
(0.86583 -0.00030236 0)
(0.865825 -0.000302601 0)
(0.86582 -0.000302826 0)
(0.865817 -0.000303008 0)
(0.865814 -0.000303122 0)
(0.865811 -0.000303265 0)
(0.86581 -0.000303387 0)
(0.865808 -0.00030341 0)
(0.865807 -0.000303546 0)
(0.865806 -0.00030358 0)
(0.865805 -0.000303643 0)
(0.865804 -0.000303662 0)
(0.865803 -0.000303699 0)
(0.865803 -0.000303726 0)
(0.865803 -0.000303747 0)
(0.865802 -0.000303759 0)
(0.865802 -0.000303793 0)
(0.865802 -0.000303775 0)
(0.865802 -0.000303828 0)
(0.865802 -0.000303803 0)
(0.865802 -0.000303821 0)
(0.865802 -0.000303811 0)
(0.865802 -0.000303819 0)
(0.865801 -0.000303819 0)
(0.865801 -0.000303832 0)
(0.865801 -0.000303814 0)
(0.865801 -0.000303839 0)
(0.865801 -0.000303812 0)
(0.865801 -0.000303841 0)
(0.865801 -0.000303825 0)
(0.865801 -0.000303839 0)
(0.865801 -0.000303829 0)
(0.865801 -0.000303834 0)
(0.865801 -0.000303827 0)
(0.865801 -0.000303848 0)
(0.865801 -0.000303827 0)
(0.865801 -0.000303845 0)
(0.865801 -0.000303824 0)
(0.865801 -0.000303844 0)
(0.865801 -0.000303828 0)
(0.865801 -0.000303833 0)
(0.865801 -0.000303829 0)
(0.865801 -0.000303837 0)
(0.865801 -0.000303824 0)
(0.865801 -0.000303836 0)
(0.865801 -0.000303811 0)
(0.865801 -0.000303812 0)
(0.8658 -0.000303784 0)
(0.8658 -0.000303777 0)
(0.8658 -0.00030374 0)
(0.865799 -0.000303702 0)
(0.865799 -0.000303634 0)
(0.865798 -0.000303552 0)
(0.865797 -0.000303418 0)
(0.865795 -0.000303253 0)
(0.865792 -0.000302991 0)
(0.865788 -0.000302657 0)
(0.865783 -0.000302191 0)
(0.865776 -0.000301646 0)
(0.865767 -0.000301024 0)
(0.865754 -0.000300677 0)
(0.865742 -0.000300891 0)
(0.865724 -0.000301459 0)
(0.865718 -0.000293347 0)
(0.865546 -0.000239586 0)
(0.865253 -7.34848e-05 0)
(0.863186 -0.000219218 0)
(0.960309 0.135907 0)
(1.02532 0.0244351 0)
(0.976303 0.00334357 0)
(0.987386 0.000823695 0)
(0.983077 0.000101804 0)
(0.984979 0.000606843 0)
(0.983906 0.00061284 0)
(0.983811 0.000676976 0)
(0.983288 0.00062892 0)
(0.983012 0.000605096 0)
(0.98271 0.000570748 0)
(0.982491 0.000547153 0)
(0.982297 0.000525654 0)
(0.982141 0.000508956 0)
(0.982008 0.000495794 0)
(0.981897 0.000485269 0)
(0.981802 0.000476539 0)
(0.981721 0.000469413 0)
(0.981652 0.000463369 0)
(0.981593 0.000458309 0)
(0.981541 0.000454054 0)
(0.981497 0.000450289 0)
(0.981459 0.000447166 0)
(0.981426 0.000444379 0)
(0.981398 0.000441983 0)
(0.981374 0.000439899 0)
(0.981353 0.000438098 0)
(0.981335 0.000436618 0)
(0.98132 0.000435278 0)
(0.981307 0.000434132 0)
(0.981296 0.000433238 0)
(0.981287 0.000432275 0)
(0.981279 0.000431587 0)
(0.981273 0.000430926 0)
(0.981267 0.000430453 0)
(0.981263 0.000430036 0)
(0.981259 0.000429649 0)
(0.981256 0.000429407 0)
(0.981253 0.000429144 0)
(0.981251 0.00042889 0)
(0.981249 0.000428808 0)
(0.981248 0.00042857 0)
(0.981246 0.000428491 0)
(0.981245 0.000428365 0)
(0.981245 0.000428315 0)
(0.981244 0.000428255 0)
(0.981243 0.000428188 0)
(0.981243 0.000428155 0)
(0.981243 0.000428127 0)
(0.981242 0.000428053 0)
(0.981242 0.000428084 0)
(0.981242 0.000428005 0)
(0.981242 0.000428039 0)
(0.981242 0.000428007 0)
(0.981242 0.000428013 0)
(0.981242 0.000428007 0)
(0.981242 0.000428007 0)
(0.981242 0.000427986 0)
(0.981241 0.000428013 0)
(0.981241 0.000427966 0)
(0.981241 0.000428005 0)
(0.981241 0.00042796 0)
(0.981241 0.000427986 0)
(0.981241 0.000427969 0)
(0.981241 0.000427977 0)
(0.981241 0.000427968 0)
(0.981241 0.00042798 0)
(0.981241 0.000427953 0)
(0.981241 0.000427984 0)
(0.981241 0.000427955 0)
(0.981241 0.000427991 0)
(0.981241 0.000427964 0)
(0.981241 0.000427984 0)
(0.981241 0.000427974 0)
(0.981241 0.00042798 0)
(0.981241 0.000427969 0)
(0.981241 0.000427988 0)
(0.981241 0.000427974 0)
(0.981241 0.000428012 0)
(0.981241 0.000428012 0)
(0.981241 0.000428061 0)
(0.98124 0.000428082 0)
(0.98124 0.000428151 0)
(0.981239 0.000428228 0)
(0.981239 0.000428357 0)
(0.981238 0.00042852 0)
(0.981237 0.000428774 0)
(0.981235 0.0004291 0)
(0.981232 0.000429597 0)
(0.981228 0.000430242 0)
(0.981223 0.000431142 0)
(0.981216 0.000432226 0)
(0.981206 0.000433539 0)
(0.981193 0.000434526 0)
(0.981179 0.000435192 0)
(0.981152 0.000436338 0)
(0.981132 0.000458763 0)
(0.980909 0.000569022 0)
(0.980542 0.000943032 0)
(0.977594 0.00117797 0)
(0.984961 0.123299 0)
(1.05948 0.0286619 0)
(1.01374 0.00469198 0)
(1.02589 0.000699803 0)
(1.02098 -0.000186491 0)
(1.02309 0.000441373 0)
(1.02198 0.000479764 0)
(1.02198 0.000562278 0)
(1.0215 0.000500671 0)
(1.02128 0.000465598 0)
(1.02101 0.000417766 0)
(1.02082 0.000383736 0)
(1.02065 0.000353029 0)
(1.02052 0.000328812 0)
(1.0204 0.000309866 0)
(1.02031 0.000294981 0)
(1.02022 0.00028267 0)
(1.02015 0.000272634 0)
(1.02009 0.000264132 0)
(1.02004 0.000256984 0)
(1.01999 0.000250977 0)
(1.01996 0.000245676 0)
(1.01992 0.000241218 0)
(1.01989 0.000237242 0)
(1.01987 0.00023384 0)
(1.01985 0.000230863 0)
(1.01983 0.000228258 0)
(1.01981 0.00022611 0)
(1.0198 0.000224183 0)
(1.01978 0.000222519 0)
(1.01977 0.000221201 0)
(1.01977 0.000219824 0)
(1.01976 0.000218829 0)
(1.01975 0.000217877 0)
(1.01975 0.000217173 0)
(1.01974 0.000216563 0)
(1.01974 0.000215979 0)
(1.01974 0.000215614 0)
(1.01973 0.000215237 0)
(1.01973 0.000214859 0)
(1.01973 0.000214708 0)
(1.01973 0.000214377 0)
(1.01973 0.000214252 0)
(1.01973 0.000214067 0)
(1.01972 0.000213985 0)
(1.01972 0.000213902 0)
(1.01972 0.000213794 0)
(1.01972 0.00021374 0)
(1.01972 0.000213694 0)
(1.01972 0.000213587 0)
(1.01972 0.000213628 0)
(1.01972 0.000213529 0)
(1.01972 0.000213569 0)
(1.01972 0.000213528 0)
(1.01972 0.000213529 0)
(1.01972 0.000213523 0)
(1.01972 0.000213521 0)
(1.01972 0.000213493 0)
(1.01972 0.000213522 0)
(1.01972 0.000213457 0)
(1.01972 0.000213503 0)
(1.01972 0.000213448 0)
(1.01972 0.000213481 0)
(1.01972 0.000213462 0)
(1.01972 0.000213468 0)
(1.01972 0.000213457 0)
(1.01972 0.000213473 0)
(1.01972 0.00021344 0)
(1.01972 0.000213481 0)
(1.01972 0.000213445 0)
(1.01972 0.000213491 0)
(1.01972 0.00021346 0)
(1.01972 0.000213481 0)
(1.01972 0.000213467 0)
(1.01972 0.000213474 0)
(1.01972 0.000213461 0)
(1.01972 0.000213486 0)
(1.01972 0.000213472 0)
(1.01972 0.000213521 0)
(1.01972 0.000213522 0)
(1.01972 0.000213591 0)
(1.01972 0.000213627 0)
(1.01972 0.000213725 0)
(1.01972 0.000213842 0)
(1.01972 0.00021403 0)
(1.01972 0.000214272 0)
(1.01972 0.000214641 0)
(1.01972 0.000215119 0)
(1.01971 0.00021584 0)
(1.01971 0.000216782 0)
(1.0197 0.000218101 0)
(1.0197 0.000219726 0)
(1.01969 0.000221798 0)
(1.01968 0.000223661 0)
(1.01966 0.000226071 0)
(1.01963 0.000230485 0)
(1.0196 0.000271489 0)
(1.01935 0.000444048 0)
(1.01899 0.00104957 0)
(1.01589 0.00176922 0)
(0.988569 0.10998 0)
(1.06794 0.0309694 0)
(1.02559 0.00569771 0)
(1.03849 0.000547024 0)
(1.03316 -0.000408412 0)
(1.03544 0.000296203 0)
(1.03431 0.000368513 0)
(1.03442 0.000462357 0)
(1.03399 0.000391584 0)
(1.03383 0.000347173 0)
(1.03361 0.000289081 0)
(1.03346 0.000246934 0)
(1.03332 0.000209315 0)
(1.03321 0.000179569 0)
(1.03312 0.000156104 0)
(1.03304 0.000137596 0)
(1.03297 0.000122285 0)
(1.03291 0.000109781 0)
(1.03286 9.91957e-05 0)
(1.03282 9.02586e-05 0)
(1.03278 8.27065e-05 0)
(1.03275 7.6032e-05 0)
(1.03272 7.03685e-05 0)
(1.0327 6.52881e-05 0)
(1.03268 6.09142e-05 0)
(1.03266 5.70276e-05 0)
(1.03264 5.35384e-05 0)
(1.03263 5.06199e-05 0)
(1.03261 4.81755e-05 0)
(1.0326 4.60625e-05 0)
(1.0326 4.43844e-05 0)
(1.03259 4.26627e-05 0)
(1.03258 4.14077e-05 0)
(1.03258 4.01946e-05 0)
(1.03257 3.92727e-05 0)
(1.03257 3.84898e-05 0)
(1.03256 3.77344e-05 0)
(1.03256 3.72513e-05 0)
(1.03256 3.67753e-05 0)
(1.03256 3.62852e-05 0)
(1.03256 3.60653e-05 0)
(1.03255 3.56474e-05 0)
(1.03255 3.54751e-05 0)
(1.03255 3.52381e-05 0)
(1.03255 3.51259e-05 0)
(1.03255 3.50205e-05 0)
(1.03255 3.4871e-05 0)
(1.03255 3.47927e-05 0)
(1.03255 3.47361e-05 0)
(1.03255 3.46013e-05 0)
(1.03255 3.46514e-05 0)
(1.03255 3.45344e-05 0)
(1.03255 3.45762e-05 0)
(1.03255 3.45274e-05 0)
(1.03255 3.45243e-05 0)
(1.03255 3.45195e-05 0)
(1.03255 3.45161e-05 0)
(1.03255 3.44788e-05 0)
(1.03255 3.45104e-05 0)
(1.03255 3.44293e-05 0)
(1.03255 3.4483e-05 0)
(1.03255 3.44184e-05 0)
(1.03255 3.44535e-05 0)
(1.03255 3.44343e-05 0)
(1.03255 3.44398e-05 0)
(1.03255 3.44272e-05 0)
(1.03255 3.44463e-05 0)
(1.03255 3.44078e-05 0)
(1.03255 3.44577e-05 0)
(1.03255 3.4416e-05 0)
(1.03255 3.44724e-05 0)
(1.03255 3.44366e-05 0)
(1.03255 3.44587e-05 0)
(1.03255 3.44413e-05 0)
(1.03255 3.44492e-05 0)
(1.03255 3.44346e-05 0)
(1.03255 3.44646e-05 0)
(1.03255 3.44478e-05 0)
(1.03255 3.45063e-05 0)
(1.03255 3.45091e-05 0)
(1.03255 3.45932e-05 0)
(1.03255 3.46437e-05 0)
(1.03255 3.47679e-05 0)
(1.03255 3.49194e-05 0)
(1.03255 3.51598e-05 0)
(1.03255 3.54692e-05 0)
(1.03254 3.59396e-05 0)
(1.03254 3.65472e-05 0)
(1.03254 3.7457e-05 0)
(1.03254 3.86506e-05 0)
(1.03253 4.03324e-05 0)
(1.03253 4.24435e-05 0)
(1.03252 4.52679e-05 0)
(1.03251 4.8166e-05 0)
(1.03249 5.31869e-05 0)
(1.03246 6.22919e-05 0)
(1.03242 0.000123538 0)
(1.03218 0.00034916 0)
(1.03186 0.00116812 0)
(1.02902 0.00229697 0)
(0.986395 0.0983027 0)
(1.06822 0.0321957 0)
(1.02897 0.00652303 0)
(1.04243 0.000501969 0)
(1.0368 -0.000473121 0)
(1.03922 0.000275949 0)
(1.03809 0.000379677 0)
(1.0383 0.000479346 0)
(1.03792 0.00040362 0)
(1.03782 0.00035271 0)
(1.03764 0.000288328 0)
(1.03753 0.000241281 0)
(1.03743 0.000199986 0)
(1.03734 0.00016765 0)
(1.03727 0.000141154 0)
(1.03721 0.000119906 0)
(1.03716 0.000102314 0)
(1.03712 8.79485e-05 0)
(1.03708 7.58048e-05 0)
(1.03704 6.55372e-05 0)
(1.03701 5.68415e-05 0)
(1.03699 4.91798e-05 0)
(1.03697 4.26766e-05 0)
(1.03695 3.68367e-05 0)
(1.03693 3.18138e-05 0)
(1.03691 2.73371e-05 0)
(1.0369 2.32892e-05 0)
(1.03689 1.99118e-05 0)
(1.03688 1.70663e-05 0)
(1.03687 1.45816e-05 0)
(1.03686 1.26015e-05 0)
(1.03686 1.05962e-05 0)
(1.03685 9.11681e-06 0)
(1.03685 7.67523e-06 0)
(1.03684 6.55412e-06 0)
(1.03684 5.61832e-06 0)
(1.03684 4.70683e-06 0)
(1.03684 4.10658e-06 0)
(1.03683 3.53119e-06 0)
(1.03683 2.92607e-06 0)
(1.03683 2.62631e-06 0)
(1.03683 2.11567e-06 0)
(1.03683 1.88562e-06 0)
(1.03683 1.59931e-06 0)
(1.03683 1.45686e-06 0)
(1.03683 1.33087e-06 0)
(1.03683 1.14339e-06 0)
(1.03683 1.0412e-06 0)
(1.03682 9.78089e-07 0)
(1.03682 8.20527e-07 0)
(1.03682 8.75243e-07 0)
(1.03682 7.45777e-07 0)
(1.03682 7.86767e-07 0)
(1.03682 7.3428e-07 0)
(1.03682 7.26032e-07 0)
(1.03682 7.21605e-07 0)
(1.03682 7.16534e-07 0)
(1.03682 6.71224e-07 0)
(1.03682 7.05054e-07 0)
(1.03682 6.1089e-07 0)
(1.03682 6.68487e-07 0)
(1.03682 5.96673e-07 0)
(1.03682 6.31862e-07 0)
(1.03682 6.12832e-07 0)
(1.03682 6.17933e-07 0)
(1.03682 6.04011e-07 0)
(1.03682 6.25126e-07 0)
(1.03682 5.82498e-07 0)
(1.03682 6.39814e-07 0)
(1.03682 5.9492e-07 0)
(1.03682 6.58081e-07 0)
(1.03682 6.20674e-07 0)
(1.03682 6.42606e-07 0)
(1.03682 6.23188e-07 0)
(1.03682 6.31201e-07 0)
(1.03682 6.15795e-07 0)
(1.03682 6.49783e-07 0)
(1.03682 6.30984e-07 0)
(1.03682 6.96301e-07 0)
(1.03682 7.00254e-07 0)
(1.03682 7.96469e-07 0)
(1.03682 8.60134e-07 0)
(1.03682 1.00527e-06 0)
(1.03682 1.18568e-06 0)
(1.03682 1.46831e-06 0)
(1.03682 1.83632e-06 0)
(1.03682 2.41991e-06 0)
(1.03682 3.16393e-06 0)
(1.03682 4.25162e-06 0)
(1.03682 5.6705e-06 0)
(1.03681 7.6691e-06 0)
(1.03681 1.02182e-05 0)
(1.0368 1.37756e-05 0)
(1.03679 1.77884e-05 0)
(1.03678 2.54962e-05 0)
(1.03674 3.93012e-05 0)
(1.0367 0.000119282 0)
(1.03647 0.000383836 0)
(1.03621 0.00139848 0)
(1.03382 0.00284677 0)
(0.983101 0.0876986 0)
(1.0661 0.0325087 0)
(1.02959 0.00711459 0)
(1.04347 0.000478638 0)
(1.03762 -0.000485824 0)
(1.04015 0.00028156 0)
(1.03903 0.000415192 0)
(1.03933 0.000518619 0)
(1.03901 0.00044019 0)
(1.03897 0.000384229 0)
(1.03883 0.000314927 0)
(1.03876 0.000263638 0)
(1.03869 0.000218843 0)
(1.03863 0.000183718 0)
(1.03858 0.000154896 0)
(1.03854 0.000131744 0)
(1.0385 0.000112579 0)
(1.03847 9.69549e-05 0)
(1.03844 8.37739e-05 0)
(1.03842 7.2638e-05 0)
(1.03839 6.3217e-05 0)
(1.03838 5.49667e-05 0)
(1.03836 4.79957e-05 0)
(1.03834 4.17425e-05 0)
(1.03833 3.64002e-05 0)
(1.03832 3.16761e-05 0)
(1.03831 2.7428e-05 0)
(1.0383 2.39308e-05 0)
(1.03829 2.08027e-05 0)
(1.03829 1.80261e-05 0)
(1.03828 1.58043e-05 0)
(1.03828 1.35765e-05 0)
(1.03827 1.19133e-05 0)
(1.03827 1.02848e-05 0)
(1.03827 8.99556e-06 0)
(1.03826 7.93461e-06 0)
(1.03826 6.88768e-06 0)
(1.03826 6.17657e-06 0)
(1.03826 5.50854e-06 0)
(1.03826 4.79858e-06 0)
(1.03825 4.41848e-06 0)
(1.03825 3.82486e-06 0)
(1.03825 3.5574e-06 0)
(1.03825 3.23322e-06 0)
(1.03825 3.05891e-06 0)
(1.03825 2.91588e-06 0)
(1.03825 2.69623e-06 0)
(1.03825 2.57093e-06 0)
(1.03825 2.5043e-06 0)
(1.03825 2.32941e-06 0)
(1.03825 2.38527e-06 0)
(1.03825 2.2484e-06 0)
(1.03825 2.28573e-06 0)
(1.03825 2.23228e-06 0)
(1.03825 2.21966e-06 0)
(1.03825 2.2169e-06 0)
(1.03825 2.21069e-06 0)
(1.03825 2.15801e-06 0)
(1.03825 2.19255e-06 0)
(1.03825 2.08797e-06 0)
(1.03825 2.14653e-06 0)
(1.03825 2.06989e-06 0)
(1.03825 2.10287e-06 0)
(1.03825 2.08506e-06 0)
(1.03825 2.08915e-06 0)
(1.03825 2.07378e-06 0)
(1.03825 2.09566e-06 0)
(1.03825 2.0501e-06 0)
(1.03825 2.11363e-06 0)
(1.03825 2.06839e-06 0)
(1.03825 2.13608e-06 0)
(1.03825 2.09852e-06 0)
(1.03825 2.11932e-06 0)
(1.03825 2.09924e-06 0)
(1.03825 2.1073e-06 0)
(1.03825 2.09158e-06 0)
(1.03825 2.12819e-06 0)
(1.03825 2.10716e-06 0)
(1.03825 2.17678e-06 0)
(1.03825 2.18258e-06 0)
(1.03825 2.28765e-06 0)
(1.03825 2.36244e-06 0)
(1.03825 2.52235e-06 0)
(1.03825 2.72552e-06 0)
(1.03825 3.04069e-06 0)
(1.03825 3.45492e-06 0)
(1.03825 4.11516e-06 0)
(1.03825 4.99087e-06 0)
(1.03824 6.23845e-06 0)
(1.03824 7.85102e-06 0)
(1.03824 1.01175e-05 0)
(1.03824 1.30495e-05 0)
(1.03823 1.72935e-05 0)
(1.03822 2.24251e-05 0)
(1.03821 3.26244e-05 0)
(1.03818 5.06417e-05 0)
(1.03814 0.000147026 0)
(1.03794 0.000446081 0)
(1.03774 0.00162564 0)
(1.03587 0.00331287 0)
(0.980017 0.0779936 0)
(1.06349 0.0320558 0)
(1.02937 0.00745894 0)
(1.04355 0.000443323 0)
(1.03755 -0.000489764 0)
(1.04016 0.000277431 0)
(1.03904 0.000437634 0)
(1.03943 0.000542643 0)
(1.03916 0.00046379 0)
(1.03918 0.000404545 0)
(1.03908 0.000332235 0)
(1.03905 0.000278043 0)
(1.039 0.000230797 0)
(1.03897 0.000193618 0)
(1.03894 0.00016326 0)
(1.03891 0.000138884 0)
(1.03889 0.0001187 0)
(1.03887 0.000102263 0)
(1.03885 8.83956e-05 0)
(1.03884 7.66753e-05 0)
(1.03882 6.67567e-05 0)
(1.03881 5.80848e-05 0)
(1.0388 5.07618e-05 0)
(1.03879 4.41627e-05 0)
(1.03878 3.85268e-05 0)
(1.03877 3.35581e-05 0)
(1.03877 2.90691e-05 0)
(1.03876 2.53808e-05 0)
(1.03876 2.20542e-05 0)
(1.03875 1.90721e-05 0)
(1.03875 1.66801e-05 0)
(1.03874 1.43036e-05 0)
(1.03874 1.25157e-05 0)
(1.03874 1.07627e-05 0)
(1.03874 9.36049e-06 0)
(1.03873 8.22323e-06 0)
(1.03873 7.09139e-06 0)
(1.03873 6.30575e-06 0)
(1.03873 5.59115e-06 0)
(1.03873 4.8305e-06 0)
(1.03873 4.4092e-06 0)
(1.03873 3.78388e-06 0)
(1.03873 3.49371e-06 0)
(1.03873 3.13056e-06 0)
(1.03873 2.91025e-06 0)
(1.03873 2.75326e-06 0)
(1.03872 2.50837e-06 0)
(1.03872 2.36023e-06 0)
(1.03872 2.29267e-06 0)
(1.03872 2.10377e-06 0)
(1.03872 2.15846e-06 0)
(1.03872 2.01663e-06 0)
(1.03872 2.04791e-06 0)
(1.03872 1.99538e-06 0)
(1.03872 1.98013e-06 0)
(1.03872 1.97949e-06 0)
(1.03872 1.97239e-06 0)
(1.03872 1.91179e-06 0)
(1.03872 1.94604e-06 0)
(1.03872 1.83366e-06 0)
(1.03872 1.89156e-06 0)
(1.03872 1.81235e-06 0)
(1.03872 1.8421e-06 0)
(1.03872 1.82612e-06 0)
(1.03872 1.82907e-06 0)
(1.03872 1.81178e-06 0)
(1.03872 1.83406e-06 0)
(1.03872 1.78686e-06 0)
(1.03872 1.85598e-06 0)
(1.03872 1.8121e-06 0)
(1.03872 1.88233e-06 0)
(1.03872 1.84517e-06 0)
(1.03872 1.86441e-06 0)
(1.03872 1.84464e-06 0)
(1.03872 1.85274e-06 0)
(1.03872 1.83637e-06 0)
(1.03872 1.87423e-06 0)
(1.03872 1.85065e-06 0)
(1.03872 1.92272e-06 0)
(1.03872 1.93051e-06 0)
(1.03872 2.0411e-06 0)
(1.03872 2.12478e-06 0)
(1.03872 2.29642e-06 0)
(1.03872 2.5176e-06 0)
(1.03872 2.85773e-06 0)
(1.03872 3.32432e-06 0)
(1.03872 4.0219e-06 0)
(1.03872 4.94816e-06 0)
(1.03872 6.27194e-06 0)
(1.03872 7.9952e-06 0)
(1.03872 1.04396e-05 0)
(1.03872 1.36627e-05 0)
(1.03871 1.84958e-05 0)
(1.0387 2.46817e-05 0)
(1.03869 3.74972e-05 0)
(1.03867 5.98062e-05 0)
(1.03863 0.000170597 0)
(1.03847 0.000495984 0)
(1.03834 0.00179842 0)
(1.03701 0.00365049 0)
(0.977433 0.0691528 0)
(1.06097 0.0309981 0)
(1.02893 0.00758119 0)
(1.04334 0.000399245 0)
(1.03721 -0.000488683 0)
(1.03989 0.000263955 0)
(1.03878 0.000445859 0)
(1.03924 0.000550306 0)
(1.03901 0.000473097 0)
(1.03908 0.000412409 0)
(1.03903 0.000339178 0)
(1.03902 0.000283716 0)
(1.039 0.000235455 0)
(1.03899 0.000197365 0)
(1.03898 0.000166326 0)
(1.03897 0.000141391 0)
(1.03896 0.000120737 0)
(1.03896 0.00010394 0)
(1.03895 8.97548e-05 0)
(1.03894 7.77609e-05 0)
(1.03894 6.76069e-05 0)
(1.03893 5.87183e-05 0)
(1.03892 5.12109e-05 0)
(1.03892 4.44084e-05 0)
(1.03892 3.85947e-05 0)
(1.03891 3.34858e-05 0)
(1.03891 2.88361e-05 0)
(1.03891 2.50071e-05 0)
(1.0389 2.15721e-05 0)
(1.0389 1.84684e-05 0)
(1.0389 1.59775e-05 0)
(1.0389 1.3523e-05 0)
(1.03889 1.16703e-05 0)
(1.03889 9.85377e-06 0)
(1.03889 8.39048e-06 0)
(1.03889 7.22006e-06 0)
(1.03889 6.04841e-06 0)
(1.03889 5.22196e-06 0)
(1.03889 4.5008e-06 0)
(1.03889 3.73422e-06 0)
(1.03888 3.30552e-06 0)
(1.03888 2.68444e-06 0)
(1.03888 2.37687e-06 0)
(1.03888 1.99205e-06 0)
(1.03888 1.74446e-06 0)
(1.03888 1.57774e-06 0)
(1.03888 1.31396e-06 0)
(1.03888 1.14239e-06 0)
(1.03888 1.07449e-06 0)
(1.03888 8.71397e-07 0)
(1.03888 9.22185e-07 0)
(1.03888 7.71749e-07 0)
(1.03888 7.95562e-07 0)
(1.03888 7.45217e-07 0)
(1.03888 7.29083e-07 0)
(1.03888 7.29384e-07 0)
(1.03888 7.21292e-07 0)
(1.03888 6.5161e-07 0)
(1.03888 6.86077e-07 0)
(1.03888 5.68255e-07 0)
(1.03888 6.25214e-07 0)
(1.03888 5.44854e-07 0)
(1.03888 5.71832e-07 0)
(1.03888 5.57773e-07 0)
(1.03888 5.60041e-07 0)
(1.03888 5.40217e-07 0)
(1.03888 5.63498e-07 0)
(1.03888 5.15612e-07 0)
(1.03888 5.90055e-07 0)
(1.03888 5.47683e-07 0)
(1.03888 6.18786e-07 0)
(1.03888 5.81722e-07 0)
(1.03888 5.99484e-07 0)
(1.03888 5.80221e-07 0)
(1.03888 5.88399e-07 0)
(1.03888 5.70143e-07 0)
(1.03888 6.08536e-07 0)
(1.03888 5.82078e-07 0)
(1.03888 6.55671e-07 0)
(1.03888 6.64715e-07 0)
(1.03888 7.77571e-07 0)
(1.03888 8.74131e-07 0)
(1.03888 1.05963e-06 0)
(1.03888 1.29734e-06 0)
(1.03888 1.656e-06 0)
(1.03888 2.14326e-06 0)
(1.03888 2.85472e-06 0)
(1.03888 3.76493e-06 0)
(1.03888 5.09384e-06 0)
(1.03888 6.85386e-06 0)
(1.03888 9.39161e-06 0)
(1.03888 1.28112e-05 0)
(1.03887 1.81121e-05 0)
(1.03887 2.52167e-05 0)
(1.03886 4.04081e-05 0)
(1.03884 6.64987e-05 0)
(1.03881 0.000188497 0)
(1.03869 0.00053027 0)
(1.03863 0.00191142 0)
(1.03784 0.00385964 0)
(0.975339 0.0610794 0)
(1.0587 0.0294626 0)
(1.02847 0.00751012 0)
(1.04304 0.00035283 0)
(1.03682 -0.000480933 0)
(1.03954 0.000244976 0)
(1.03844 0.000442737 0)
(1.03896 0.000544755 0)
(1.03878 0.000470848 0)
(1.0389 0.000410385 0)
(1.03888 0.000338094 0)
(1.03891 0.000282853 0)
(1.03891 0.000234873 0)
(1.03892 0.000196897 0)
(1.03893 0.000165966 0)
(1.03893 0.000141107 0)
(1.03894 0.000120509 0)
(1.03894 0.000103782 0)
(1.03894 8.96397e-05 0)
(1.03894 7.76788e-05 0)
(1.03894 6.7553e-05 0)
(1.03894 5.86606e-05 0)
(1.03894 5.11573e-05 0)
(1.03894 4.43297e-05 0)
(1.03894 3.8491e-05 0)
(1.03894 3.3383e-05 0)
(1.03894 2.87002e-05 0)
(1.03894 2.48302e-05 0)
(1.03894 2.13721e-05 0)
(1.03894 1.82236e-05 0)
(1.03894 1.56972e-05 0)
(1.03894 1.32229e-05 0)
(1.03894 1.13541e-05 0)
(1.03894 9.51911e-06 0)
(1.03894 8.02769e-06 0)
(1.03894 6.8476e-06 0)
(1.03894 5.65694e-06 0)
(1.03894 4.80226e-06 0)
(1.03894 4.08392e-06 0)
(1.03894 3.31837e-06 0)
(1.03894 2.88443e-06 0)
(1.03894 2.26665e-06 0)
(1.03894 1.96008e-06 0)
(1.03894 1.57942e-06 0)
(1.03894 1.32915e-06 0)
(1.03894 1.15961e-06 0)
(1.03894 8.90132e-07 0)
(1.03894 6.99316e-07 0)
(1.03894 6.3695e-07 0)
(1.03894 4.29531e-07 0)
(1.03894 4.77221e-07 0)
(1.03893 3.24297e-07 0)
(1.03893 3.40857e-07 0)
(1.03893 2.93488e-07 0)
(1.03893 2.77193e-07 0)
(1.03893 2.76617e-07 0)
(1.03893 2.67448e-07 0)
(1.03893 1.88386e-07 0)
(1.03893 2.2444e-07 0)
(1.03893 1.02031e-07 0)
(1.03893 1.58696e-07 0)
(1.03893 7.77129e-08 0)
(1.03893 1.027e-07 0)
(1.03893 9.13241e-08 0)
(1.03893 9.26537e-08 0)
(1.03893 6.98906e-08 0)
(1.03893 9.50032e-08 0)
(1.03893 4.70439e-08 0)
(1.03893 1.26643e-07 0)
(1.03893 8.46296e-08 0)
(1.03893 1.5523e-07 0)
(1.03893 1.1781e-07 0)
(1.03893 1.34219e-07 0)
(1.03893 1.1628e-07 0)
(1.03893 1.23822e-07 0)
(1.03893 1.03304e-07 0)
(1.03893 1.42164e-07 0)
(1.03893 1.12971e-07 0)
(1.03893 1.87684e-07 0)
(1.03893 1.96641e-07 0)
(1.03893 3.08975e-07 0)
(1.03893 4.09511e-07 0)
(1.03893 5.99849e-07 0)
(1.03893 8.4267e-07 0)
(1.03893 1.20696e-06 0)
(1.03893 1.67368e-06 0)
(1.03893 2.36894e-06 0)
(1.03893 3.26473e-06 0)
(1.03893 4.58822e-06 0)
(1.03893 6.35783e-06 0)
(1.03893 8.93943e-06 0)
(1.03893 1.24803e-05 0)
(1.03893 1.81233e-05 0)
(1.03893 2.59596e-05 0)
(1.03892 4.30569e-05 0)
(1.03891 7.20548e-05 0)
(1.03889 0.000201425 0)
(1.03882 0.000549916 0)
(1.03882 0.0019669 0)
(1.03856 0.00394855 0)
(0.973658 0.0536528 0)
(1.05672 0.0275427 0)
(1.02804 0.00726967 0)
(1.04273 0.000307149 0)
(1.03644 -0.000466174 0)
(1.03919 0.00022236 0)
(1.0381 0.000429481 0)
(1.03868 0.000527424 0)
(1.03854 0.000458116 0)
(1.03869 0.000399347 0)
(1.0387 0.000329602 0)
(1.03876 0.000275882 0)
(1.03879 0.000229292 0)
(1.03882 0.00019231 0)
(1.03884 0.000162191 0)
(1.03886 0.000137993 0)
(1.03888 0.000117934 0)
(1.03889 0.000101665 0)
(1.0389 8.78898e-05 0)
(1.03891 7.62391e-05 0)
(1.03892 6.638e-05 0)
(1.03892 5.76806e-05 0)
(1.03893 5.03583e-05 0)
(1.03893 4.36758e-05 0)
(1.03894 3.79516e-05 0)
(1.03894 3.29685e-05 0)
(1.03894 2.83689e-05 0)
(1.03894 2.45502e-05 0)
(1.03895 2.11517e-05 0)
(1.03895 1.80351e-05 0)
(1.03895 1.55362e-05 0)
(1.03895 1.3097e-05 0)
(1.03895 1.1259e-05 0)
(1.03895 9.44895e-06 0)
(1.03895 7.961e-06 0)
(1.03895 6.79449e-06 0)
(1.03895 5.60906e-06 0)
(1.03895 4.74221e-06 0)
(1.03895 4.03815e-06 0)
(1.03895 3.28128e-06 0)
(1.03895 2.84515e-06 0)
(1.03895 2.2259e-06 0)
(1.03895 1.91845e-06 0)
(1.03895 1.53888e-06 0)
(1.03895 1.27827e-06 0)
(1.03895 1.11121e-06 0)
(1.03895 8.49223e-07 0)
(1.03895 6.44848e-07 0)
(1.03895 5.93829e-07 0)
(1.03895 3.92036e-07 0)
(1.03895 4.37408e-07 0)
(1.03895 2.8906e-07 0)
(1.03895 2.99954e-07 0)
(1.03895 2.56113e-07 0)
(1.03895 2.40282e-07 0)
(1.03895 2.37381e-07 0)
(1.03895 2.2857e-07 0)
(1.03895 1.41727e-07 0)
(1.03895 1.81032e-07 0)
(1.03895 5.73194e-08 0)
(1.03895 1.13053e-07 0)
(1.03895 3.307e-08 0)
(1.03895 5.61592e-08 0)
(1.03895 4.64033e-08 0)
(1.03895 4.77763e-08 0)
(1.03895 2.24128e-08 0)
(1.03895 4.97516e-08 0)
(1.03895 2.13385e-09 0)
(1.03895 8.57099e-08 0)
(1.03895 4.35309e-08 0)
(1.03895 1.12706e-07 0)
(1.03895 7.49003e-08 0)
(1.03895 8.99855e-08 0)
(1.03895 7.26358e-08 0)
(1.03895 8.02889e-08 0)
(1.03895 5.5731e-08 0)
(1.03895 9.44746e-08 0)
(1.03895 6.23552e-08 0)
(1.03895 1.36791e-07 0)
(1.03895 1.43792e-07 0)
(1.03895 2.53505e-07 0)
(1.03895 3.48047e-07 0)
(1.03895 5.32222e-07 0)
(1.03895 7.68589e-07 0)
(1.03895 1.1274e-06 0)
(1.03895 1.58164e-06 0)
(1.03895 2.26414e-06 0)
(1.03895 3.14636e-06 0)
(1.03895 4.45289e-06 0)
(1.03895 6.20441e-06 0)
(1.03895 8.77906e-06 0)
(1.03895 1.236e-05 0)
(1.03895 1.81979e-05 0)
(1.03895 2.65297e-05 0)
(1.03895 4.49449e-05 0)
(1.03895 7.58233e-05 0)
(1.03893 0.000208521 0)
(1.03892 0.000554617 0)
(1.03898 0.00196673 0)
(1.03921 0.00392522 0)
(0.972311 0.0467659 0)
(1.055 0.0253114 0)
(1.02768 0.00688066 0)
(1.04245 0.000263629 0)
(1.0361 -0.00044431 0)
(1.03886 0.000197423 0)
(1.03778 0.000407026 0)
(1.03841 0.000499379 0)
(1.03831 0.000435677 0)
(1.0385 0.000379897 0)
(1.03854 0.000314086 0)
(1.03862 0.000263032 0)
(1.03867 0.000218808 0)
(1.03872 0.000183604 0)
(1.03875 0.000154938 0)
(1.03878 0.00013193 0)
(1.03881 0.000112838 0)
(1.03883 9.73681e-05 0)
(1.03885 8.42522e-05 0)
(1.03887 7.31596e-05 0)
(1.03888 6.37809e-05 0)
(1.03889 5.54559e-05 0)
(1.0389 4.84753e-05 0)
(1.03891 4.20918e-05 0)
(1.03892 3.66044e-05 0)
(1.03893 3.18518e-05 0)
(1.03893 2.74402e-05 0)
(1.03894 2.37574e-05 0)
(1.03894 2.0497e-05 0)
(1.03894 1.74883e-05 0)
(1.03895 1.50787e-05 0)
(1.03895 1.27284e-05 0)
(1.03895 1.09668e-05 0)
(1.03895 9.22605e-06 0)
(1.03895 7.7766e-06 0)
(1.03895 6.6516e-06 0)
(1.03895 5.50366e-06 0)
(1.03896 4.6486e-06 0)
(1.03896 3.97719e-06 0)
(1.03896 3.24511e-06 0)
(1.03896 2.8182e-06 0)
(1.03896 2.20566e-06 0)
(1.03896 1.9026e-06 0)
(1.03896 1.52944e-06 0)
(1.03896 1.26009e-06 0)
(1.03896 1.09811e-06 0)
(1.03896 8.49471e-07 0)
(1.03896 6.34247e-07 0)
(1.03896 5.93758e-07 0)
(1.03896 3.96367e-07 0)
(1.03896 4.37858e-07 0)
(1.03896 2.91175e-07 0)
(1.03896 2.98306e-07 0)
(1.03896 2.58789e-07 0)
(1.03896 2.44199e-07 0)
(1.03896 2.38734e-07 0)
(1.03896 2.32657e-07 0)
(1.03896 1.40499e-07 0)
(1.03896 1.83976e-07 0)
(1.03896 6.21867e-08 0)
(1.03896 1.15904e-07 0)
(1.03896 3.82546e-08 0)
(1.03896 5.91668e-08 0)
(1.03896 4.96437e-08 0)
(1.03896 5.2318e-08 0)
(1.03896 2.43741e-08 0)
(1.03896 5.44005e-08 0)
(1.03896 7.35047e-09 0)
(1.03896 9.33467e-08 0)
(1.03896 5.10185e-08 0)
(1.03896 1.18223e-07 0)
(1.03896 8.05351e-08 0)
(1.03896 9.45805e-08 0)
(1.03896 7.6741e-08 0)
(1.03896 8.54454e-08 0)
(1.03896 5.54824e-08 0)
(1.03896 9.32262e-08 0)
(1.03896 5.80198e-08 0)
(1.03896 1.30042e-07 0)
(1.03896 1.33466e-07 0)
(1.03896 2.38809e-07 0)
(1.03896 3.30247e-07 0)
(1.03896 5.08908e-07 0)
(1.03896 7.38055e-07 0)
(1.03896 1.08692e-06 0)
(1.03896 1.52544e-06 0)
(1.03896 2.18616e-06 0)
(1.03896 3.03659e-06 0)
(1.03896 4.29872e-06 0)
(1.03896 5.99265e-06 0)
(1.03896 8.49964e-06 0)
(1.03896 1.20285e-05 0)
(1.03896 1.78934e-05 0)
(1.03897 2.64455e-05 0)
(1.03897 4.55142e-05 0)
(1.03897 7.71668e-05 0)
(1.03896 0.000209114 0)
(1.03901 0.000544208 0)
(1.03912 0.0019135 0)
(1.03982 0.00379827 0)
(0.971232 0.0403294 0)
(1.05354 0.0228276 0)
(1.02736 0.00636217 0)
(1.0422 0.000223043 0)
(1.03581 -0.000415119 0)
(1.03857 0.000171417 0)
(1.03749 0.00037652 0)
(1.03817 0.000461869 0)
(1.03809 0.000404538 0)
(1.03832 0.000352869 0)
(1.03838 0.000292187 0)
(1.03849 0.000244809 0)
(1.03855 0.000203817 0)
(1.03862 0.000171097 0)
(1.03867 0.000144455 0)
(1.03871 0.000123105 0)
(1.03875 0.00010536 0)
(1.03878 9.09902e-05 0)
(1.0388 7.87953e-05 0)
(1.03883 6.84836e-05 0)
(1.03884 5.9776e-05 0)
(1.03886 5.19924e-05 0)
(1.03888 4.54976e-05 0)
(1.03889 3.95505e-05 0)
(1.0389 3.44106e-05 0)
(1.03891 2.99828e-05 0)
(1.03892 2.58572e-05 0)
(1.03892 2.23908e-05 0)
(1.03893 1.93396e-05 0)
(1.03893 1.65093e-05 0)
(1.03894 1.42464e-05 0)
(1.03894 1.2034e-05 0)
(1.03895 1.039e-05 0)
(1.03895 8.76053e-06 0)
(1.03895 7.38447e-06 0)
(1.03895 6.32843e-06 0)
(1.03895 5.25007e-06 0)
(1.03895 4.43113e-06 0)
(1.03896 3.80931e-06 0)
(1.03896 3.11807e-06 0)
(1.03896 2.71343e-06 0)
(1.03896 2.11987e-06 0)
(1.03896 1.82986e-06 0)
(1.03896 1.47499e-06 0)
(1.03896 1.20444e-06 0)
(1.03896 1.05058e-06 0)
(1.03896 8.21715e-07 0)
(1.03896 6.00356e-07 0)
(1.03896 5.7033e-07 0)
(1.03896 3.78595e-07 0)
(1.03896 4.17653e-07 0)
(1.03896 2.73787e-07 0)
(1.03896 2.79346e-07 0)
(1.03896 2.456e-07 0)
(1.03896 2.32749e-07 0)
(1.03896 2.25776e-07 0)
(1.03896 2.24315e-07 0)
(1.03896 1.28942e-07 0)
(1.03896 1.76475e-07 0)
(1.03896 5.65532e-08 0)
(1.03896 1.08106e-07 0)
(1.03896 3.24276e-08 0)
(1.03896 5.13516e-08 0)
(1.03896 4.1834e-08 0)
(1.03896 4.56848e-08 0)
(1.03896 1.47028e-08 0)
(1.03896 4.81476e-08 0)
(1.03896 1.75611e-09 0)
(1.03896 8.93189e-08 0)
(1.03896 4.65721e-08 0)
(1.03896 1.11584e-07 0)
(1.03896 7.48146e-08 0)
(1.03896 8.81511e-08 0)
(1.03896 7.01556e-08 0)
(1.03896 7.93097e-08 0)
(1.03896 4.47266e-08 0)
(1.03896 8.10472e-08 0)
(1.03896 4.28111e-08 0)
(1.03896 1.10774e-07 0)
(1.03896 1.09644e-07 0)
(1.03896 2.08654e-07 0)
(1.03896 2.95101e-07 0)
(1.03896 4.6729e-07 0)
(1.03896 6.85863e-07 0)
(1.03896 1.0183e-06 0)
(1.03896 1.43068e-06 0)
(1.03896 2.05463e-06 0)
(1.03896 2.85233e-06 0)
(1.03896 4.041e-06 0)
(1.03896 5.63716e-06 0)
(1.03897 8.01523e-06 0)
(1.03897 1.13978e-05 0)
(1.03897 1.71124e-05 0)
(1.03898 2.55886e-05 0)
(1.03898 4.46033e-05 0)
(1.03899 7.58903e-05 0)
(1.03899 0.000203099 0)
(1.0391 0.000519161 0)
(1.03926 0.00181095 0)
(1.04037 0.00357724 0)
(0.97037 0.034267 0)
(1.0523 0.0201399 0)
(1.0271 0.00573198 0)
(1.04198 0.000185674 0)
(1.03555 -0.000378508 0)
(1.03832 0.000145376 0)
(1.03724 0.000339164 0)
(1.03796 0.00041619 0)
(1.0379 0.000365787 0)
(1.03816 0.000319185 0)
(1.03824 0.000264657 0)
(1.03837 0.000221835 0)
(1.03845 0.000184829 0)
(1.03853 0.000155215 0)
(1.03859 0.000131104 0)
(1.03864 0.000111818 0)
(1.03869 9.57475e-05 0)
(1.03872 8.27465e-05 0)
(1.03876 7.17069e-05 0)
(1.03879 6.23731e-05 0)
(1.03881 5.45035e-05 0)
(1.03883 4.74119e-05 0)
(1.03885 4.15303e-05 0)
(1.03887 3.61404e-05 0)
(1.03888 3.14501e-05 0)
(1.03889 2.74329e-05 0)
(1.0389 2.36834e-05 0)
(1.03891 2.05089e-05 0)
(1.03892 1.77282e-05 0)
(1.03893 1.5139e-05 0)
(1.03893 1.30747e-05 0)
(1.03894 1.10438e-05 0)
(1.03894 9.5541e-06 0)
(1.03894 8.07357e-06 0)
(1.03895 6.80378e-06 0)
(1.03895 5.84102e-06 0)
(1.03895 4.85995e-06 0)
(1.03895 4.0992e-06 0)
(1.03895 3.54046e-06 0)
(1.03896 2.90364e-06 0)
(1.03896 2.53377e-06 0)
(1.03896 1.97116e-06 0)
(1.03896 1.70275e-06 0)
(1.03896 1.37806e-06 0)
(1.03896 1.11438e-06 0)
(1.03896 9.71965e-07 0)
(1.03896 7.692e-07 0)
(1.03896 5.4832e-07 0)
(1.03896 5.29527e-07 0)
(1.03896 3.46955e-07 0)
(1.03896 3.8562e-07 0)
(1.03896 2.47259e-07 0)
(1.03896 2.53782e-07 0)
(1.03896 2.27926e-07 0)
(1.03896 2.17321e-07 0)
(1.03896 2.10177e-07 0)
(1.03896 2.14794e-07 0)
(1.03896 1.18192e-07 0)
(1.03896 1.69435e-07 0)
(1.03896 5.16439e-08 0)
(1.03896 1.00685e-07 0)
(1.03896 2.69386e-08 0)
(1.03896 4.38895e-08 0)
(1.03896 3.32405e-08 0)
(1.03896 3.77088e-08 0)
(1.03896 4.56842e-09 0)
(1.03896 4.17005e-08 0)
(1.03896 -3.641e-09 0)
(1.03896 8.47993e-08 0)
(1.03896 4.18222e-08 0)
(1.03896 1.04682e-07 0)
(1.03896 6.97034e-08 0)
(1.03896 8.21712e-08 0)
(1.03896 6.38096e-08 0)
(1.03896 7.30483e-08 0)
(1.03896 3.41749e-08 0)
(1.03896 6.85359e-08 0)
(1.03896 2.68069e-08 0)
(1.03896 8.94473e-08 0)
(1.03896 8.28592e-08 0)
(1.03896 1.73684e-07 0)
(1.03896 2.53446e-07 0)
(1.03896 4.15653e-07 0)
(1.03896 6.18674e-07 0)
(1.03896 9.27473e-07 0)
(1.03896 1.30403e-06 0)
(1.03896 1.87808e-06 0)
(1.03896 2.60537e-06 0)
(1.03896 3.69491e-06 0)
(1.03897 5.15668e-06 0)
(1.03897 7.34823e-06 0)
(1.03897 1.04931e-05 0)
(1.03898 1.58799e-05 0)
(1.03898 2.39787e-05 0)
(1.03899 4.22235e-05 0)
(1.03901 7.20194e-05 0)
(1.03902 0.000190717 0)
(1.03917 0.000480399 0)
(1.03938 0.00166366 0)
(1.04087 0.00327234 0)
(0.969687 0.0285125 0)
(1.05127 0.0172885 0)
(1.02688 0.0050068 0)
(1.0418 0.000151427 0)
(1.03534 -0.000334672 0)
(1.03809 0.000120023 0)
(1.03702 0.000296089 0)
(1.03777 0.000363573 0)
(1.03774 0.00032049 0)
(1.03802 0.000279759 0)
(1.03812 0.000232249 0)
(1.03827 0.000194741 0)
(1.03836 0.000162365 0)
(1.03845 0.000136393 0)
(1.03852 0.000115248 0)
(1.03858 9.83725e-05 0)
(1.03863 8.42625e-05 0)
(1.03868 7.28664e-05 0)
(1.03872 6.31867e-05 0)
(1.03875 5.49997e-05 0)
(1.03878 4.81111e-05 0)
(1.0388 4.18445e-05 0)
(1.03883 3.66872e-05 0)
(1.03885 3.19592e-05 0)
(1.03886 2.78126e-05 0)
(1.03888 2.42825e-05 0)
(1.03889 2.09874e-05 0)
(1.0389 1.81728e-05 0)
(1.03891 1.57146e-05 0)
(1.03892 1.34208e-05 0)
(1.03892 1.16017e-05 0)
(1.03893 9.79119e-06 0)
(1.03894 8.4881e-06 0)
(1.03894 7.18945e-06 0)
(1.03894 6.05591e-06 0)
(1.03895 5.20694e-06 0)
(1.03895 4.34603e-06 0)
(1.03895 3.66345e-06 0)
(1.03895 3.17926e-06 0)
(1.03895 2.60848e-06 0)
(1.03896 2.28522e-06 0)
(1.03896 1.76496e-06 0)
(1.03896 1.52604e-06 0)
(1.03896 1.24211e-06 0)
(1.03896 9.93367e-07 0)
(1.03896 8.65561e-07 0)
(1.03896 6.94574e-07 0)
(1.03896 4.81074e-07 0)
(1.03896 4.74656e-07 0)
(1.03896 3.03908e-07 0)
(1.03896 3.44678e-07 0)
(1.03896 2.14678e-07 0)
(1.03896 2.24705e-07 0)
(1.03896 2.08978e-07 0)
(1.03896 2.00867e-07 0)
(1.03896 1.94426e-07 0)
(1.03896 2.05987e-07 0)
(1.03896 1.10026e-07 0)
(1.03896 1.64541e-07 0)
(1.03896 4.90753e-08 0)
(1.03896 9.55182e-08 0)
(1.03896 2.38908e-08 0)
(1.03896 3.78363e-08 0)
(1.03896 2.55531e-08 0)
(1.03896 2.95402e-08 0)
(1.03896 -4.16618e-09 0)
(1.03896 3.66999e-08 0)
(1.03896 -7.0071e-09 0)
(1.03896 8.18301e-08 0)
(1.03896 3.8912e-08 0)
(1.03896 9.96378e-08 0)
(1.03896 6.72625e-08 0)
(1.03896 7.85321e-08 0)
(1.03896 5.95648e-08 0)
(1.03896 6.84335e-08 0)
(1.03896 2.60592e-08 0)
(1.03896 5.78604e-08 0)
(1.03896 1.22501e-08 0)
(1.03896 6.87015e-08 0)
(1.03896 5.59706e-08 0)
(1.03896 1.37487e-07 0)
(1.03896 2.08825e-07 0)
(1.03896 3.57689e-07 0)
(1.03896 5.4055e-07 0)
(1.03896 8.19445e-07 0)
(1.03896 1.15245e-06 0)
(1.03896 1.66576e-06 0)
(1.03896 2.30756e-06 0)
(1.03897 3.27536e-06 0)
(1.03897 4.56974e-06 0)
(1.03897 6.5219e-06 0)
(1.03897 9.34297e-06 0)
(1.03898 1.42313e-05 0)
(1.03899 2.16594e-05 0)
(1.039 3.84435e-05 0)
(1.03903 6.56826e-05 0)
(1.03905 0.000172413 0)
(1.03925 0.000429149 0)
(1.03949 0.00147674 0)
(1.04131 0.00289416 0)
(0.969154 0.0230071 0)
(1.05043 0.0143074 0)
(1.02671 0.00420243 0)
(1.04165 0.000119963 0)
(1.03517 -0.000284119 0)
(1.03791 9.57835e-05 0)
(1.03684 0.00024834 0)
(1.03761 0.000305184 0)
(1.0376 0.000269685 0)
(1.0379 0.000235491 0)
(1.03802 0.000195715 0)
(1.03818 0.000164156 0)
(1.03828 0.000136946 0)
(1.03838 0.000115064 0)
(1.03846 9.72533e-05 0)
(1.03853 8.30792e-05 0)
(1.03859 7.11718e-05 0)
(1.03864 6.15837e-05 0)
(1.03868 5.34362e-05 0)
(1.03872 4.65361e-05 0)
(1.03875 4.07487e-05 0)
(1.03878 3.54225e-05 0)
(1.03881 3.10856e-05 0)
(1.03883 2.71074e-05 0)
(1.03885 2.35893e-05 0)
(1.03886 2.06116e-05 0)
(1.03888 1.78346e-05 0)
(1.03889 1.54396e-05 0)
(1.0389 1.33483e-05 0)
(1.03891 1.13957e-05 0)
(1.03892 9.86378e-06 0)
(1.03893 8.30742e-06 0)
(1.03893 7.2191e-06 0)
(1.03894 6.12959e-06 0)
(1.03894 5.15868e-06 0)
(1.03894 4.44059e-06 0)
(1.03895 3.71839e-06 0)
(1.03895 3.13221e-06 0)
(1.03895 2.73299e-06 0)
(1.03895 2.23782e-06 0)
(1.03895 1.97223e-06 0)
(1.03896 1.50514e-06 0)
(1.03896 1.30302e-06 0)
(1.03896 1.06888e-06 0)
(1.03896 8.43226e-07 0)
(1.03896 7.32746e-07 0)
(1.03896 5.98273e-07 0)
(1.03896 3.9865e-07 0)
(1.03896 4.06031e-07 0)
(1.03896 2.48724e-07 0)
(1.03896 2.944e-07 0)
(1.03896 1.75337e-07 0)
(1.03896 1.90985e-07 0)
(1.03896 1.86982e-07 0)
(1.03896 1.81365e-07 0)
(1.03896 1.75694e-07 0)
(1.03896 1.94832e-07 0)
(1.03896 1.00969e-07 0)
(1.03896 1.58735e-07 0)
(1.03896 4.57615e-08 0)
(1.03896 9.00251e-08 0)
(1.03896 2.05262e-08 0)
(1.03896 3.04273e-08 0)
(1.03896 1.60561e-08 0)
(1.03896 1.93323e-08 0)
(1.03896 -1.36483e-08 0)
(1.03896 3.12985e-08 0)
(1.03896 -1.06107e-08 0)
(1.03896 7.82864e-08 0)
(1.03896 3.56063e-08 0)
(1.03896 9.43158e-08 0)
(1.03896 6.50479e-08 0)
(1.03896 7.51332e-08 0)
(1.03896 5.50832e-08 0)
(1.03896 6.34184e-08 0)
(1.03896 1.82107e-08 0)
(1.03896 4.71455e-08 0)
(1.03896 -2.62736e-09 0)
(1.03896 4.7189e-08 0)
(1.03896 2.79106e-08 0)
(1.03896 9.95171e-08 0)
(1.03896 1.60869e-07 0)
(1.03896 2.93424e-07 0)
(1.03896 4.5216e-07 0)
(1.03896 6.95961e-07 0)
(1.03896 9.78901e-07 0)
(1.03896 1.42217e-06 0)
(1.03896 1.96528e-06 0)
(1.03897 2.79147e-06 0)
(1.03897 3.8893e-06 0)
(1.03897 5.55484e-06 0)
(1.03898 7.97397e-06 0)
(1.03898 1.22064e-05 0)
(1.03899 1.86915e-05 0)
(1.03901 3.3379e-05 0)
(1.03904 5.70946e-05 0)
(1.03907 0.000148804 0)
(1.03931 0.000366894 0)
(1.03959 0.0012557 0)
(1.04168 0.00245361 0)
(0.968749 0.0176984 0)
(1.04977 0.0112259 0)
(1.02657 0.00333406 0)
(1.04153 9.08197e-05 0)
(1.03503 -0.000227646 0)
(1.03776 7.28213e-05 0)
(1.0367 0.000196884 0)
(1.03749 0.000242141 0)
(1.03749 0.000214395 0)
(1.03781 0.000187272 0)
(1.03794 0.000155808 0)
(1.03811 0.000130709 0)
(1.03822 0.000109098 0)
(1.03833 9.16705e-05 0)
(1.03841 7.74961e-05 0)
(1.03849 6.62595e-05 0)
(1.03855 5.67528e-05 0)
(1.03861 4.91394e-05 0)
(1.03865 4.26629e-05 0)
(1.0387 3.71618e-05 0)
(1.03873 3.25756e-05 0)
(1.03876 2.82879e-05 0)
(1.03879 2.48524e-05 0)
(1.03881 2.16943e-05 0)
(1.03883 1.88767e-05 0)
(1.03885 1.65049e-05 0)
(1.03887 1.42947e-05 0)
(1.03888 1.23703e-05 0)
(1.03889 1.06844e-05 0)
(1.0389 9.11038e-06 0)
(1.03891 7.90205e-06 0)
(1.03892 6.62857e-06 0)
(1.03893 5.77833e-06 0)
(1.03893 4.91931e-06 0)
(1.03894 4.13341e-06 0)
(1.03894 3.56078e-06 0)
(1.03894 2.99221e-06 0)
(1.03895 2.51861e-06 0)
(1.03895 2.2137e-06 0)
(1.03895 1.80139e-06 0)
(1.03895 1.6032e-06 0)
(1.03895 1.19935e-06 0)
(1.03896 1.04045e-06 0)
(1.03896 8.63001e-07 0)
(1.03896 6.68078e-07 0)
(1.03896 5.76774e-07 0)
(1.03896 4.82224e-07 0)
(1.03896 3.02071e-07 0)
(1.03896 3.24774e-07 0)
(1.03896 1.81927e-07 0)
(1.03896 2.35399e-07 0)
(1.03896 1.29566e-07 0)
(1.03896 1.52073e-07 0)
(1.03896 1.60471e-07 0)
(1.03896 1.57321e-07 0)
(1.03896 1.51966e-07 0)
(1.03896 1.79231e-07 0)
(1.03896 8.85997e-08 0)
(1.03896 1.50033e-07 0)
(1.03896 3.98492e-08 0)
(1.03896 8.25615e-08 0)
(1.03896 1.50605e-08 0)
(1.03896 2.03929e-08 0)
(1.03896 3.60984e-09 0)
(1.03896 6.54307e-09 0)
(1.03896 -2.46417e-08 0)
(1.03896 2.4878e-08 0)
(1.03896 -1.54188e-08 0)
(1.03896 7.33602e-08 0)
(1.03896 3.10261e-08 0)
(1.03896 8.78696e-08 0)
(1.03896 6.19525e-08 0)
(1.03896 7.11777e-08 0)
(1.03896 4.96699e-08 0)
(1.03896 5.74438e-08 0)
(1.03896 9.94661e-09 0)
(1.03896 3.59678e-08 0)
(1.03896 -1.81676e-08 0)
(1.03896 2.48455e-08 0)
(1.03896 -1.19744e-09 0)
(1.03896 6.00611e-08 0)
(1.03896 1.10009e-07 0)
(1.03896 2.23729e-07 0)
(1.03896 3.55027e-07 0)
(1.03896 5.59453e-07 0)
(1.03896 7.86719e-07 0)
(1.03896 1.15202e-06 0)
(1.03897 1.58521e-06 0)
(1.03897 2.253e-06 0)
(1.03897 3.12952e-06 0)
(1.03897 4.46796e-06 0)
(1.03898 6.4173e-06 0)
(1.03899 9.85566e-06 0)
(1.039 1.51585e-05 0)
(1.03901 2.71938e-05 0)
(1.03906 4.6551e-05 0)
(1.03909 0.000120656 0)
(1.03936 0.000295336 0)
(1.03967 0.00100638 0)
(1.04198 0.00196178 0)
(0.968458 0.0125382 0)
(1.04929 0.00806971 0)
(1.02647 0.00241638 0)
(1.04144 6.34847e-05 0)
(1.03493 -0.000166298 0)
(1.03765 5.10871e-05 0)
(1.03659 0.000142628 0)
(1.03739 0.00017552 0)
(1.03741 0.000155633 0)
(1.03773 0.00013599 0)
(1.03788 0.000113278 0)
(1.03805 9.50339e-05 0)
(1.03817 7.93536e-05 0)
(1.03829 6.66621e-05 0)
(1.03838 5.63607e-05 0)
(1.03846 4.82442e-05 0)
(1.03852 4.12901e-05 0)
(1.03858 3.57801e-05 0)
(1.03863 3.10807e-05 0)
(1.03868 2.70654e-05 0)
(1.03871 2.37611e-05 0)
(1.03875 2.05919e-05 0)
(1.03878 1.81223e-05 0)
(1.0388 1.58361e-05 0)
(1.03883 1.37755e-05 0)
(1.03884 1.2052e-05 0)
(1.03886 1.04426e-05 0)
(1.03888 9.03136e-06 0)
(1.03889 7.78428e-06 0)
(1.0389 6.61761e-06 0)
(1.03891 5.76241e-06 0)
(1.03892 4.79513e-06 0)
(1.03892 4.20104e-06 0)
(1.03893 3.5882e-06 0)
(1.03894 3.00579e-06 0)
(1.03894 2.59153e-06 0)
(1.03894 2.18807e-06 0)
(1.03895 1.84056e-06 0)
(1.03895 1.63753e-06 0)
(1.03895 1.3133e-06 0)
(1.03895 1.19059e-06 0)
(1.03895 8.5924e-07 0)
(1.03896 7.48502e-07 0)
(1.03896 6.31853e-07 0)
(1.03896 4.73841e-07 0)
(1.03896 4.0254e-07 0)
(1.03896 3.49471e-07 0)
(1.03896 1.93363e-07 0)
(1.03896 2.32801e-07 0)
(1.03896 1.05213e-07 0)
(1.03896 1.68988e-07 0)
(1.03896 7.84113e-08 0)
(1.03896 1.07876e-07 0)
(1.03896 1.28588e-07 0)
(1.03896 1.28071e-07 0)
(1.03896 1.22544e-07 0)
(1.03896 1.58327e-07 0)
(1.03896 7.18939e-08 0)
(1.03896 1.3757e-07 0)
(1.03896 3.06321e-08 0)
(1.03896 7.229e-08 0)
(1.03896 6.81096e-09 0)
(1.03896 7.46794e-09 0)
(1.03896 -1.14857e-08 0)
(1.03896 -8.17609e-09 0)
(1.03896 -3.66838e-08 0)
(1.03896 1.77756e-08 0)
(1.03896 -2.11371e-08 0)
(1.03896 6.73443e-08 0)
(1.03896 2.55521e-08 0)
(1.03896 8.05824e-08 0)
(1.03896 5.81164e-08 0)
(1.03896 6.69266e-08 0)
(1.03896 4.38473e-08 0)
(1.03896 5.09689e-08 0)
(1.03896 1.56009e-09 0)
(1.03896 2.47124e-08 0)
(1.03896 -3.3961e-08 0)
(1.03896 2.23166e-09 0)
(1.03896 -3.05717e-08 0)
(1.03896 1.99117e-08 0)
(1.03896 5.72732e-08 0)
(1.03896 1.50095e-07 0)
(1.03896 2.51317e-07 0)
(1.03896 4.12878e-07 0)
(1.03896 5.79888e-07 0)
(1.03896 8.60794e-07 0)
(1.03897 1.17515e-06 0)
(1.03897 1.67114e-06 0)
(1.03897 2.30653e-06 0)
(1.03897 3.28514e-06 0)
(1.03898 4.70939e-06 0)
(1.03899 7.2405e-06 0)
(1.039 1.11646e-05 0)
(1.03902 2.00938e-05 0)
(1.03907 3.44158e-05 0)
(1.0391 8.8856e-05 0)
(1.0394 0.00021636 0)
(1.03973 0.000734848 0)
(1.04221 0.00142994 0)
(0.96827 0.00748194 0)
(1.04897 0.00486188 0)
(1.0264 0.00146371 0)
(1.04138 3.74344e-05 0)
(1.03486 -0.000101318 0)
(1.03758 3.03598e-05 0)
(1.03651 8.64199e-05 0)
(1.03733 0.000106368 0)
(1.03735 9.44e-05 0)
(1.03769 8.25276e-05 0)
(1.03783 6.88757e-05 0)
(1.03802 5.77626e-05 0)
(1.03814 4.82513e-05 0)
(1.03826 4.04972e-05 0)
(1.03835 3.42372e-05 0)
(1.03844 2.9369e-05 0)
(1.03851 2.50733e-05 0)
(1.03857 2.17571e-05 0)
(1.03862 1.891e-05 0)
(1.03866 1.64441e-05 0)
(1.0387 1.44817e-05 0)
(1.03874 1.24912e-05 0)
(1.03877 1.1034e-05 0)
(1.0388 9.65288e-06 0)
(1.03882 8.38947e-06 0)
(1.03884 7.34581e-06 0)
(1.03886 6.35894e-06 0)
(1.03887 5.49394e-06 0)
(1.03889 4.71323e-06 0)
(1.0389 3.97405e-06 0)
(1.03891 3.49319e-06 0)
(1.03892 2.84997e-06 0)
(1.03892 2.52482e-06 0)
(1.03893 2.16867e-06 0)
(1.03893 1.80443e-06 0)
(1.03894 1.56004e-06 0)
(1.03894 1.32935e-06 0)
(1.03895 1.11816e-06 0)
(1.03895 1.02241e-06 0)
(1.03895 7.90106e-07 0)
(1.03895 7.49169e-07 0)
(1.03895 4.98657e-07 0)
(1.03895 4.39031e-07 0)
(1.03896 3.84162e-07 0)
(1.03896 2.67148e-07 0)
(1.03896 2.15963e-07 0)
(1.03896 2.03861e-07 0)
(1.03896 7.54493e-08 0)
(1.03896 1.32705e-07 0)
(1.03896 2.11482e-08 0)
(1.03896 9.68716e-08 0)
(1.03896 2.33359e-08 0)
(1.03896 5.87587e-08 0)
(1.03896 9.12516e-08 0)
(1.03896 9.37462e-08 0)
(1.03896 8.79154e-08 0)
(1.03896 1.32225e-07 0)
(1.03896 5.08972e-08 0)
(1.03896 1.21127e-07 0)
(1.03896 1.80948e-08 0)
(1.03896 5.89009e-08 0)
(1.03896 -4.05361e-09 0)
(1.03896 -7.86791e-09 0)
(1.03896 -2.81506e-08 0)
(1.03896 -2.37355e-08 0)
(1.03896 -4.88399e-08 0)
(1.03896 1.05615e-08 0)
(1.03896 -2.71038e-08 0)
(1.03896 6.06607e-08 0)
(1.03896 1.97872e-08 0)
(1.03896 7.27992e-08 0)
(1.03896 5.3832e-08 0)
(1.03896 6.25544e-08 0)
(1.03896 3.81339e-08 0)
(1.03896 4.43521e-08 0)
(1.03896 -6.64355e-09 0)
(1.03896 1.36103e-08 0)
(1.03896 -4.95657e-08 0)
(1.03896 -2.02354e-08 0)
(1.03896 -5.9527e-08 0)
(1.03896 -2.03246e-08 0)
(1.03896 3.56734e-09 0)
(1.03896 7.38607e-08 0)
(1.03896 1.43084e-07 0)
(1.03896 2.59098e-07 0)
(1.03896 3.62529e-07 0)
(1.03896 5.54237e-07 0)
(1.03897 7.43319e-07 0)
(1.03897 1.05772e-06 0)
(1.03897 1.4375e-06 0)
(1.03897 2.03204e-06 0)
(1.03898 2.8903e-06 0)
(1.03899 4.43026e-06 0)
(1.039 6.82981e-06 0)
(1.03902 1.2317e-05 0)
(1.03907 2.11062e-05 0)
(1.03911 5.43825e-05 0)
(1.03943 0.000131987 0)
(1.03977 0.00044733 0)
(1.04236 0.000869448 0)
(0.968177 0.00248708 0)
(1.04881 0.00162375 0)
(1.02637 0.000490154 0)
(1.04135 1.21525e-05 0)
(1.03483 -3.40966e-05 0)
(1.03754 1.02915e-05 0)
(1.03648 2.90652e-05 0)
(1.0373 3.5705e-05 0)
(1.03732 3.16849e-05 0)
(1.03766 2.77582e-05 0)
(1.03781 2.33459e-05 0)
(1.038 1.95297e-05 0)
(1.03813 1.63339e-05 0)
(1.03825 1.36377e-05 0)
(1.03834 1.15176e-05 0)
(1.03843 9.97225e-06 0)
(1.0385 8.39622e-06 0)
(1.03856 7.32715e-06 0)
(1.03861 6.37785e-06 0)
(1.03866 5.50165e-06 0)
(1.0387 4.91908e-06 0)
(1.03873 4.14479e-06 0)
(1.03876 3.72824e-06 0)
(1.03879 3.26798e-06 0)
(1.03882 2.82503e-06 0)
(1.03884 2.48301e-06 0)
(1.03885 2.12912e-06 0)
(1.03887 1.833e-06 0)
(1.03888 1.53893e-06 0)
(1.0389 1.23846e-06 0)
(1.03891 1.14417e-06 0)
(1.03891 8.37174e-07 0)
(1.03892 7.88791e-07 0)
(1.03893 6.94983e-07 0)
(1.03893 5.59457e-07 0)
(1.03894 4.9455e-07 0)
(1.03894 4.39979e-07 0)
(1.03894 3.71586e-07 0)
(1.03895 3.86309e-07 0)
(1.03895 2.49073e-07 0)
(1.03895 2.94502e-07 0)
(1.03895 1.31743e-07 0)
(1.03895 1.2407e-07 0)
(1.03896 1.28979e-07 0)
(1.03896 5.49688e-08 0)
(1.03896 2.39132e-08 0)
(1.03896 5.04572e-08 0)
(1.03896 -4.75529e-08 0)
(1.03896 2.82013e-08 0)
(1.03896 -6.66729e-08 0)
(1.03896 2.15475e-08 0)
(1.03896 -3.34523e-08 0)
(1.03896 6.1139e-09 0)
(1.03896 4.95883e-08 0)
(1.03896 5.55816e-08 0)
(1.03896 4.97794e-08 0)
(1.03896 1.02096e-07 0)
(1.03896 2.66738e-08 0)
(1.03896 1.01291e-07 0)
(1.03896 3.08174e-09 0)
(1.03896 4.29725e-08 0)
(1.03896 -1.64455e-08 0)
(1.03896 -2.43949e-08 0)
(1.03896 -4.47233e-08 0)
(1.03896 -3.88017e-08 0)
(1.03896 -6.00245e-08 0)
(1.03896 3.8019e-09 0)
(1.03896 -3.26807e-08 0)
(1.03896 5.35563e-08 0)
(1.03896 1.41132e-08 0)
(1.03896 6.45956e-08 0)
(1.03896 4.912e-08 0)
(1.03896 5.78341e-08 0)
(1.03896 3.26606e-08 0)
(1.03896 3.76362e-08 0)
(1.03896 -1.45343e-08 0)
(1.03896 2.7095e-09 0)
(1.03896 -6.45898e-08 0)
(1.03896 -4.22244e-08 0)
(1.03896 -8.75154e-08 0)
(1.03896 -6.01625e-08 0)
(1.03896 -5.0347e-08 0)
(1.03896 -3.83502e-09 0)
(1.03896 3.22284e-08 0)
(1.03896 1.00911e-07 0)
(1.03896 1.38857e-07 0)
(1.03896 2.38208e-07 0)
(1.03897 2.98123e-07 0)
(1.03897 4.24801e-07 0)
(1.03897 5.4012e-07 0)
(1.03897 7.35472e-07 0)
(1.03898 1.00266e-06 0)
(1.03899 1.50003e-06 0)
(1.039 2.2857e-06 0)
(1.03902 4.12484e-06 0)
(1.03908 7.07673e-06 0)
(1.03912 1.82794e-05 0)
(1.03944 4.43366e-05 0)
(1.03979 0.000150179 0)
(1.04244 0.000291737 0)
(0.968177 -0.00248744 0)
(1.04881 -0.00162437 0)
(1.02637 -0.000490349 0)
(1.04135 -1.28674e-05 0)
(1.03483 3.38859e-05 0)
(1.03754 -9.54492e-06 0)
(1.03648 -2.86623e-05 0)
(1.0373 -3.54648e-05 0)
(1.03732 -3.15286e-05 0)
(1.03766 -2.74475e-05 0)
(1.03781 -2.25647e-05 0)
(1.038 -1.90293e-05 0)
(1.03813 -1.58549e-05 0)
(1.03825 -1.34541e-05 0)
(1.03834 -1.14054e-05 0)
(1.03843 -9.60533e-06 0)
(1.0385 -8.44195e-06 0)
(1.03856 -7.24705e-06 0)
(1.03861 -6.28301e-06 0)
(1.03866 -5.55314e-06 0)
(1.0387 -4.74235e-06 0)
(1.03873 -4.2872e-06 0)
(1.03876 -3.65305e-06 0)
(1.03879 -3.19193e-06 0)
(1.03882 -2.80736e-06 0)
(1.03884 -2.43589e-06 0)
(1.03885 -2.15685e-06 0)
(1.03887 -1.87365e-06 0)
(1.03888 -1.66967e-06 0)
(1.0389 -1.52911e-06 0)
(1.03891 -1.23354e-06 0)
(1.03891 -1.19818e-06 0)
(1.03892 -9.66711e-07 0)
(1.03893 -7.97628e-07 0)
(1.03893 -6.9858e-07 0)
(1.03894 -5.7739e-07 0)
(1.03894 -4.57084e-07 0)
(1.03894 -3.8024e-07 0)
(1.03895 -2.53611e-07 0)
(1.03895 -2.93269e-07 0)
(1.03895 -1.58621e-07 0)
(1.03895 -2.2885e-07 0)
(1.03895 -1.85561e-07 0)
(1.03896 -1.25234e-07 0)
(1.03896 -1.55866e-07 0)
(1.03896 -1.66295e-07 0)
(1.03896 -1.04578e-07 0)
(1.03896 -1.70641e-07 0)
(1.03896 -7.60143e-08 0)
(1.03896 -1.53857e-07 0)
(1.03896 -5.36558e-08 0)
(1.03896 -8.9066e-08 0)
(1.03896 -4.75674e-08 0)
(1.03896 5.81209e-09 0)
(1.03896 1.58234e-08 0)
(1.03896 1.06838e-08 0)
(1.03896 7.00396e-08 0)
(1.03896 1.06298e-09 0)
(1.03896 7.95433e-08 0)
(1.03896 -1.27753e-08 0)
(1.03896 2.60264e-08 0)
(1.03896 -2.86254e-08 0)
(1.03896 -4.04014e-08 0)
(1.03896 -5.94932e-08 0)
(1.03896 -5.20529e-08 0)
(1.03896 -6.93167e-08 0)
(1.03896 -2.11867e-09 0)
(1.03896 -3.7505e-08 0)
(1.03896 4.60877e-08 0)
(1.03896 8.56548e-09 0)
(1.03896 5.58428e-08 0)
(1.03896 4.3745e-08 0)
(1.03896 5.23421e-08 0)
(1.03896 2.72889e-08 0)
(1.03896 3.0774e-08 0)
(1.03896 -2.20466e-08 0)
(1.03896 -7.90329e-09 0)
(1.03896 -7.86421e-08 0)
(1.03896 -6.33419e-08 0)
(1.03896 -1.14058e-07 0)
(1.03896 -9.91231e-08 0)
(1.03896 -1.03769e-07 0)
(1.03896 -8.18702e-08 0)
(1.03896 -7.93414e-08 0)
(1.03896 -5.87621e-08 0)
(1.03896 -8.68018e-08 0)
(1.03896 -8.13337e-08 0)
(1.03897 -1.52021e-07 0)
(1.03897 -2.1542e-07 0)
(1.03897 -3.67676e-07 0)
(1.03897 -5.76986e-07 0)
(1.03898 -9.09227e-07 0)
(1.03899 -1.47145e-06 0)
(1.039 -2.32934e-06 0)
(1.03902 -4.2076e-06 0)
(1.03908 -7.19511e-06 0)
(1.03912 -1.8371e-05 0)
(1.03944 -4.44119e-05 0)
(1.03979 -0.00015019 0)
(1.04244 -0.000291718 0)
(0.96827 -0.0074823 0)
(1.04897 -0.00486251 0)
(1.0264 -0.0014639 0)
(1.04138 -3.813e-05 0)
(1.03486 0.000101118 0)
(1.03758 -2.96056e-05 0)
(1.03651 -8.60016e-05 0)
(1.03733 -0.000106141 0)
(1.03735 -9.42585e-05 0)
(1.03769 -8.222e-05 0)
(1.03783 -6.81085e-05 0)
(1.03802 -5.72782e-05 0)
(1.03814 -4.77724e-05 0)
(1.03826 -4.03161e-05 0)
(1.03835 -3.41375e-05 0)
(1.03844 -2.90199e-05 0)
(1.03851 -2.51372e-05 0)
(1.03857 -2.16977e-05 0)
(1.03862 -1.88357e-05 0)
(1.03866 -1.65093e-05 0)
(1.0387 -1.43165e-05 0)
(1.03874 -1.26431e-05 0)
(1.03877 -1.09658e-05 0)
(1.0388 -9.5964e-06 0)
(1.03882 -8.39303e-06 0)
(1.03884 -7.30778e-06 0)
(1.03886 -6.40576e-06 0)
(1.03887 -5.54625e-06 0)
(1.03889 -4.84278e-06 0)
(1.0389 -4.26758e-06 0)
(1.03891 -3.58749e-06 0)
(1.03892 -3.21024e-06 0)
(1.03892 -2.70071e-06 0)
(1.03893 -2.27361e-06 0)
(1.03893 -1.93959e-06 0)
(1.03894 -1.62973e-06 0)
(1.03894 -1.34027e-06 0)
(1.03895 -1.12007e-06 0)
(1.03895 -8.81509e-07 0)
(1.03895 -8.22197e-07 0)
(1.03895 -5.97558e-07 0)
(1.03895 -5.73325e-07 0)
(1.03895 -4.81388e-07 0)
(1.03896 -3.71485e-07 0)
(1.03896 -3.59309e-07 0)
(1.03896 -3.4797e-07 0)
(1.03896 -2.54944e-07 0)
(1.03896 -2.88975e-07 0)
(1.03896 -1.7526e-07 0)
(1.03896 -2.36158e-07 0)
(1.03896 -1.25326e-07 0)
(1.03896 -1.40696e-07 0)
(1.03896 -9.94218e-08 0)
(1.03896 -3.75488e-08 0)
(1.03896 -2.29405e-08 0)
(1.03896 -2.6739e-08 0)
(1.03896 3.85158e-08 0)
(1.03896 -2.38895e-08 0)
(1.03896 5.78642e-08 0)
(1.03896 -2.75856e-08 0)
(1.03896 9.98062e-09 0)
(1.03896 -3.89213e-08 0)
(1.03896 -5.43015e-08 0)
(1.03896 -7.12684e-08 0)
(1.03896 -6.25666e-08 0)
(1.03896 -7.62958e-08 0)
(1.03896 -7.06626e-09 0)
(1.03896 -4.15583e-08 0)
(1.03896 3.8226e-08 0)
(1.03896 2.9605e-09 0)
(1.03896 4.64526e-08 0)
(1.03896 3.74836e-08 0)
(1.03896 4.5828e-08 0)
(1.03896 2.18586e-08 0)
(1.03896 2.38172e-08 0)
(1.03896 -2.91548e-08 0)
(1.03896 -1.81057e-08 0)
(1.03896 -9.14771e-08 0)
(1.03896 -8.32484e-08 0)
(1.03896 -1.38881e-07 0)
(1.03896 -1.36789e-07 0)
(1.03896 -1.56061e-07 0)
(1.03896 -1.5904e-07 0)
(1.03896 -1.89661e-07 0)
(1.03896 -2.169e-07 0)
(1.03896 -3.10168e-07 0)
(1.03896 -3.98469e-07 0)
(1.03897 -5.98802e-07 0)
(1.03897 -8.50775e-07 0)
(1.03897 -1.26783e-06 0)
(1.03897 -1.87729e-06 0)
(1.03898 -2.80025e-06 0)
(1.03899 -4.40401e-06 0)
(1.039 -6.8744e-06 0)
(1.03902 -1.24002e-05 0)
(1.03907 -2.12241e-05 0)
(1.03911 -5.44732e-05 0)
(1.03943 -0.000132061 0)
(1.03977 -0.000447342 0)
(1.04236 -0.000869431 0)
(0.968458 -0.0125386 0)
(1.04929 -0.00807035 0)
(1.02647 -0.00241655 0)
(1.04144 -6.41469e-05 0)
(1.03493 0.000166116 0)
(1.03765 -5.03226e-05 0)
(1.03659 -0.000142183 0)
(1.03739 -0.000175316 0)
(1.03741 -0.000155518 0)
(1.03773 -0.000135688 0)
(1.03788 -0.000112536 0)
(1.03805 -9.45794e-05 0)
(1.03817 -7.88771e-05 0)
(1.03829 -6.6486e-05 0)
(1.03838 -5.62821e-05 0)
(1.03846 -4.79248e-05 0)
(1.03852 -4.13828e-05 0)
(1.03858 -3.57548e-05 0)
(1.03863 -3.10417e-05 0)
(1.03868 -2.71553e-05 0)
(1.03871 -2.36162e-05 0)
(1.03875 -2.07595e-05 0)
(1.03878 -1.80638e-05 0)
(1.0388 -1.5812e-05 0)
(1.03883 -1.38139e-05 0)
(1.03884 -1.20284e-05 0)
(1.03886 -1.05228e-05 0)
(1.03888 -9.10398e-06 0)
(1.03889 -7.91025e-06 0)
(1.0389 -6.91514e-06 0)
(1.03891 -5.86426e-06 0)
(1.03892 -5.15288e-06 0)
(1.03892 -4.37235e-06 0)
(1.03893 -3.69775e-06 0)
(1.03894 -3.13447e-06 0)
(1.03894 -2.63829e-06 0)
(1.03894 -2.18945e-06 0)
(1.03895 -1.83223e-06 0)
(1.03895 -1.48316e-06 0)
(1.03895 -1.32536e-06 0)
(1.03895 -1.01266e-06 0)
(1.03895 -8.95334e-07 0)
(1.03896 -7.57931e-07 0)
(1.03896 -6.04929e-07 0)
(1.03896 -5.50967e-07 0)
(1.03896 -5.16343e-07 0)
(1.03896 -3.95613e-07 0)
(1.03896 -3.99126e-07 0)
(1.03896 -2.66155e-07 0)
(1.03896 -3.10623e-07 0)
(1.03896 -1.91037e-07 0)
(1.03896 -1.86563e-07 0)
(1.03896 -1.47168e-07 0)
(1.03896 -7.84961e-08 0)
(1.03896 -5.85663e-08 0)
(1.03896 -6.04875e-08 0)
(1.03896 9.62853e-09 0)
(1.03896 -4.65226e-08 0)
(1.03896 3.80302e-08 0)
(1.03896 -3.99398e-08 0)
(1.03896 -3.70848e-09 0)
(1.03896 -4.64712e-08 0)
(1.03896 -6.52625e-08 0)
(1.03896 -7.98101e-08 0)
(1.03896 -7.01273e-08 0)
(1.03896 -8.1163e-08 0)
(1.03896 -1.11542e-08 0)
(1.03896 -4.50166e-08 0)
(1.03896 3.014e-08 0)
(1.03896 -2.82223e-09 0)
(1.03896 3.66229e-08 0)
(1.03896 3.04196e-08 0)
(1.03896 3.84643e-08 0)
(1.03896 1.63335e-08 0)
(1.03896 1.68973e-08 0)
(1.03896 -3.5971e-08 0)
(1.03896 -2.79047e-08 0)
(1.03896 -1.03164e-07 0)
(1.03896 -1.01857e-07 0)
(1.03896 -1.62029e-07 0)
(1.03896 -1.72879e-07 0)
(1.03896 -2.06653e-07 0)
(1.03896 -2.34053e-07 0)
(1.03896 -2.96769e-07 0)
(1.03896 -3.7053e-07 0)
(1.03896 -5.27178e-07 0)
(1.03896 -7.07422e-07 0)
(1.03897 -1.03403e-06 0)
(1.03897 -1.46911e-06 0)
(1.03897 -2.14229e-06 0)
(1.03897 -3.1373e-06 0)
(1.03898 -4.62539e-06 0)
(1.03899 -7.21828e-06 0)
(1.039 -1.12106e-05 0)
(1.03902 -2.01771e-05 0)
(1.03907 -3.45323e-05 0)
(1.0391 -8.89448e-05 0)
(1.0394 -0.000216433 0)
(1.03973 -0.000734862 0)
(1.04221 -0.00142993 0)
(0.968749 -0.0176988 0)
(1.04977 -0.0112266 0)
(1.02657 -0.00333421 0)
(1.04153 -9.14419e-05 0)
(1.03503 0.000227487 0)
(1.03776 -7.205e-05 0)
(1.0367 -0.000196411 0)
(1.03749 -0.000241962 0)
(1.03749 -0.000214313 0)
(1.03781 -0.000186976 0)
(1.03794 -0.000155095 0)
(1.03811 -0.000130294 0)
(1.03822 -0.000108629 0)
(1.03833 -9.15015e-05 0)
(1.03841 -7.74407e-05 0)
(1.03849 -6.59731e-05 0)
(1.03855 -5.68729e-05 0)
(1.03861 -4.91489e-05 0)
(1.03865 -4.26638e-05 0)
(1.0387 -3.72811e-05 0)
(1.03873 -3.24549e-05 0)
(1.03876 -2.84715e-05 0)
(1.03879 -2.48001e-05 0)
(1.03881 -2.17044e-05 0)
(1.03884 -1.89512e-05 0)
(1.03885 -1.64934e-05 0)
(1.03887 -1.4414e-05 0)
(1.03888 -1.24662e-05 0)
(1.03889 -1.08026e-05 0)
(1.0389 -9.41029e-06 0)
(1.03891 -8.01066e-06 0)
(1.03892 -6.98059e-06 0)
(1.03893 -5.94186e-06 0)
(1.03893 -5.03582e-06 0)
(1.03894 -4.25542e-06 0)
(1.03894 -3.58084e-06 0)
(1.03894 -2.98577e-06 0)
(1.03895 -2.50223e-06 0)
(1.03895 -2.04592e-06 0)
(1.03895 -1.79263e-06 0)
(1.03895 -1.39714e-06 0)
(1.03895 -1.19149e-06 0)
(1.03896 -1.01244e-06 0)
(1.03896 -8.22824e-07 0)
(1.03896 -7.28477e-07 0)
(1.03896 -6.69117e-07 0)
(1.03896 -5.23677e-07 0)
(1.03896 -4.99578e-07 0)
(1.03896 -3.47305e-07 0)
(1.03896 -3.76038e-07 0)
(1.03896 -2.49908e-07 0)
(1.03896 -2.26309e-07 0)
(1.03896 -1.89581e-07 0)
(1.03896 -1.15918e-07 0)
(1.03896 -8.97804e-08 0)
(1.03896 -8.9555e-08 0)
(1.03896 -1.53758e-08 0)
(1.03896 -6.59151e-08 0)
(1.03896 2.10179e-08 0)
(1.03896 -4.9261e-08 0)
(1.03896 -1.46354e-08 0)
(1.03896 -5.1481e-08 0)
(1.03896 -7.34405e-08 0)
(1.03896 -8.58148e-08 0)
(1.03896 -7.52103e-08 0)
(1.03896 -8.45119e-08 0)
(1.03896 -1.45746e-08 0)
(1.03896 -4.7976e-08 0)
(1.03896 2.2172e-08 0)
(1.03896 -8.596e-09 0)
(1.03896 2.69027e-08 0)
(1.03896 2.30563e-08 0)
(1.03896 3.08262e-08 0)
(1.03896 1.08028e-08 0)
(1.03896 1.01115e-08 0)
(1.03896 -4.27587e-08 0)
(1.03896 -3.74993e-08 0)
(1.03896 -1.14044e-07 0)
(1.03896 -1.19358e-07 0)
(1.03896 -1.83769e-07 0)
(1.03896 -2.07178e-07 0)
(1.03896 -2.54947e-07 0)
(1.03896 -3.05545e-07 0)
(1.03896 -3.98749e-07 0)
(1.03896 -5.16823e-07 0)
(1.03896 -7.33974e-07 0)
(1.03896 -1.00247e-06 0)
(1.03897 -1.44944e-06 0)
(1.03897 -2.05818e-06 0)
(1.03897 -2.973e-06 0)
(1.03897 -4.32909e-06 0)
(1.03898 -6.34071e-06 0)
(1.03899 -9.83792e-06 0)
(1.039 -1.52054e-05 0)
(1.03901 -2.72761e-05 0)
(1.03906 -4.66641e-05 0)
(1.03909 -0.000120741 0)
(1.03936 -0.000295407 0)
(1.03967 -0.0010064 0)
(1.04198 -0.00196177 0)
(0.969154 -0.0230075 0)
(1.05043 -0.014308 0)
(1.02671 -0.00420256 0)
(1.04165 -0.000120545 0)
(1.03517 0.000283982 0)
(1.03791 -9.50133e-05 0)
(1.03684 -0.000247841 0)
(1.03761 -0.000305029 0)
(1.0376 -0.000269639 0)
(1.0379 -0.000235207 0)
(1.03802 -0.000195034 0)
(1.03818 -0.000163782 0)
(1.03828 -0.000136488 0)
(1.03838 -0.000114903 0)
(1.03846 -9.72168e-05 0)
(1.03853 -8.28222e-05 0)
(1.03859 -7.13079e-05 0)
(1.03864 -6.16163e-05 0)
(1.03868 -5.34697e-05 0)
(1.03872 -4.66813e-05 0)
(1.03875 -4.06495e-05 0)
(1.03878 -3.56165e-05 0)
(1.03881 -3.10303e-05 0)
(1.03883 -2.71429e-05 0)
(1.03885 -2.36887e-05 0)
(1.03886 -2.06024e-05 0)
(1.03888 -1.79886e-05 0)
(1.03889 -1.55548e-05 0)
(1.0389 -1.34527e-05 0)
(1.03891 -1.16935e-05 0)
(1.03892 -9.97534e-06 0)
(1.03893 -8.64974e-06 0)
(1.03893 -7.37158e-06 0)
(1.03894 -6.25526e-06 0)
(1.03894 -5.27623e-06 0)
(1.03894 -4.43684e-06 0)
(1.03895 -3.71138e-06 0)
(1.03895 -3.11597e-06 0)
(1.03895 -2.55822e-06 0)
(1.03895 -2.21514e-06 0)
(1.03895 -1.746e-06 0)
(1.03896 -1.4599e-06 0)
(1.03896 -1.24354e-06 0)
(1.03896 -1.02341e-06 0)
(1.03896 -8.90536e-07 0)
(1.03896 -8.05577e-07 0)
(1.03896 -6.37847e-07 0)
(1.03896 -5.89983e-07 0)
(1.03896 -4.18858e-07 0)
(1.03896 -4.32439e-07 0)
(1.03896 -3.02188e-07 0)
(1.03896 -2.60499e-07 0)
(1.03896 -2.26248e-07 0)
(1.03896 -1.49351e-07 0)
(1.03896 -1.16155e-07 0)
(1.03896 -1.13749e-07 0)
(1.03896 -3.61441e-08 0)
(1.03896 -8.18647e-08 0)
(1.03896 6.84816e-09 0)
(1.03896 -5.59165e-08 0)
(1.03896 -2.33652e-08 0)
(1.03896 -5.49014e-08 0)
(1.03896 -7.96877e-08 0)
(1.03896 -9.042e-08 0)
(1.03896 -7.86291e-08 0)
(1.03896 -8.68982e-08 0)
(1.03896 -1.74258e-08 0)
(1.03896 -5.03061e-08 0)
(1.03896 1.47484e-08 0)
(1.03896 -1.3908e-08 0)
(1.03896 1.79977e-08 0)
(1.03896 1.61669e-08 0)
(1.03896 2.365e-08 0)
(1.03896 5.44239e-09 0)
(1.03896 3.51673e-09 0)
(1.03896 -4.97176e-08 0)
(1.03896 -4.71162e-08 0)
(1.03896 -1.2445e-07 0)
(1.03896 -1.3599e-07 0)
(1.03896 -2.04274e-07 0)
(1.03896 -2.39319e-07 0)
(1.03896 -3.00152e-07 0)
(1.03896 -3.72092e-07 0)
(1.03896 -4.93707e-07 0)
(1.03896 -6.53062e-07 0)
(1.03896 -9.26685e-07 0)
(1.03896 -1.27771e-06 0)
(1.03896 -1.83647e-06 0)
(1.03897 -2.60557e-06 0)
(1.03897 -3.74205e-06 0)
(1.03897 -5.42559e-06 0)
(1.03898 -7.90453e-06 0)
(1.03898 -1.21921e-05 0)
(1.03899 -1.87377e-05 0)
(1.03901 -3.34579e-05 0)
(1.03904 -5.72017e-05 0)
(1.03907 -0.000148884 0)
(1.03931 -0.000366961 0)
(1.03959 -0.00125572 0)
(1.04168 -0.0024536 0)
(0.969687 -0.0285128 0)
(1.05127 -0.0172891 0)
(1.02688 -0.00500692 0)
(1.0418 -0.000151975 0)
(1.03534 0.000334558 0)
(1.03809 -0.000119263 0)
(1.03702 -0.000295577 0)
(1.03777 -0.000363434 0)
(1.03774 -0.000320479 0)
(1.03802 -0.000279494 0)
(1.03812 -0.0002316 0)
(1.03827 -0.000194406 0)
(1.03836 -0.000161921 0)
(1.03845 -0.000136236 0)
(1.03852 -0.000115222 0)
(1.03858 -9.81382e-05 0)
(1.03863 -8.43987e-05 0)
(1.03868 -7.29033e-05 0)
(1.03872 -6.32361e-05 0)
(1.03875 -5.51592e-05 0)
(1.03878 -4.80254e-05 0)
(1.03881 -4.20387e-05 0)
(1.03883 -3.66175e-05 0)
(1.03885 -3.20047e-05 0)
(1.03886 -2.79176e-05 0)
(1.03888 -2.42615e-05 0)
(1.03889 -2.11627e-05 0)
(1.0389 -1.82965e-05 0)
(1.03891 -1.57987e-05 0)
(1.03892 -1.37097e-05 0)
(1.03892 -1.17107e-05 0)
(1.03893 -1.01201e-05 0)
(1.03894 -8.62711e-06 0)
(1.03894 -7.32617e-06 0)
(1.03894 -6.17274e-06 0)
(1.03895 -5.18744e-06 0)
(1.03895 -4.3494e-06 0)
(1.03895 -3.65933e-06 0)
(1.03895 -3.00917e-06 0)
(1.03895 -2.58457e-06 0)
(1.03896 -2.05459e-06 0)
(1.03896 -1.69846e-06 0)
(1.03896 -1.44946e-06 0)
(1.03896 -1.20436e-06 0)
(1.03896 -1.03547e-06 0)
(1.03896 -9.25037e-07 0)
(1.03896 -7.37293e-07 0)
(1.03896 -6.69947e-07 0)
(1.03896 -4.81439e-07 0)
(1.03896 -4.80179e-07 0)
(1.03896 -3.48366e-07 0)
(1.03896 -2.89875e-07 0)
(1.03896 -2.57154e-07 0)
(1.03896 -1.78641e-07 0)
(1.03896 -1.37905e-07 0)
(1.03896 -1.3332e-07 0)
(1.03896 -5.30222e-08 0)
(1.03896 -9.46855e-08 0)
(1.03896 -5.25062e-09 0)
(1.03896 -6.09759e-08 0)
(1.03896 -3.10054e-08 0)
(1.03896 -5.79431e-08 0)
(1.03896 -8.51595e-08 0)
(1.03896 -9.47472e-08 0)
(1.03896 -8.12819e-08 0)
(1.03896 -8.8758e-08 0)
(1.03896 -1.99515e-08 0)
(1.03896 -5.19958e-08 0)
(1.03896 8.06413e-09 0)
(1.03896 -1.85244e-08 0)
(1.03896 1.02917e-08 0)
(1.03896 1.03073e-08 0)
(1.03896 1.73747e-08 0)
(1.03896 3.43663e-10 0)
(1.03896 -2.89162e-09 0)
(1.03896 -5.69019e-08 0)
(1.03896 -5.69369e-08 0)
(1.03896 -1.3457e-07 0)
(1.03896 -1.51903e-07 0)
(1.03896 -2.23483e-07 0)
(1.03896 -2.688e-07 0)
(1.03896 -3.414e-07 0)
(1.03896 -4.3242e-07 0)
(1.03896 -5.79865e-07 0)
(1.03896 -7.76649e-07 0)
(1.03896 -1.10133e-06 0)
(1.03896 -1.52711e-06 0)
(1.03896 -2.18648e-06 0)
(1.03897 -3.09916e-06 0)
(1.03897 -4.43229e-06 0)
(1.03897 -6.40156e-06 0)
(1.03897 -9.27903e-06 0)
(1.03898 -1.42185e-05 0)
(1.03899 -2.17024e-05 0)
(1.039 -3.85162e-05 0)
(1.03903 -6.57812e-05 0)
(1.03905 -0.000172486 0)
(1.03925 -0.000429212 0)
(1.03949 -0.00147675 0)
(1.04131 -0.00289415 0)
(0.97037 -0.0342673 0)
(1.0523 -0.0201405 0)
(1.0271 -0.0057321 0)
(1.04198 -0.000186194 0)
(1.03555 0.000378416 0)
(1.03831 -0.000144635 0)
(1.03724 -0.000338651 0)
(1.03796 -0.000416058 0)
(1.0379 -0.000365807 0)
(1.03816 -0.000318948 0)
(1.03824 -0.000264042 0)
(1.03837 -0.000221532 0)
(1.03845 -0.000184402 0)
(1.03853 -0.00015506 0)
(1.03859 -0.000131078 0)
(1.03864 -0.000111601 0)
(1.03869 -9.58705e-05 0)
(1.03872 -8.27697e-05 0)
(1.03876 -7.17531e-05 0)
(1.03879 -6.25313e-05 0)
(1.03881 -5.44212e-05 0)
(1.03883 -4.75942e-05 0)
(1.03885 -4.14363e-05 0)
(1.03887 -3.61795e-05 0)
(1.03888 -3.15401e-05 0)
(1.03889 -2.73872e-05 0)
(1.0389 -2.38624e-05 0)
(1.03891 -2.06263e-05 0)
(1.03892 -1.77861e-05 0)
(1.03893 -1.54104e-05 0)
(1.03893 -1.31751e-05 0)
(1.03894 -1.13566e-05 0)
(1.03894 -9.67886e-06 0)
(1.03894 -8.22275e-06 0)
(1.03895 -6.92385e-06 0)
(1.03895 -5.81598e-06 0)
(1.03895 -4.88456e-06 0)
(1.03895 -4.11865e-06 0)
(1.03895 -3.38876e-06 0)
(1.03896 -2.89307e-06 0)
(1.03896 -2.31797e-06 0)
(1.03896 -1.90399e-06 0)
(1.03896 -1.62699e-06 0)
(1.03896 -1.36191e-06 0)
(1.03896 -1.16044e-06 0)
(1.03896 -1.02599e-06 0)
(1.03896 -8.21012e-07 0)
(1.03896 -7.38586e-07 0)
(1.03896 -5.35574e-07 0)
(1.03896 -5.19657e-07 0)
(1.03896 -3.88935e-07 0)
(1.03896 -3.15406e-07 0)
(1.03896 -2.83022e-07 0)
(1.03896 -2.04354e-07 0)
(1.03896 -1.56233e-07 0)
(1.03896 -1.49326e-07 0)
(1.03896 -6.74021e-08 0)
(1.03896 -1.05642e-07 0)
(1.03896 -1.7025e-08 0)
(1.03896 -6.59999e-08 0)
(1.03896 -3.92475e-08 0)
(1.03896 -6.23159e-08 0)
(1.03896 -9.15655e-08 0)
(1.03896 -1.00233e-07 0)
(1.03896 -8.46412e-08 0)
(1.03896 -9.12278e-08 0)
(1.03896 -2.35525e-08 0)
(1.03896 -5.42296e-08 0)
(1.03896 1.02546e-09 0)
(1.03896 -2.32715e-08 0)
(1.03896 2.93061e-09 0)
(1.03896 4.76951e-09 0)
(1.03896 1.12263e-08 0)
(1.03896 -5.16215e-09 0)
(1.03896 -9.83314e-09 0)
(1.03896 -6.49407e-08 0)
(1.03896 -6.77883e-08 0)
(1.03896 -1.45128e-07 0)
(1.03896 -1.67747e-07 0)
(1.03896 -2.41769e-07 0)
(1.03896 -2.95727e-07 0)
(1.03896 -3.78518e-07 0)
(1.03896 -4.86069e-07 0)
(1.03896 -6.56061e-07 0)
(1.03896 -8.85508e-07 0)
(1.03896 -1.25435e-06 0)
(1.03896 -1.74528e-06 0)
(1.03896 -2.49174e-06 0)
(1.03896 -3.52822e-06 0)
(1.03897 -5.02866e-06 0)
(1.03897 -7.23526e-06 0)
(1.03897 -1.04323e-05 0)
(1.03898 -1.58661e-05 0)
(1.03898 -2.40159e-05 0)
(1.03899 -4.22875e-05 0)
(1.03901 -7.21077e-05 0)
(1.03902 -0.000190782 0)
(1.03917 -0.000480457 0)
(1.03938 -0.00166367 0)
(1.04087 -0.00327232 0)
(0.971232 -0.0403297 0)
(1.05354 -0.0228282 0)
(1.02736 -0.00636228 0)
(1.0422 -0.000223543 0)
(1.03581 0.000415042 0)
(1.03857 -0.000170708 0)
(1.03749 -0.000376023 0)
(1.03817 -0.000461734 0)
(1.03809 -0.000404576 0)
(1.03832 -0.000352666 0)
(1.03838 -0.000291611 0)
(1.03849 -0.000244535 0)
(1.03855 -0.000203414 0)
(1.03862 -0.000170944 0)
(1.03867 -0.000144422 0)
(1.03871 -0.000122901 0)
(1.03875 -0.000105461 0)
(1.03878 -9.0989e-05 0)
(1.0388 -7.88247e-05 0)
(1.03883 -6.86279e-05 0)
(1.03885 -5.96892e-05 0)
(1.03886 -5.21522e-05 0)
(1.03888 -4.53734e-05 0)
(1.03889 -3.95694e-05 0)
(1.0389 -3.447e-05 0)
(1.03891 -2.99058e-05 0)
(1.03892 -2.60241e-05 0)
(1.03892 -2.24877e-05 0)
(1.03893 -1.93678e-05 0)
(1.03894 -1.67545e-05 0)
(1.03894 -1.43323e-05 0)
(1.03894 -1.2329e-05 0)
(1.03895 -1.05013e-05 0)
(1.03895 -8.92266e-06 0)
(1.03895 -7.51059e-06 0)
(1.03895 -6.30703e-06 0)
(1.03895 -5.30254e-06 0)
(1.03895 -4.48042e-06 0)
(1.03896 -3.68719e-06 0)
(1.03896 -3.13277e-06 0)
(1.03896 -2.52972e-06 0)
(1.03896 -2.07112e-06 0)
(1.03896 -1.77055e-06 0)
(1.03896 -1.49031e-06 0)
(1.03896 -1.26112e-06 0)
(1.03896 -1.10573e-06 0)
(1.03896 -8.87366e-07 0)
(1.03896 -7.9431e-07 0)
(1.03896 -5.81205e-07 0)
(1.03896 -5.51167e-07 0)
(1.03896 -4.24377e-07 0)
(1.03896 -3.38534e-07 0)
(1.03896 -3.05614e-07 0)
(1.03896 -2.27993e-07 0)
(1.03896 -1.73298e-07 0)
(1.03896 -1.63824e-07 0)
(1.03896 -8.16366e-08 0)
(1.03896 -1.16886e-07 0)
(1.03896 -3.08555e-08 0)
(1.03896 -7.29951e-08 0)
(1.03896 -5.03435e-08 0)
(1.03896 -7.02171e-08 0)
(1.03896 -1.01222e-07 0)
(1.03896 -1.0897e-07 0)
(1.03896 -9.12819e-08 0)
(1.03896 -9.67933e-08 0)
(1.03896 -3.09475e-08 0)
(1.03896 -5.95912e-08 0)
(1.03896 -8.68021e-09 0)
(1.03896 -3.02633e-08 0)
(1.03896 -6.16311e-09 0)
(1.03896 -2.68991e-09 0)
(1.03896 3.15597e-09 0)
(1.03896 -1.28673e-08 0)
(1.03896 -1.90563e-08 0)
(1.03896 -7.53918e-08 0)
(1.03896 -8.14102e-08 0)
(1.03896 -1.57694e-07 0)
(1.03896 -1.84969e-07 0)
(1.03896 -2.60358e-07 0)
(1.03896 -3.21192e-07 0)
(1.03896 -4.12256e-07 0)
(1.03896 -5.33318e-07 0)
(1.03896 -7.21625e-07 0)
(1.03896 -9.77981e-07 0)
(1.03896 -1.38261e-06 0)
(1.03896 -1.92738e-06 0)
(1.03896 -2.74539e-06 0)
(1.03896 -3.88322e-06 0)
(1.03896 -5.51785e-06 0)
(1.03897 -7.90804e-06 0)
(1.03897 -1.13384e-05 0)
(1.03897 -1.70957e-05 0)
(1.03898 -2.56181e-05 0)
(1.03898 -4.46571e-05 0)
(1.03899 -7.59679e-05 0)
(1.03899 -0.000203157 0)
(1.0391 -0.000519215 0)
(1.03926 -0.00181096 0)
(1.04037 -0.00357723 0)
(0.972311 -0.0467662 0)
(1.055 -0.0253119 0)
(1.02768 -0.00688076 0)
(1.04245 -0.000264117 0)
(1.0361 0.000444234 0)
(1.03886 -0.000196761 0)
(1.03778 -0.000406564 0)
(1.03841 -0.000499233 0)
(1.03831 -0.000435716 0)
(1.0385 -0.000379726 0)
(1.03854 -0.000313552 0)
(1.03862 -0.000262787 0)
(1.03867 -0.000218442 0)
(1.03872 -0.000183461 0)
(1.03875 -0.000154893 0)
(1.03878 -0.000131733 0)
(1.03881 -0.000112914 0)
(1.03883 -9.73412e-05 0)
(1.03885 -8.42612e-05 0)
(1.03887 -7.32857e-05 0)
(1.03888 -6.36874e-05 0)
(1.03889 -5.55872e-05 0)
(1.0389 -4.83198e-05 0)
(1.03891 -4.20812e-05 0)
(1.03892 -3.66248e-05 0)
(1.03893 -3.17464e-05 0)
(1.03893 -2.75861e-05 0)
(1.03894 -2.38248e-05 0)
(1.03894 -2.04962e-05 0)
(1.03894 -1.76999e-05 0)
(1.03895 -1.51443e-05 0)
(1.03895 -1.30044e-05 0)
(1.03895 -1.10654e-05 0)
(1.03895 -9.39977e-06 0)
(1.03895 -7.90921e-06 0)
(1.03895 -6.63975e-06 0)
(1.03895 -5.58404e-06 0)
(1.03896 -4.7261e-06 0)
(1.03896 -3.88949e-06 0)
(1.03896 -3.29072e-06 0)
(1.03896 -2.67698e-06 0)
(1.03896 -2.18784e-06 0)
(1.03896 -1.86832e-06 0)
(1.03896 -1.5785e-06 0)
(1.03896 -1.32847e-06 0)
(1.03896 -1.15711e-06 0)
(1.03896 -9.30325e-07 0)
(1.03896 -8.31139e-07 0)
(1.03896 -6.1348e-07 0)
(1.03896 -5.70663e-07 0)
(1.03896 -4.50666e-07 0)
(1.03896 -3.56154e-07 0)
(1.03896 -3.22432e-07 0)
(1.03896 -2.46658e-07 0)
(1.03896 -1.86887e-07 0)
(1.03896 -1.74767e-07 0)
(1.03896 -9.38276e-08 0)
(1.03896 -1.26214e-07 0)
(1.03896 -4.39012e-08 0)
(1.03896 -7.98517e-08 0)
(1.03896 -6.16603e-08 0)
(1.03896 -7.89403e-08 0)
(1.03896 -1.1125e-07 0)
(1.03896 -1.18295e-07 0)
(1.03896 -9.92392e-08 0)
(1.03896 -1.03518e-07 0)
(1.03896 -4.01081e-08 0)
(1.03896 -6.59132e-08 0)
(1.03896 -1.93553e-08 0)
(1.03896 -3.79791e-08 0)
(1.03896 -1.52111e-08 0)
(1.03896 -1.0096e-08 0)
(1.03896 -4.58433e-09 0)
(1.03896 -2.03878e-08 0)
(1.03896 -2.83102e-08 0)
(1.03896 -8.55816e-08 0)
(1.03896 -9.50059e-08 0)
(1.03896 -1.69402e-07 0)
(1.03896 -2.00517e-07 0)
(1.03896 -2.7611e-07 0)
(1.03896 -3.4207e-07 0)
(1.03896 -4.39166e-07 0)
(1.03896 -5.7034e-07 0)
(1.03896 -7.72001e-07 0)
(1.03896 -1.0488e-06 0)
(1.03896 -1.47929e-06 0)
(1.03896 -2.06463e-06 0)
(1.03896 -2.93605e-06 0)
(1.03896 -4.14968e-06 0)
(1.03896 -5.88165e-06 0)
(1.03896 -8.39736e-06 0)
(1.03896 -1.19696e-05 0)
(1.03897 -1.78736e-05 0)
(1.03897 -2.64668e-05 0)
(1.03897 -4.55581e-05 0)
(1.03897 -7.72348e-05 0)
(1.03896 -0.000209165 0)
(1.03901 -0.000544258 0)
(1.03912 -0.0019135 0)
(1.03982 -0.00379826 0)
(0.973658 -0.053653 0)
(1.05672 -0.0275432 0)
(1.02804 -0.00726977 0)
(1.04273 -0.000307627 0)
(1.03644 0.000466085 0)
(1.03919 -0.000221758 0)
(1.0381 -0.000429071 0)
(1.03868 -0.000527265 0)
(1.03854 -0.000458137 0)
(1.03869 -0.000399199 0)
(1.0387 -0.000329114 0)
(1.03876 -0.00027567 0)
(1.03879 -0.000228976 0)
(1.03882 -0.000192189 0)
(1.03884 -0.000162138 0)
(1.03886 -0.000137801 0)
(1.03888 -0.000117982 0)
(1.03889 -0.000101617 0)
(1.0389 -8.78834e-05 0)
(1.03891 -7.63508e-05 0)
(1.03892 -6.62837e-05 0)
(1.03892 -5.77838e-05 0)
(1.03893 -5.01759e-05 0)
(1.03893 -4.36314e-05 0)
(1.03894 -3.79311e-05 0)
(1.03894 -3.28451e-05 0)
(1.03894 -2.84942e-05 0)
(1.03895 -2.45881e-05 0)
(1.03895 -2.11285e-05 0)
(1.03895 -1.82096e-05 0)
(1.03895 -1.55765e-05 0)
(1.03895 -1.33525e-05 0)
(1.03895 -1.13445e-05 0)
(1.03895 -9.62974e-06 0)
(1.03895 -8.09725e-06 0)
(1.03895 -6.79432e-06 0)
(1.03895 -5.71144e-06 0)
(1.03895 -4.83894e-06 0)
(1.03895 -3.98189e-06 0)
(1.03895 -3.35512e-06 0)
(1.03895 -2.74708e-06 0)
(1.03895 -2.24228e-06 0)
(1.03895 -1.90901e-06 0)
(1.03895 -1.61588e-06 0)
(1.03895 -1.35321e-06 0)
(1.03895 -1.17184e-06 0)
(1.03895 -9.41798e-07 0)
(1.03895 -8.40661e-07 0)
(1.03895 -6.23539e-07 0)
(1.03895 -5.69926e-07 0)
(1.03895 -4.58386e-07 0)
(1.03895 -3.58052e-07 0)
(1.03895 -3.22406e-07 0)
(1.03895 -2.48981e-07 0)
(1.03895 -1.8639e-07 0)
(1.03895 -1.71661e-07 0)
(1.03895 -9.26175e-08 0)
(1.03895 -1.21977e-07 0)
(1.03895 -4.41188e-08 0)
(1.03895 -7.55362e-08 0)
(1.03895 -6.14529e-08 0)
(1.03895 -7.665e-08 0)
(1.03895 -1.10427e-07 0)
(1.03895 -1.1715e-07 0)
(1.03895 -9.78502e-08 0)
(1.03895 -1.00546e-07 0)
(1.03895 -3.90571e-08 0)
(1.03895 -6.16167e-08 0)
(1.03895 -1.98866e-08 0)
(1.03895 -3.56981e-08 0)
(1.03895 -1.38008e-08 0)
(1.03895 -6.42264e-09 0)
(1.03895 -9.95014e-10 0)
(1.03895 -1.65859e-08 0)
(1.03895 -2.63928e-08 0)
(1.03895 -8.39745e-08 0)
(1.03895 -9.7008e-08 0)
(1.03895 -1.68858e-07 0)
(1.03895 -2.02885e-07 0)
(1.03895 -2.78296e-07 0)
(1.03895 -3.48536e-07 0)
(1.03895 -4.50416e-07 0)
(1.03895 -5.893e-07 0)
(1.03895 -8.00219e-07 0)
(1.03895 -1.09159e-06 0)
(1.03895 -1.53793e-06 0)
(1.03895 -2.14951e-06 0)
(1.03895 -3.05312e-06 0)
(1.03895 -4.31338e-06 0)
(1.03895 -6.10219e-06 0)
(1.03895 -8.68189e-06 0)
(1.03895 -1.23022e-05 0)
(1.03895 -1.81759e-05 0)
(1.03895 -2.65441e-05 0)
(1.03895 -4.49806e-05 0)
(1.03895 -7.58837e-05 0)
(1.03893 -0.000208568 0)
(1.03892 -0.000554664 0)
(1.03898 -0.00196674 0)
(1.03921 -0.00392521 0)
(0.975339 -0.0610796 0)
(1.0587 -0.0294629 0)
(1.02846 -0.00751019 0)
(1.04304 -0.000353296 0)
(1.03682 0.000480823 0)
(1.03954 -0.000244437 0)
(1.03844 -0.000442387 0)
(1.03896 -0.000544589 0)
(1.03878 -0.000470845 0)
(1.0389 -0.000410254 0)
(1.03888 -0.000337654 0)
(1.03891 -0.000282674 0)
(1.03891 -0.000234616 0)
(1.03892 -0.000196813 0)
(1.03893 -0.000165912 0)
(1.03893 -0.000140918 0)
(1.03894 -0.000120528 0)
(1.03894 -0.000103719 0)
(1.03894 -8.9625e-05 0)
(1.03894 -7.77834e-05 0)
(1.03894 -6.746e-05 0)
(1.03894 -5.87425e-05 0)
(1.03894 -5.09584e-05 0)
(1.03894 -4.42531e-05 0)
(1.03894 -3.84335e-05 0)
(1.03894 -3.32554e-05 0)
(1.03894 -2.88119e-05 0)
(1.03894 -2.48467e-05 0)
(1.03894 -2.13386e-05 0)
(1.03894 -1.83627e-05 0)
(1.03894 -1.5709e-05 0)
(1.03894 -1.34561e-05 0)
(1.03894 -1.14232e-05 0)
(1.03894 -9.69869e-06 0)
(1.03894 -8.16127e-06 0)
(1.03894 -6.85787e-06 0)
(1.03894 -5.77229e-06 0)
(1.03894 -4.90509e-06 0)
(1.03894 -4.04961e-06 0)
(1.03894 -3.41018e-06 0)
(1.03894 -2.81954e-06 0)
(1.03894 -2.31065e-06 0)
(1.03894 -1.9665e-06 0)
(1.03894 -1.6722e-06 0)
(1.03894 -1.40154e-06 0)
(1.03894 -1.21584e-06 0)
(1.03894 -9.8697e-07 0)
(1.03894 -8.8709e-07 0)
(1.03894 -6.73832e-07 0)
(1.03894 -6.10721e-07 0)
(1.03894 -5.06342e-07 0)
(1.03893 -3.9824e-07 0)
(1.03893 -3.60116e-07 0)
(1.03893 -2.90908e-07 0)
(1.03893 -2.28511e-07 0)
(1.03893 -2.12419e-07 0)
(1.03893 -1.38006e-07 0)
(1.03893 -1.64475e-07 0)
(1.03893 -9.18523e-08 0)
(1.03893 -1.19862e-07 0)
(1.03893 -1.09746e-07 0)
(1.03893 -1.23218e-07 0)
(1.03893 -1.56351e-07 0)
(1.03893 -1.63122e-07 0)
(1.03893 -1.43634e-07 0)
(1.03893 -1.44619e-07 0)
(1.03893 -8.62645e-08 0)
(1.03893 -1.06166e-07 0)
(1.03893 -6.9566e-08 0)
(1.03893 -8.30376e-08 0)
(1.03893 -6.20863e-08 0)
(1.03893 -5.21509e-08 0)
(1.03893 -4.69686e-08 0)
(1.03893 -6.22067e-08 0)
(1.03893 -7.32348e-08 0)
(1.03893 -1.28809e-07 0)
(1.03893 -1.43747e-07 0)
(1.03893 -2.11614e-07 0)
(1.03893 -2.47051e-07 0)
(1.03893 -3.21171e-07 0)
(1.03893 -3.97029e-07 0)
(1.03893 -5.05254e-07 0)
(1.03893 -6.52503e-07 0)
(1.03893 -8.70896e-07 0)
(1.03893 -1.17303e-06 0)
(1.03893 -1.6329e-06 0)
(1.03893 -2.26231e-06 0)
(1.03893 -3.18018e-06 0)
(1.03893 -4.45958e-06 0)
(1.03893 -6.2655e-06 0)
(1.03893 -8.8484e-06 0)
(1.03893 -1.24251e-05 0)
(1.03893 -1.81006e-05 0)
(1.03893 -2.59692e-05 0)
(1.03892 -4.30865e-05 0)
(1.03891 -7.21093e-05 0)
(1.03889 -0.000201469 0)
(1.03882 -0.000549963 0)
(1.03882 -0.00196691 0)
(1.03856 -0.00394854 0)
(0.977433 -0.0691529 0)
(1.06097 -0.0309984 0)
(1.02893 -0.00758123 0)
(1.04333 -0.000399687 0)
(1.03721 0.000488558 0)
(1.03989 -0.000263472 0)
(1.03878 -0.000445569 0)
(1.03924 -0.000550141 0)
(1.03901 -0.000473076 0)
(1.03908 -0.0004123 0)
(1.03903 -0.00033879 0)
(1.03902 -0.000283564 0)
(1.039 -0.00023525 0)
(1.03899 -0.000197324 0)
(1.03898 -0.000166286 0)
(1.03897 -0.000141215 0)
(1.03896 -0.000120735 0)
(1.03896 -0.000103869 0)
(1.03895 -8.97376e-05 0)
(1.03894 -7.78631e-05 0)
(1.03894 -6.75212e-05 0)
(1.03893 -5.87899e-05 0)
(1.03893 -5.10127e-05 0)
(1.03892 -4.431e-05 0)
(1.03892 -3.85099e-05 0)
(1.03891 -3.33673e-05 0)
(1.03891 -2.8943e-05 0)
(1.03891 -2.50146e-05 0)
(1.0389 -2.15427e-05 0)
(1.0389 -1.85786e-05 0)
(1.0389 -1.59603e-05 0)
(1.0389 -1.37327e-05 0)
(1.03889 -1.17187e-05 0)
(1.03889 -1.00217e-05 0)
(1.03889 -8.51275e-06 0)
(1.03889 -7.23679e-06 0)
(1.03889 -6.16745e-06 0)
(1.03889 -5.31747e-06 0)
(1.03889 -4.47611e-06 0)
(1.03889 -3.83021e-06 0)
(1.03889 -3.25548e-06 0)
(1.03888 -2.74344e-06 0)
(1.03888 -2.38737e-06 0)
(1.03888 -2.08606e-06 0)
(1.03888 -1.805e-06 0)
(1.03888 -1.62189e-06 0)
(1.03888 -1.40247e-06 0)
(1.03888 -1.31005e-06 0)
(1.03888 -1.11035e-06 0)
(1.03888 -1.04509e-06 0)
(1.03888 -9.52921e-07 0)
(1.03888 -8.47551e-07 0)
(1.03888 -8.08769e-07 0)
(1.03888 -7.4636e-07 0)
(1.03888 -6.86885e-07 0)
(1.03888 -6.70509e-07 0)
(1.03888 -6.02501e-07 0)
(1.03888 -6.26728e-07 0)
(1.03888 -5.59881e-07 0)
(1.03888 -5.84942e-07 0)
(1.03888 -5.78499e-07 0)
(1.03888 -5.90451e-07 0)
(1.03888 -6.2092e-07 0)
(1.03888 -6.27465e-07 0)
(1.03888 -6.07367e-07 0)
(1.03888 -6.06772e-07 0)
(1.03888 -5.53272e-07 0)
(1.03888 -5.7163e-07 0)
(1.03888 -5.40062e-07 0)
(1.03888 -5.52076e-07 0)
(1.03888 -5.32131e-07 0)
(1.03888 -5.20361e-07 0)
(1.03888 -5.15312e-07 0)
(1.03888 -5.29955e-07 0)
(1.03888 -5.41209e-07 0)
(1.03888 -5.92993e-07 0)
(1.03888 -6.07984e-07 0)
(1.03888 -6.70511e-07 0)
(1.03888 -7.05414e-07 0)
(1.03888 -7.75915e-07 0)
(1.03888 -8.50301e-07 0)
(1.03888 -9.5766e-07 0)
(1.03888 -1.10468e-06 0)
(1.03888 -1.32131e-06 0)
(1.03888 -1.62402e-06 0)
(1.03888 -2.10326e-06 0)
(1.03888 -2.75446e-06 0)
(1.03888 -3.68884e-06 0)
(1.03888 -4.97636e-06 0)
(1.03888 -6.77222e-06 0)
(1.03888 -9.30796e-06 0)
(1.03888 -1.27605e-05 0)
(1.03887 -1.80906e-05 0)
(1.03887 -2.52234e-05 0)
(1.03886 -4.04333e-05 0)
(1.03884 -6.6548e-05 0)
(1.03881 -0.000188537 0)
(1.0387 -0.000530315 0)
(1.03863 -0.00191143 0)
(1.03784 -0.00385964 0)
(0.980017 -0.0779937 0)
(1.06349 -0.032056 0)
(1.02937 -0.00745895 0)
(1.04355 -0.000443725 0)
(1.03755 0.000489639 0)
(1.04016 -0.000276996 0)
(1.03904 -0.000437396 0)
(1.03943 -0.000542486 0)
(1.03916 -0.000463766 0)
(1.03918 -0.000404468 0)
(1.03908 -0.00033191 0)
(1.03905 -0.000277915 0)
(1.039 -0.000230631 0)
(1.03897 -0.00019362 0)
(1.03894 -0.000163248 0)
(1.03891 -0.000138736 0)
(1.03889 -0.000118692 0)
(1.03887 -0.000102194 0)
(1.03885 -8.83813e-05 0)
(1.03884 -7.67771e-05 0)
(1.03882 -6.66778e-05 0)
(1.03881 -5.81556e-05 0)
(1.0388 -5.05847e-05 0)
(1.03879 -4.40623e-05 0)
(1.03878 -3.84317e-05 0)
(1.03878 -3.346e-05 0)
(1.03877 -2.91771e-05 0)
(1.03876 -2.53891e-05 0)
(1.03876 -2.20401e-05 0)
(1.03875 -1.91617e-05 0)
(1.03875 -1.66362e-05 0)
(1.03874 -1.44893e-05 0)
(1.03874 -1.25407e-05 0)
(1.03874 -1.09096e-05 0)
(1.03874 -9.46252e-06 0)
(1.03873 -8.2403e-06 0)
(1.03873 -7.20542e-06 0)
(1.03873 -6.38275e-06 0)
(1.03873 -5.56593e-06 0)
(1.03873 -4.91894e-06 0)
(1.03873 -4.35707e-06 0)
(1.03873 -3.84451e-06 0)
(1.03873 -3.49631e-06 0)
(1.03873 -3.21363e-06 0)
(1.03873 -2.94816e-06 0)
(1.03873 -2.77857e-06 0)
(1.03873 -2.57654e-06 0)
(1.03872 -2.49705e-06 0)
(1.03872 -2.31922e-06 0)
(1.03872 -2.25841e-06 0)
(1.03872 -2.18218e-06 0)
(1.03872 -2.08988e-06 0)
(1.03872 -2.05313e-06 0)
(1.03872 -1.99892e-06 0)
(1.03872 -1.94408e-06 0)
(1.03872 -1.92769e-06 0)
(1.03872 -1.86504e-06 0)
(1.03872 -1.88784e-06 0)
(1.03872 -1.82677e-06 0)
(1.03872 -1.84937e-06 0)
(1.03872 -1.84562e-06 0)
(1.03872 -1.85589e-06 0)
(1.03872 -1.88367e-06 0)
(1.03872 -1.88928e-06 0)
(1.03872 -1.86888e-06 0)
(1.03872 -1.86725e-06 0)
(1.03872 -1.81895e-06 0)
(1.03872 -1.83677e-06 0)
(1.03872 -1.81018e-06 0)
(1.03872 -1.8216e-06 0)
(1.03872 -1.80265e-06 0)
(1.03872 -1.78996e-06 0)
(1.03872 -1.78458e-06 0)
(1.03872 -1.79851e-06 0)
(1.03872 -1.80916e-06 0)
(1.03872 -1.85709e-06 0)
(1.03872 -1.87146e-06 0)
(1.03872 -1.928e-06 0)
(1.03872 -1.96052e-06 0)
(1.03872 -2.02578e-06 0)
(1.03872 -2.093e-06 0)
(1.03872 -2.19295e-06 0)
(1.03872 -2.3314e-06 0)
(1.03872 -2.53718e-06 0)
(1.03872 -2.82806e-06 0)
(1.03872 -3.28936e-06 0)
(1.03872 -3.92599e-06 0)
(1.03872 -4.87963e-06 0)
(1.03872 -6.16579e-06 0)
(1.03872 -7.92503e-06 0)
(1.03872 -1.03649e-05 0)
(1.03872 -1.36183e-05 0)
(1.03871 -1.8477e-05 0)
(1.0387 -2.46871e-05 0)
(1.03869 -3.75189e-05 0)
(1.03867 -5.985e-05 0)
(1.03863 -0.000170633 0)
(1.03847 -0.000496027 0)
(1.03834 -0.00179844 0)
(1.03701 -0.00365049 0)
(0.983101 -0.0876987 0)
(1.0661 -0.0325088 0)
(1.02959 -0.00711455 0)
(1.04347 -0.00047898 0)
(1.03762 0.000485708 0)
(1.04015 -0.000281181 0)
(1.03903 -0.000415002 0)
(1.03933 -0.000518471 0)
(1.03901 -0.000440166 0)
(1.03897 -0.000384185 0)
(1.03883 -0.000314675 0)
(1.03876 -0.000263545 0)
(1.03869 -0.000218711 0)
(1.03863 -0.000183755 0)
(1.03858 -0.000154917 0)
(1.03854 -0.00013164 0)
(1.0385 -0.000112586 0)
(1.03847 -9.69021e-05 0)
(1.03844 -8.37723e-05 0)
(1.03842 -7.27435e-05 0)
(1.0384 -6.31427e-05 0)
(1.03838 -5.50399e-05 0)
(1.03836 -4.78544e-05 0)
(1.03835 -4.16626e-05 0)
(1.03833 -3.63174e-05 0)
(1.03832 -3.16084e-05 0)
(1.03831 -2.75404e-05 0)
(1.0383 -2.39444e-05 0)
(1.03829 -2.08082e-05 0)
(1.03829 -1.81013e-05 0)
(1.03828 -1.57376e-05 0)
(1.03828 -1.3738e-05 0)
(1.03827 -1.19167e-05 0)
(1.03827 -1.04046e-05 0)
(1.03827 -9.06909e-06 0)
(1.03826 -7.94509e-06 0)
(1.03826 -6.98545e-06 0)
(1.03826 -6.22569e-06 0)
(1.03826 -5.47414e-06 0)
(1.03826 -4.86725e-06 0)
(1.03825 -4.35338e-06 0)
(1.03825 -3.87731e-06 0)
(1.03825 -3.54478e-06 0)
(1.03825 -3.29573e-06 0)
(1.03825 -3.06737e-06 0)
(1.03825 -2.91879e-06 0)
(1.03825 -2.73793e-06 0)
(1.03825 -2.67278e-06 0)
(1.03825 -2.5172e-06 0)
(1.03825 -2.46116e-06 0)
(1.03825 -2.3972e-06 0)
(1.03825 -2.31589e-06 0)
(1.03825 -2.2828e-06 0)
(1.03825 -2.23716e-06 0)
(1.03825 -2.18838e-06 0)
(1.03825 -2.17303e-06 0)
(1.03825 -2.11618e-06 0)
(1.03825 -2.13829e-06 0)
(1.03825 -2.08292e-06 0)
(1.03825 -2.10319e-06 0)
(1.03825 -2.10102e-06 0)
(1.03825 -2.1091e-06 0)
(1.03825 -2.13318e-06 0)
(1.03825 -2.13774e-06 0)
(1.03825 -2.11763e-06 0)
(1.03825 -2.1162e-06 0)
(1.03825 -2.07402e-06 0)
(1.03825 -2.09207e-06 0)
(1.03825 -2.07039e-06 0)
(1.03825 -2.08145e-06 0)
(1.03825 -2.06355e-06 0)
(1.03825 -2.05064e-06 0)
(1.03825 -2.04508e-06 0)
(1.03825 -2.05835e-06 0)
(1.03825 -2.06759e-06 0)
(1.03825 -2.11063e-06 0)
(1.03825 -2.12292e-06 0)
(1.03825 -2.1725e-06 0)
(1.03825 -2.20124e-06 0)
(1.03825 -2.26096e-06 0)
(1.03825 -2.32394e-06 0)
(1.03825 -2.41828e-06 0)
(1.03825 -2.54846e-06 0)
(1.03825 -2.74099e-06 0)
(1.03825 -3.01309e-06 0)
(1.03825 -3.42522e-06 0)
(1.03825 -4.03035e-06 0)
(1.03825 -4.93468e-06 0)
(1.03824 -6.14762e-06 0)
(1.03824 -7.795e-06 0)
(1.03824 -1.00544e-05 0)
(1.03824 -1.30139e-05 0)
(1.03823 -1.72794e-05 0)
(1.03822 -2.24308e-05 0)
(1.03821 -3.26422e-05 0)
(1.03818 -5.06795e-05 0)
(1.03814 -0.000147058 0)
(1.03794 -0.000446122 0)
(1.03774 -0.00162565 0)
(1.03587 -0.00331287 0)
(0.986395 -0.0983027 0)
(1.06822 -0.0321957 0)
(1.02897 -0.00652295 0)
(1.04243 -0.000502234 0)
(1.0368 0.000473018 0)
(1.03922 -0.000275647 0)
(1.03809 -0.000379536 0)
(1.03829 -0.000479206 0)
(1.03792 -0.00040359 0)
(1.03782 -0.000352681 0)
(1.03764 -0.000288146 0)
(1.03753 -0.000241238 0)
(1.03743 -0.000199895 0)
(1.03735 -0.000167718 0)
(1.03727 -0.000141202 0)
(1.03721 -0.000119849 0)
(1.03716 -0.000102348 0)
(1.03712 -8.7923e-05 0)
(1.03708 -7.58284e-05 0)
(1.03704 -6.56541e-05 0)
(1.03702 -5.67717e-05 0)
(1.03699 -4.92528e-05 0)
(1.03697 -4.2573e-05 0)
(1.03695 -3.67888e-05 0)
(1.03693 -3.17604e-05 0)
(1.03692 -2.73039e-05 0)
(1.0369 -2.341e-05 0)
(1.03689 -1.99288e-05 0)
(1.03688 -1.70885e-05 0)
(1.03687 -1.46447e-05 0)
(1.03686 -1.25172e-05 0)
(1.03686 -1.07334e-05 0)
(1.03685 -9.106e-06 0)
(1.03685 -7.76829e-06 0)
(1.03684 -6.59607e-06 0)
(1.03684 -5.61662e-06 0)
(1.03684 -4.77765e-06 0)
(1.03684 -4.12249e-06 0)
(1.03683 -3.48298e-06 0)
(1.03683 -2.96591e-06 0)
(1.03683 -2.54233e-06 0)
(1.03683 -2.14952e-06 0)
(1.03683 -1.85131e-06 0)
(1.03683 -1.63464e-06 0)
(1.03683 -1.43707e-06 0)
(1.03683 -1.31225e-06 0)
(1.03683 -1.15682e-06 0)
(1.03683 -1.10731e-06 0)
(1.03682 -9.7561e-07 0)
(1.03682 -9.26078e-07 0)
(1.03682 -8.73902e-07 0)
(1.03682 -8.05519e-07 0)
(1.03682 -7.7703e-07 0)
(1.03682 -7.39825e-07 0)
(1.03682 -6.98579e-07 0)
(1.03682 -6.85516e-07 0)
(1.03682 -6.35357e-07 0)
(1.03682 -6.57196e-07 0)
(1.03682 -6.08024e-07 0)
(1.03682 -6.25469e-07 0)
(1.03682 -6.2418e-07 0)
(1.03682 -6.29735e-07 0)
(1.03682 -6.498e-07 0)
(1.03682 -6.53531e-07 0)
(1.03682 -6.3455e-07 0)
(1.03682 -6.34152e-07 0)
(1.03682 -5.98592e-07 0)
(1.03682 -6.16948e-07 0)
(1.03682 -5.99628e-07 0)
(1.03682 -6.0997e-07 0)
(1.03682 -5.93443e-07 0)
(1.03682 -5.81166e-07 0)
(1.03682 -5.76044e-07 0)
(1.03682 -5.8859e-07 0)
(1.03682 -5.95766e-07 0)
(1.03682 -6.32457e-07 0)
(1.03682 -6.41584e-07 0)
(1.03682 -6.83421e-07 0)
(1.03682 -7.07892e-07 0)
(1.03682 -7.61609e-07 0)
(1.03682 -8.19248e-07 0)
(1.03682 -9.05403e-07 0)
(1.03682 -1.02361e-06 0)
(1.03682 -1.19742e-06 0)
(1.03682 -1.44294e-06 0)
(1.03682 -1.8124e-06 0)
(1.03682 -2.35442e-06 0)
(1.03682 -3.12555e-06 0)
(1.03682 -4.18064e-06 0)
(1.03682 -5.63096e-06 0)
(1.03681 -7.62004e-06 0)
(1.03681 -1.01933e-05 0)
(1.0368 -1.37679e-05 0)
(1.03679 -1.77958e-05 0)
(1.03678 -2.55108e-05 0)
(1.03674 -3.93329e-05 0)
(1.0367 -0.00011931 0)
(1.03647 -0.000383874 0)
(1.03621 -0.00139849 0)
(1.03382 -0.00284677 0)
(0.988569 -0.10998 0)
(1.06794 -0.0309694 0)
(1.02559 -0.00569759 0)
(1.03849 -0.000547201 0)
(1.03316 0.00040833 0)
(1.03544 -0.000295987 0)
(1.03431 -0.000368418 0)
(1.03442 -0.000462227 0)
(1.03399 -0.000391544 0)
(1.03383 -0.000347135 0)
(1.03361 -0.00028895 0)
(1.03346 -0.000246942 0)
(1.03332 -0.000209272 0)
(1.03321 -0.000179666 0)
(1.03312 -0.000156166 0)
(1.03304 -0.000137577 0)
(1.03297 -0.000122347 0)
(1.03291 -0.000109786 0)
(1.03286 -9.92488e-05 0)
(1.03282 -9.03895e-05 0)
(1.03278 -8.26493e-05 0)
(1.03275 -7.61002e-05 0)
(1.03272 -7.02952e-05 0)
(1.0327 -6.52717e-05 0)
(1.03268 -6.09001e-05 0)
(1.03266 -5.70346e-05 0)
(1.03264 -5.36583e-05 0)
(1.03263 -5.06376e-05 0)
(1.03262 -4.82064e-05 0)
(1.0326 -4.61114e-05 0)
(1.0326 -4.42872e-05 0)
(1.03259 -4.27747e-05 0)
(1.03258 -4.13937e-05 0)
(1.03258 -4.02674e-05 0)
(1.03257 -3.92885e-05 0)
(1.03257 -3.8475e-05 0)
(1.03256 -3.77757e-05 0)
(1.03256 -3.72378e-05 0)
(1.03256 -3.67203e-05 0)
(1.03256 -3.63011e-05 0)
(1.03256 -3.59659e-05 0)
(1.03255 -3.56592e-05 0)
(1.03255 -3.54206e-05 0)
(1.03255 -3.52471e-05 0)
(1.03255 -3.50852e-05 0)
(1.03255 -3.49869e-05 0)
(1.03255 -3.48605e-05 0)
(1.03255 -3.48268e-05 0)
(1.03255 -3.47205e-05 0)
(1.03255 -3.4679e-05 0)
(1.03255 -3.4639e-05 0)
(1.03255 -3.45849e-05 0)
(1.03255 -3.45621e-05 0)
(1.03255 -3.45332e-05 0)
(1.03255 -3.4501e-05 0)
(1.03255 -3.44911e-05 0)
(1.03255 -3.44487e-05 0)
(1.03255 -3.44701e-05 0)
(1.03255 -3.44279e-05 0)
(1.03255 -3.44418e-05 0)
(1.03255 -3.44413e-05 0)
(1.03255 -3.44446e-05 0)
(1.03255 -3.44608e-05 0)
(1.03255 -3.44639e-05 0)
(1.03255 -3.44467e-05 0)
(1.03255 -3.44472e-05 0)
(1.03255 -3.44186e-05 0)
(1.03255 -3.44363e-05 0)
(1.03255 -3.44229e-05 0)
(1.03255 -3.44318e-05 0)
(1.03255 -3.44174e-05 0)
(1.03255 -3.44066e-05 0)
(1.03255 -3.44026e-05 0)
(1.03255 -3.4414e-05 0)
(1.03255 -3.44187e-05 0)
(1.03255 -3.44479e-05 0)
(1.03255 -3.44536e-05 0)
(1.03255 -3.44872e-05 0)
(1.03255 -3.45072e-05 0)
(1.03255 -3.45532e-05 0)
(1.03255 -3.46027e-05 0)
(1.03255 -3.46766e-05 0)
(1.03255 -3.47782e-05 0)
(1.03255 -3.49269e-05 0)
(1.03255 -3.51371e-05 0)
(1.03255 -3.5454e-05 0)
(1.03254 -3.58914e-05 0)
(1.03254 -3.65247e-05 0)
(1.03254 -3.74054e-05 0)
(1.03254 -3.86261e-05 0)
(1.03253 -4.02974e-05 0)
(1.03253 -4.24292e-05 0)
(1.03252 -4.52669e-05 0)
(1.03251 -4.81757e-05 0)
(1.03249 -5.32e-05 0)
(1.03246 -6.23183e-05 0)
(1.03242 -0.000123561 0)
(1.03218 -0.000349194 0)
(1.03186 -0.00116814 0)
(1.02902 -0.00229697 0)
(0.984961 -0.123299 0)
(1.05948 -0.0286617 0)
(1.01374 -0.00469184 0)
(1.02589 -0.000699897 0)
(1.02098 0.000186444 0)
(1.02309 -0.000441242 0)
(1.02198 -0.000479704 0)
(1.02198 -0.00056217 0)
(1.0215 -0.000500641 0)
(1.02128 -0.000465555 0)
(1.02101 -0.000417673 0)
(1.02082 -0.000383781 0)
(1.02065 -0.000353038 0)
(1.02052 -0.000328935 0)
(1.0204 -0.000309938 0)
(1.02031 -0.000294991 0)
(1.02022 -0.000282753 0)
(1.02015 -0.000272665 0)
(1.02009 -0.000264208 0)
(1.02004 -0.00025712 0)
(1.02 -0.000250944 0)
(1.01996 -0.000245743 0)
(1.01992 -0.000241171 0)
(1.01989 -0.000237246 0)
(1.01987 -0.000233856 0)
(1.01985 -0.000230904 0)
(1.01983 -0.000228366 0)
(1.01981 -0.000226129 0)
(1.0198 -0.000224215 0)
(1.01978 -0.000222551 0)
(1.01977 -0.000221096 0)
(1.01977 -0.000219905 0)
(1.01976 -0.000218817 0)
(1.01975 -0.000217933 0)
(1.01975 -0.000217172 0)
(1.01974 -0.00021654 0)
(1.01974 -0.000215993 0)
(1.01974 -0.000215579 0)
(1.01973 -0.000215184 0)
(1.01973 -0.000214861 0)
(1.01973 -0.000214605 0)
(1.01973 -0.000214372 0)
(1.01973 -0.000214187 0)
(1.01973 -0.000214055 0)
(1.01972 -0.000213935 0)
(1.01972 -0.000213864 0)
(1.01972 -0.000213768 0)
(1.01972 -0.00021375 0)
(1.01972 -0.00021367 0)
(1.01972 -0.000213637 0)
(1.01972 -0.000213609 0)
(1.01972 -0.000213569 0)
(1.01972 -0.000213553 0)
(1.01972 -0.000213532 0)
(1.01972 -0.00021351 0)
(1.01972 -0.000213504 0)
(1.01972 -0.00021347 0)
(1.01972 -0.000213491 0)
(1.01972 -0.000213456 0)
(1.01972 -0.000213466 0)
(1.01972 -0.000213467 0)
(1.01972 -0.000213468 0)
(1.01972 -0.00021348 0)
(1.01972 -0.000213483 0)
(1.01972 -0.000213468 0)
(1.01972 -0.000213469 0)
(1.01972 -0.000213447 0)
(1.01972 -0.000213463 0)
(1.01972 -0.000213453 0)
(1.01972 -0.000213461 0)
(1.01972 -0.000213449 0)
(1.01972 -0.000213441 0)
(1.01972 -0.000213438 0)
(1.01972 -0.000213448 0)
(1.01972 -0.00021345 0)
(1.01972 -0.000213471 0)
(1.01972 -0.000213474 0)
(1.01972 -0.000213499 0)
(1.01972 -0.000213514 0)
(1.01972 -0.00021355 0)
(1.01972 -0.000213589 0)
(1.01972 -0.000213647 0)
(1.01972 -0.000213727 0)
(1.01972 -0.000213845 0)
(1.01972 -0.000214011 0)
(1.01972 -0.000214262 0)
(1.01972 -0.000214607 0)
(1.01972 -0.000215109 0)
(1.01971 -0.000215806 0)
(1.01971 -0.00021677 0)
(1.0197 -0.00021808 0)
(1.0197 -0.000219722 0)
(1.01969 -0.000221803 0)
(1.01968 -0.000223673 0)
(1.01966 -0.000226084 0)
(1.01963 -0.000230506 0)
(1.0196 -0.000271506 0)
(1.01935 -0.000444075 0)
(1.01899 -0.00104959 0)
(1.01589 -0.00176923 0)
(0.960309 -0.135907 0)
(1.02532 -0.0244349 0)
(0.976303 -0.00334344 0)
(0.987385 -0.000823726 0)
(0.983077 -0.000101839 0)
(0.984979 -0.000606794 0)
(0.983905 -0.000612789 0)
(0.983811 -0.000676891 0)
(0.983288 -0.000628934 0)
(0.983012 -0.000605089 0)
(0.98271 -0.000570705 0)
(0.982492 -0.000547218 0)
(0.982297 -0.000525697 0)
(0.982141 -0.000509091 0)
(0.982008 -0.000495874 0)
(0.981897 -0.000485301 0)
(0.981802 -0.000476629 0)
(0.981722 -0.000469471 0)
(0.981653 -0.000463458 0)
(0.981593 -0.000458427 0)
(0.981542 -0.000454045 0)
(0.981498 -0.000450363 0)
(0.981459 -0.00044714 0)
(0.981427 -0.000444385 0)
(0.981398 -0.000442006 0)
(0.981374 -0.000439944 0)
(0.981353 -0.000438184 0)
(0.981336 -0.000436638 0)
(0.98132 -0.000435309 0)
(0.981307 -0.000434153 0)
(0.981296 -0.000433136 0)
(0.981287 -0.000432316 0)
(0.981279 -0.000431565 0)
(0.981273 -0.000430962 0)
(0.981267 -0.000430445 0)
(0.981263 -0.000430018 0)
(0.981259 -0.000429644 0)
(0.981256 -0.000429365 0)
(0.981253 -0.000429101 0)
(0.981251 -0.000428883 0)
(0.981249 -0.000428711 0)
(0.981248 -0.000428558 0)
(0.981246 -0.000428431 0)
(0.981246 -0.000428344 0)
(0.981245 -0.000428267 0)
(0.981244 -0.000428223 0)
(0.981244 -0.000428159 0)
(0.981243 -0.000428154 0)
(0.981243 -0.000428099 0)
(0.981242 -0.000428077 0)
(0.981242 -0.000428059 0)
(0.981242 -0.000428035 0)
(0.981242 -0.000428025 0)
(0.981242 -0.000428013 0)
(0.981242 -0.000428 0)
(0.981242 -0.000427998 0)
(0.981242 -0.000427974 0)
(0.981241 -0.000427992 0)
(0.981241 -0.000427967 0)
(0.981241 -0.000427974 0)
(0.981241 -0.000427975 0)
(0.981241 -0.000427976 0)
(0.981241 -0.000427983 0)
(0.981241 -0.000427984 0)
(0.981241 -0.000427971 0)
(0.981241 -0.000427972 0)
(0.981241 -0.000427957 0)
(0.981241 -0.000427971 0)
(0.981241 -0.000427965 0)
(0.981241 -0.000427971 0)
(0.981241 -0.000427962 0)
(0.981241 -0.000427956 0)
(0.981241 -0.000427955 0)
(0.981241 -0.000427963 0)
(0.981241 -0.000427963 0)
(0.981241 -0.000427977 0)
(0.981241 -0.000427976 0)
(0.981241 -0.000427992 0)
(0.981241 -0.000428001 0)
(0.981241 -0.000428026 0)
(0.98124 -0.000428053 0)
(0.98124 -0.000428093 0)
(0.98124 -0.000428148 0)
(0.981239 -0.000428229 0)
(0.981239 -0.000428342 0)
(0.981238 -0.000428516 0)
(0.981236 -0.000428754 0)
(0.981235 -0.000429101 0)
(0.981232 -0.00042958 0)
(0.981228 -0.00043024 0)
(0.981223 -0.000431132 0)
(0.981216 -0.000432228 0)
(0.981206 -0.000433547 0)
(0.981193 -0.000434539 0)
(0.981179 -0.000435203 0)
(0.981152 -0.000436354 0)
(0.981132 -0.000458773 0)
(0.980909 -0.000569041 0)
(0.980542 -0.000943045 0)
(0.977595 -0.00117798 0)
(0.864907 -0.128454 0)
(0.911545 -0.0160065 0)
(0.861938 -0.000986601 0)
(0.871323 7.16586e-05 0)
(0.867939 0.000506097 0)
(0.869528 0.000191164 0)
(0.868569 0.000202346 0)
(0.868402 0.000164348 0)
(0.867889 0.000193919 0)
(0.867593 0.000206648 0)
(0.867289 0.000226127 0)
(0.867063 0.000239009 0)
(0.866865 0.000251054 0)
(0.866705 0.000260281 0)
(0.866569 0.000267457 0)
(0.866455 0.000273196 0)
(0.866359 0.000277894 0)
(0.866277 0.000281774 0)
(0.866206 0.000285042 0)
(0.866146 0.000287757 0)
(0.866094 0.000290121 0)
(0.86605 0.000292105 0)
(0.866012 0.000293826 0)
(0.865979 0.000295288 0)
(0.865951 0.000296566 0)
(0.865927 0.000297664 0)
(0.865907 0.000298595 0)
(0.86589 0.000299418 0)
(0.865875 0.000300108 0)
(0.865863 0.000300701 0)
(0.865852 0.000301238 0)
(0.865843 0.000301658 0)
(0.865836 0.000302044 0)
(0.86583 0.000302354 0)
(0.865825 0.000302609 0)
(0.86582 0.000302825 0)
(0.865817 0.00030302 0)
(0.865814 0.000303154 0)
(0.865812 0.000303287 0)
(0.86581 0.000303397 0)
(0.865808 0.000303481 0)
(0.865807 0.000303554 0)
(0.865806 0.000303618 0)
(0.865805 0.000303663 0)
(0.865804 0.000303696 0)
(0.865804 0.000303716 0)
(0.865803 0.000303752 0)
(0.865803 0.000303743 0)
(0.865802 0.000303775 0)
(0.865802 0.00030379 0)
(0.865802 0.000303797 0)
(0.865802 0.000303807 0)
(0.865802 0.000303813 0)
(0.865802 0.000303816 0)
(0.865802 0.000303819 0)
(0.865801 0.00030382 0)
(0.865801 0.000303836 0)
(0.865801 0.000303819 0)
(0.865801 0.000303835 0)
(0.865801 0.000303833 0)
(0.865801 0.00030383 0)
(0.865801 0.000303832 0)
(0.865801 0.000303829 0)
(0.865801 0.000303827 0)
(0.865801 0.000303838 0)
(0.865801 0.000303837 0)
(0.865801 0.000303845 0)
(0.865801 0.000303834 0)
(0.865801 0.000303837 0)
(0.865801 0.000303834 0)
(0.865801 0.000303838 0)
(0.865801 0.000303842 0)
(0.865801 0.000303842 0)
(0.865801 0.000303836 0)
(0.865801 0.000303838 0)
(0.865801 0.000303831 0)
(0.865801 0.000303834 0)
(0.865801 0.000303826 0)
(0.865801 0.000303822 0)
(0.865801 0.000303808 0)
(0.8658 0.000303794 0)
(0.8658 0.000303773 0)
(0.8658 0.000303745 0)
(0.865799 0.000303702 0)
(0.865799 0.000303643 0)
(0.865798 0.000303551 0)
(0.865797 0.000303426 0)
(0.865795 0.000303245 0)
(0.865792 0.000302996 0)
(0.865788 0.000302654 0)
(0.865783 0.000302194 0)
(0.865776 0.000301642 0)
(0.865767 0.000301017 0)
(0.865755 0.000300668 0)
(0.865742 0.000300885 0)
(0.865724 0.000301451 0)
(0.865718 0.000293344 0)
(0.865546 0.000239576 0)
(0.865253 7.34768e-05 0)
(0.863186 0.000219213 0)
(0.537561 -0.0563968 0)
(0.552168 -0.00359838 0)
(0.517052 0.0017642 0)
(0.522873 0.00200142 0)
(0.521062 0.00213088 0)
(0.521995 0.00203765 0)
(0.521389 0.00204477 0)
(0.521238 0.00203492 0)
(0.520895 0.00204436 0)
(0.520687 0.00204827 0)
(0.520481 0.00205401 0)
(0.520327 0.0020577 0)
(0.520192 0.0020611 0)
(0.520083 0.00206364 0)
(0.519991 0.00206571 0)
(0.519914 0.00206733 0)
(0.519848 0.00206864 0)
(0.519793 0.0020697 0)
(0.519745 0.00207058 0)
(0.519705 0.00207128 0)
(0.51967 0.00207189 0)
(0.519641 0.00207239 0)
(0.519615 0.00207281 0)
(0.519594 0.00207316 0)
(0.519576 0.00207346 0)
(0.51956 0.00207372 0)
(0.519547 0.00207393 0)
(0.519536 0.00207412 0)
(0.519526 0.00207428 0)
(0.519518 0.00207441 0)
(0.519512 0.00207453 0)
(0.519506 0.00207462 0)
(0.519501 0.00207471 0)
(0.519498 0.00207477 0)
(0.519494 0.00207483 0)
(0.519492 0.00207487 0)
(0.51949 0.00207492 0)
(0.519488 0.00207495 0)
(0.519487 0.00207498 0)
(0.519485 0.002075 0)
(0.519485 0.00207502 0)
(0.519484 0.00207503 0)
(0.519483 0.00207505 0)
(0.519483 0.00207505 0)
(0.519482 0.00207506 0)
(0.519482 0.00207506 0)
(0.519482 0.00207507 0)
(0.519481 0.00207507 0)
(0.519481 0.00207508 0)
(0.519481 0.00207508 0)
(0.519481 0.00207508 0)
(0.519481 0.00207509 0)
(0.519481 0.00207509 0)
(0.519481 0.00207509 0)
(0.519481 0.00207509 0)
(0.519481 0.00207509 0)
(0.519481 0.00207509 0)
(0.519481 0.00207509 0)
(0.519481 0.00207509 0)
(0.519481 0.00207509 0)
(0.519481 0.00207509 0)
(0.519481 0.00207509 0)
(0.519481 0.00207509 0)
(0.519481 0.00207509 0)
(0.519481 0.00207509 0)
(0.519481 0.00207509 0)
(0.519481 0.00207509 0)
(0.519481 0.00207509 0)
(0.519481 0.00207509 0)
(0.519481 0.00207509 0)
(0.519481 0.00207509 0)
(0.519481 0.00207509 0)
(0.519481 0.00207509 0)
(0.519481 0.00207509 0)
(0.519481 0.00207509 0)
(0.519481 0.00207509 0)
(0.519481 0.00207509 0)
(0.519481 0.00207509 0)
(0.51948 0.00207509 0)
(0.51948 0.00207508 0)
(0.51948 0.00207508 0)
(0.51948 0.00207507 0)
(0.51948 0.00207506 0)
(0.51948 0.00207505 0)
(0.519479 0.00207503 0)
(0.519479 0.00207501 0)
(0.519478 0.00207497 0)
(0.519477 0.00207492 0)
(0.519475 0.00207485 0)
(0.519472 0.00207476 0)
(0.519469 0.00207464 0)
(0.519464 0.0020745 0)
(0.519458 0.00207436 0)
(0.51945 0.00207434 0)
(0.519443 0.00207464 0)
(0.519436 0.00207528 0)
(0.519442 0.00207439 0)
(0.51936 0.00206119 0)
(0.519228 0.0020212 0)
(0.518638 0.00215161 0)
)
;

boundaryField
{
    inlet
    {
        type            fixedValue;
        value           uniform (1 0 0);
    }
    outlet
    {
        type            zeroGradient;
    }
    lowerWall
    {
        type            noSlip;
    }
    upperWall
    {
        type            noSlip;
    }
    frontAndBack
    {
        type            empty;
    }
}


// ************************************************************************* //
