/*--------------------------------*- C++ -*----------------------------------*\
| =========                 |                                                 |
| \\      /  F ield         | OpenFOAM: The Open Source CFD Toolbox           |
|  \\    /   O peration     | Version:  v1906                                 |
|   \\  /    A nd           | Web:      www.OpenFOAM.com                      |
|    \\/     M anipulation  |                                                 |
\*---------------------------------------------------------------------------*/
FoamFile
{
    version     2.0;
    format      ascii;
    class       volScalarField;
    location    "2";
    object      Ux;
}
// * * * * * * * * * * * * * * * * * * * * * * * * * * * * * * * * * * * * * //

dimensions      [0 1 -1 0 0 0 0];


internalField   nonuniform List<scalar> 
4000
(
0.427054
0.418072
0.375366
0.378982
0.377749
0.378945
0.378707
0.378656
0.378368
0.378159
0.377947
0.37778
0.377636
0.377517
0.377416
0.377332
0.37726
0.3772
0.377149
0.377105
0.377068
0.377036
0.377009
0.376986
0.376967
0.37695
0.376937
0.376925
0.376916
0.376908
0.376901
0.376895
0.376891
0.376887
0.376884
0.376881
0.376879
0.376878
0.376876
0.376875
0.376874
0.376874
0.376873
0.376873
0.376872
0.376872
0.376872
0.376872
0.376872
0.376872
0.376871
0.376871
0.376871
0.376871
0.376871
0.376871
0.376871
0.376871
0.376871
0.376871
0.376871
0.376871
0.376871
0.376871
0.376871
0.376871
0.376871
0.376871
0.376871
0.376871
0.376871
0.376871
0.376871
0.376871
0.376871
0.376871
0.376871
0.376871
0.376871
0.376871
0.376871
0.376871
0.37687
0.37687
0.37687
0.376869
0.376869
0.376868
0.376866
0.376864
0.376861
0.376857
0.376853
0.376847
0.376845
0.376839
0.376839
0.376711
0.376552
0.376217
0.789012
0.802434
0.735229
0.741153
0.738249
0.740403
0.739968
0.739936
0.73945
0.739101
0.738738
0.738452
0.738201
0.737995
0.73782
0.737673
0.737548
0.737442
0.737352
0.737275
0.737209
0.737153
0.737105
0.737064
0.737029
0.736999
0.736975
0.736954
0.736936
0.736921
0.736909
0.736899
0.73689
0.736883
0.736877
0.736873
0.736869
0.736866
0.736863
0.736861
0.736859
0.736858
0.736857
0.736856
0.736855
0.736854
0.736854
0.736854
0.736853
0.736853
0.736853
0.736853
0.736853
0.736853
0.736853
0.736853
0.736853
0.736853
0.736853
0.736853
0.736853
0.736853
0.736853
0.736853
0.736853
0.736853
0.736853
0.736853
0.736853
0.736853
0.736853
0.736853
0.736853
0.736853
0.736853
0.736853
0.736853
0.736852
0.736852
0.736852
0.736852
0.736852
0.736852
0.736851
0.736851
0.73685
0.736849
0.736847
0.736844
0.736841
0.736835
0.736829
0.73682
0.73681
0.736802
0.736784
0.736764
0.736486
0.736102
0.734294
0.938103
0.975019
0.906981
0.914195
0.910111
0.912633
0.912076
0.912107
0.911579
0.911219
0.910828
0.910521
0.910251
0.91003
0.90984
0.909682
0.909546
0.909432
0.909333
0.909249
0.909177
0.909116
0.909063
0.909017
0.908979
0.908946
0.908918
0.908894
0.908874
0.908857
0.908843
0.908831
0.908822
0.908813
0.908807
0.908801
0.908796
0.908793
0.90879
0.908787
0.908785
0.908783
0.908782
0.908781
0.90878
0.908779
0.908779
0.908778
0.908778
0.908778
0.908778
0.908778
0.908778
0.908777
0.908777
0.908777
0.908777
0.908777
0.908777
0.908777
0.908777
0.908777
0.908777
0.908777
0.908777
0.908777
0.908777
0.908777
0.908777
0.908777
0.908777
0.908777
0.908777
0.908777
0.908777
0.908777
0.908777
0.908777
0.908777
0.908777
0.908776
0.908776
0.908776
0.908775
0.908775
0.908774
0.908773
0.908771
0.908768
0.908764
0.908758
0.90875
0.908741
0.908728
0.908717
0.908687
0.908646
0.90828
0.907753
0.904638
0.99617
1.04996
0.988491
0.996734
0.991883
0.994529
0.993878
0.993985
0.993481
0.993164
0.9928
0.99252
0.99227
0.992066
0.991891
0.991744
0.991618
0.991511
0.99142
0.991341
0.991274
0.991216
0.991165
0.991122
0.991085
0.991054
0.991027
0.991004
0.990984
0.990968
0.990954
0.990942
0.990932
0.990924
0.990917
0.990912
0.990907
0.990903
0.9909
0.990897
0.990895
0.990893
0.990892
0.990891
0.99089
0.990889
0.990889
0.990888
0.990888
0.990888
0.990888
0.990887
0.990887
0.990887
0.990887
0.990887
0.990887
0.990887
0.990887
0.990887
0.990887
0.990887
0.990887
0.990887
0.990887
0.990887
0.990887
0.990887
0.990887
0.990887
0.990887
0.990887
0.990887
0.990887
0.990887
0.990887
0.990887
0.990887
0.990887
0.990886
0.990886
0.990886
0.990886
0.990885
0.990885
0.990884
0.990883
0.990881
0.990878
0.990874
0.990869
0.990861
0.990852
0.990839
0.990825
0.990786
0.990731
0.990322
0.98974
0.985952
1.0156
1.07994
1.02682
1.03594
1.03064
1.0333
1.03258
1.03276
1.0323
1.03206
1.03174
1.03151
1.0313
1.03112
1.03097
1.03085
1.03074
1.03065
1.03057
1.03051
1.03045
1.0304
1.03035
1.03031
1.03028
1.03025
1.03023
1.03021
1.03019
1.03018
1.03016
1.03015
1.03015
1.03014
1.03013
1.03013
1.03012
1.03012
1.03011
1.03011
1.03011
1.03011
1.03011
1.03011
1.0301
1.0301
1.0301
1.0301
1.0301
1.0301
1.0301
1.0301
1.0301
1.0301
1.0301
1.0301
1.0301
1.0301
1.0301
1.0301
1.0301
1.0301
1.0301
1.0301
1.0301
1.0301
1.0301
1.0301
1.0301
1.0301
1.0301
1.0301
1.0301
1.0301
1.0301
1.0301
1.0301
1.0301
1.0301
1.0301
1.0301
1.0301
1.0301
1.0301
1.0301
1.0301
1.0301
1.0301
1.03009
1.03009
1.03009
1.03008
1.03007
1.03006
1.03004
1.03
1.02994
1.02952
1.02896
1.02509
1.01909
1.08943
1.04453
1.0544
1.04887
1.0515
1.05071
1.05097
1.05057
1.0504
1.05014
1.04996
1.04979
1.04966
1.04954
1.04944
1.04936
1.04928
1.04922
1.04917
1.04912
1.04908
1.04904
1.04901
1.04899
1.04896
1.04894
1.04892
1.04891
1.0489
1.04889
1.04888
1.04887
1.04886
1.04886
1.04885
1.04885
1.04885
1.04884
1.04884
1.04884
1.04884
1.04884
1.04883
1.04883
1.04883
1.04883
1.04883
1.04883
1.04883
1.04883
1.04883
1.04883
1.04883
1.04883
1.04883
1.04883
1.04883
1.04883
1.04883
1.04883
1.04883
1.04883
1.04883
1.04883
1.04883
1.04883
1.04883
1.04883
1.04883
1.04883
1.04883
1.04883
1.04883
1.04883
1.04883
1.04883
1.04883
1.04883
1.04883
1.04883
1.04883
1.04883
1.04883
1.04883
1.04883
1.04883
1.04883
1.04882
1.04882
1.04882
1.04881
1.0488
1.04879
1.04878
1.04873
1.04867
1.04828
1.04778
1.04425
1.0165
1.08991
1.05243
1.06293
1.05731
1.05988
1.05904
1.05937
1.05903
1.05894
1.05874
1.05862
1.05849
1.0584
1.05831
1.05824
1.05818
1.05812
1.05808
1.05804
1.058
1.05797
1.05794
1.05792
1.0579
1.05788
1.05787
1.05785
1.05784
1.05783
1.05782
1.05781
1.05781
1.0578
1.0578
1.05779
1.05779
1.05779
1.05779
1.05778
1.05778
1.05778
1.05778
1.05778
1.05778
1.05778
1.05778
1.05778
1.05778
1.05778
1.05778
1.05778
1.05778
1.05778
1.05778
1.05778
1.05778
1.05778
1.05778
1.05778
1.05778
1.05778
1.05778
1.05778
1.05778
1.05778
1.05778
1.05778
1.05778
1.05778
1.05778
1.05778
1.05778
1.05778
1.05778
1.05778
1.05778
1.05778
1.05778
1.05778
1.05778
1.05777
1.05777
1.05777
1.05777
1.05777
1.05777
1.05777
1.05777
1.05777
1.05777
1.05776
1.05775
1.05774
1.05773
1.05769
1.05763
1.05728
1.05688
1.05393
1.01204
1.08673
1.05568
1.06672
1.06112
1.06361
1.06272
1.0631
1.06283
1.06281
1.06267
1.0626
1.06252
1.06246
1.06241
1.06236
1.06232
1.06229
1.06226
1.06223
1.06221
1.06219
1.06217
1.06215
1.06214
1.06213
1.06211
1.0621
1.0621
1.06209
1.06208
1.06208
1.06207
1.06207
1.06206
1.06206
1.06206
1.06206
1.06206
1.06205
1.06205
1.06205
1.06205
1.06205
1.06205
1.06205
1.06205
1.06205
1.06205
1.06205
1.06205
1.06205
1.06205
1.06205
1.06205
1.06205
1.06205
1.06205
1.06205
1.06205
1.06205
1.06205
1.06205
1.06205
1.06205
1.06205
1.06205
1.06205
1.06205
1.06205
1.06205
1.06205
1.06205
1.06205
1.06205
1.06205
1.06205
1.06205
1.06205
1.06205
1.06205
1.06205
1.06205
1.06205
1.06205
1.06205
1.06205
1.06205
1.06204
1.06204
1.06204
1.06204
1.06203
1.06202
1.06201
1.06197
1.06192
1.06164
1.06135
1.0591
1.00742
1.08232
1.05676
1.06825
1.06272
1.06512
1.0642
1.06463
1.06442
1.06446
1.06439
1.06436
1.06433
1.0643
1.06428
1.06425
1.06424
1.06422
1.06421
1.06419
1.06418
1.06417
1.06416
1.06415
1.06414
1.06414
1.06413
1.06412
1.06412
1.06411
1.06411
1.06411
1.0641
1.0641
1.0641
1.0641
1.0641
1.06409
1.06409
1.06409
1.06409
1.06409
1.06409
1.06409
1.06409
1.06409
1.06409
1.06409
1.06409
1.06409
1.06409
1.06409
1.06409
1.06409
1.06409
1.06409
1.06409
1.06409
1.06409
1.06409
1.06409
1.06409
1.06409
1.06409
1.06409
1.06409
1.06409
1.06409
1.06409
1.06409
1.06409
1.06409
1.06409
1.06409
1.06409
1.06409
1.06409
1.06409
1.06409
1.06409
1.06409
1.06409
1.06409
1.06409
1.06409
1.06409
1.06409
1.06409
1.06409
1.06409
1.06408
1.06408
1.06408
1.06407
1.06406
1.06403
1.06399
1.06379
1.06361
1.06211
1.00324
1.07777
1.05685
1.06873
1.06332
1.06561
1.06466
1.06513
1.06497
1.06507
1.06505
1.06507
1.06507
1.06508
1.06508
1.06509
1.06509
1.06509
1.06509
1.06509
1.06509
1.06509
1.06509
1.06508
1.06508
1.06508
1.06508
1.06508
1.06508
1.06507
1.06507
1.06507
1.06507
1.06507
1.06507
1.06507
1.06507
1.06507
1.06507
1.06506
1.06506
1.06506
1.06506
1.06506
1.06506
1.06506
1.06506
1.06506
1.06506
1.06506
1.06506
1.06506
1.06506
1.06506
1.06506
1.06506
1.06506
1.06506
1.06506
1.06506
1.06506
1.06506
1.06506
1.06506
1.06506
1.06506
1.06506
1.06506
1.06506
1.06506
1.06506
1.06506
1.06506
1.06506
1.06506
1.06506
1.06506
1.06506
1.06506
1.06506
1.06506
1.06506
1.06506
1.06506
1.06506
1.06506
1.06506
1.06506
1.06506
1.06506
1.06506
1.06506
1.06506
1.06506
1.06505
1.06503
1.06499
1.06489
1.06481
1.06409
0.999679
1.07353
1.05651
1.06874
1.06345
1.06563
1.06465
1.06515
1.06504
1.0652
1.06522
1.06529
1.06533
1.06536
1.06539
1.06542
1.06544
1.06546
1.06547
1.06548
1.06549
1.0655
1.0655
1.06551
1.06551
1.06552
1.06552
1.06552
1.06552
1.06553
1.06553
1.06553
1.06553
1.06553
1.06553
1.06553
1.06553
1.06553
1.06553
1.06553
1.06553
1.06553
1.06553
1.06553
1.06553
1.06553
1.06553
1.06553
1.06553
1.06553
1.06553
1.06553
1.06553
1.06553
1.06553
1.06553
1.06553
1.06553
1.06553
1.06553
1.06553
1.06553
1.06553
1.06553
1.06553
1.06553
1.06553
1.06553
1.06553
1.06553
1.06553
1.06553
1.06553
1.06553
1.06553
1.06553
1.06553
1.06553
1.06553
1.06553
1.06553
1.06553
1.06553
1.06553
1.06553
1.06553
1.06553
1.06553
1.06553
1.06553
1.06553
1.06553
1.06553
1.06553
1.06552
1.06551
1.06549
1.06548
1.06551
1.06553
0.996726
1.06976
1.05602
1.06854
1.06338
1.06545
1.06445
1.06497
1.0649
1.06511
1.06518
1.06528
1.06535
1.06542
1.06547
1.06551
1.06555
1.06558
1.06561
1.06563
1.06565
1.06567
1.06568
1.06569
1.0657
1.06571
1.06572
1.06572
1.06573
1.06573
1.06574
1.06574
1.06574
1.06574
1.06574
1.06575
1.06575
1.06575
1.06575
1.06575
1.06575
1.06575
1.06575
1.06575
1.06575
1.06575
1.06575
1.06575
1.06575
1.06575
1.06575
1.06575
1.06575
1.06575
1.06575
1.06575
1.06575
1.06575
1.06575
1.06575
1.06575
1.06575
1.06575
1.06575
1.06575
1.06575
1.06575
1.06575
1.06575
1.06575
1.06575
1.06575
1.06575
1.06575
1.06575
1.06575
1.06575
1.06575
1.06575
1.06575
1.06575
1.06575
1.06575
1.06575
1.06575
1.06575
1.06575
1.06575
1.06575
1.06575
1.06575
1.06576
1.06576
1.06576
1.06576
1.06576
1.06575
1.06583
1.06596
1.06669
0.994315
1.06651
1.05549
1.06827
1.06324
1.06521
1.06417
1.06472
1.06469
1.06493
1.06504
1.06518
1.06528
1.06537
1.06544
1.0655
1.06556
1.0656
1.06564
1.06567
1.0657
1.06572
1.06575
1.06576
1.06578
1.06579
1.0658
1.06581
1.06582
1.06582
1.06583
1.06583
1.06584
1.06584
1.06584
1.06585
1.06585
1.06585
1.06585
1.06585
1.06585
1.06585
1.06585
1.06585
1.06585
1.06585
1.06585
1.06585
1.06586
1.06586
1.06586
1.06586
1.06586
1.06586
1.06586
1.06586
1.06586
1.06586
1.06586
1.06586
1.06586
1.06586
1.06586
1.06586
1.06586
1.06586
1.06586
1.06586
1.06586
1.06586
1.06586
1.06586
1.06586
1.06586
1.06586
1.06586
1.06586
1.06586
1.06586
1.06586
1.06586
1.06586
1.06586
1.06586
1.06586
1.06586
1.06586
1.06586
1.06586
1.06586
1.06586
1.06587
1.06587
1.06587
1.06587
1.06589
1.0659
1.06606
1.06628
1.06766
0.992368
1.06376
1.05498
1.068
1.06309
1.06495
1.06389
1.06445
1.06445
1.06474
1.06488
1.06505
1.06517
1.06528
1.06537
1.06545
1.06552
1.06557
1.06562
1.06566
1.0657
1.06573
1.06576
1.06578
1.0658
1.06582
1.06583
1.06584
1.06585
1.06586
1.06587
1.06588
1.06588
1.06589
1.06589
1.06589
1.0659
1.0659
1.0659
1.0659
1.0659
1.0659
1.0659
1.0659
1.0659
1.0659
1.06591
1.06591
1.06591
1.06591
1.06591
1.06591
1.06591
1.06591
1.06591
1.06591
1.06591
1.06591
1.06591
1.06591
1.06591
1.06591
1.06591
1.06591
1.06591
1.06591
1.06591
1.06591
1.06591
1.06591
1.06591
1.06591
1.06591
1.06591
1.06591
1.06591
1.06591
1.06591
1.06591
1.06591
1.06591
1.06591
1.06591
1.06591
1.06591
1.06591
1.06591
1.06591
1.06591
1.06591
1.06592
1.06592
1.06592
1.06593
1.06594
1.06596
1.06598
1.06623
1.06653
1.06849
0.990817
1.06148
1.05453
1.06775
1.06295
1.06472
1.06363
1.06421
1.06423
1.06455
1.06471
1.06491
1.06505
1.06518
1.06529
1.06538
1.06546
1.06553
1.06558
1.06563
1.06568
1.06571
1.06575
1.06577
1.0658
1.06582
1.06584
1.06585
1.06586
1.06588
1.06588
1.06589
1.0659
1.0659
1.06591
1.06591
1.06592
1.06592
1.06592
1.06592
1.06592
1.06593
1.06593
1.06593
1.06593
1.06593
1.06593
1.06593
1.06593
1.06593
1.06593
1.06593
1.06593
1.06593
1.06593
1.06593
1.06593
1.06593
1.06593
1.06593
1.06593
1.06593
1.06593
1.06593
1.06593
1.06593
1.06593
1.06593
1.06593
1.06593
1.06593
1.06593
1.06593
1.06593
1.06593
1.06593
1.06593
1.06593
1.06593
1.06593
1.06593
1.06593
1.06593
1.06593
1.06593
1.06593
1.06593
1.06593
1.06594
1.06594
1.06594
1.06595
1.06595
1.06596
1.06597
1.06601
1.06604
1.06636
1.06674
1.06921
0.989604
1.05965
1.05415
1.06754
1.06283
1.06451
1.06341
1.06399
1.06403
1.06438
1.06457
1.06478
1.06495
1.06509
1.06521
1.06532
1.0654
1.06548
1.06554
1.0656
1.06565
1.06569
1.06573
1.06576
1.06579
1.06581
1.06583
1.06585
1.06586
1.06588
1.06589
1.0659
1.0659
1.06591
1.06592
1.06592
1.06592
1.06593
1.06593
1.06593
1.06593
1.06594
1.06594
1.06594
1.06594
1.06594
1.06594
1.06594
1.06594
1.06594
1.06594
1.06594
1.06594
1.06594
1.06594
1.06594
1.06594
1.06594
1.06594
1.06594
1.06594
1.06594
1.06594
1.06594
1.06594
1.06594
1.06594
1.06594
1.06594
1.06594
1.06594
1.06594
1.06594
1.06594
1.06594
1.06594
1.06594
1.06594
1.06594
1.06594
1.06594
1.06594
1.06594
1.06594
1.06594
1.06594
1.06595
1.06595
1.06595
1.06595
1.06596
1.06596
1.06597
1.06598
1.06599
1.06604
1.06608
1.06647
1.06691
1.0698
0.988681
1.05822
1.05383
1.06737
1.06274
1.06435
1.06323
1.06381
1.06387
1.06424
1.06445
1.06468
1.06486
1.06502
1.06515
1.06526
1.06535
1.06544
1.06551
1.06557
1.06562
1.06567
1.06571
1.06574
1.06577
1.0658
1.06582
1.06584
1.06586
1.06587
1.06589
1.0659
1.0659
1.06591
1.06592
1.06592
1.06593
1.06593
1.06593
1.06594
1.06594
1.06594
1.06594
1.06594
1.06594
1.06594
1.06595
1.06595
1.06595
1.06595
1.06595
1.06595
1.06595
1.06595
1.06595
1.06595
1.06595
1.06595
1.06595
1.06595
1.06595
1.06595
1.06595
1.06595
1.06595
1.06595
1.06595
1.06595
1.06595
1.06595
1.06595
1.06595
1.06595
1.06595
1.06595
1.06595
1.06595
1.06595
1.06595
1.06595
1.06595
1.06595
1.06595
1.06595
1.06595
1.06595
1.06595
1.06595
1.06595
1.06596
1.06596
1.06597
1.06598
1.06599
1.06601
1.06606
1.06611
1.06656
1.06704
1.07029
0.988017
1.05717
1.0536
1.06724
1.06267
1.06422
1.06309
1.06368
1.06375
1.06413
1.06435
1.0646
1.06479
1.06495
1.06509
1.06521
1.06531
1.0654
1.06548
1.06554
1.0656
1.06565
1.06569
1.06573
1.06576
1.06579
1.06582
1.06584
1.06585
1.06587
1.06588
1.06589
1.0659
1.06591
1.06592
1.06592
1.06593
1.06593
1.06594
1.06594
1.06594
1.06594
1.06594
1.06595
1.06595
1.06595
1.06595
1.06595
1.06595
1.06595
1.06595
1.06595
1.06595
1.06595
1.06595
1.06595
1.06595
1.06595
1.06595
1.06595
1.06595
1.06595
1.06595
1.06595
1.06595
1.06595
1.06595
1.06595
1.06595
1.06595
1.06595
1.06595
1.06595
1.06595
1.06595
1.06595
1.06595
1.06595
1.06595
1.06595
1.06595
1.06595
1.06595
1.06595
1.06595
1.06595
1.06595
1.06596
1.06596
1.06596
1.06597
1.06597
1.06598
1.066
1.06601
1.06608
1.06614
1.06662
1.06714
1.07065
0.987587
1.05648
1.05344
1.06715
1.06262
1.06414
1.06299
1.06358
1.06367
1.06405
1.06429
1.06454
1.06474
1.06491
1.06506
1.06518
1.06529
1.06538
1.06546
1.06553
1.06558
1.06564
1.06568
1.06572
1.06575
1.06578
1.06581
1.06583
1.06585
1.06587
1.06588
1.06589
1.0659
1.06591
1.06592
1.06592
1.06593
1.06593
1.06594
1.06594
1.06594
1.06594
1.06594
1.06595
1.06595
1.06595
1.06595
1.06595
1.06595
1.06595
1.06595
1.06595
1.06595
1.06595
1.06595
1.06595
1.06595
1.06595
1.06595
1.06595
1.06595
1.06595
1.06595
1.06595
1.06595
1.06595
1.06595
1.06595
1.06595
1.06595
1.06595
1.06595
1.06595
1.06595
1.06595
1.06595
1.06595
1.06595
1.06595
1.06595
1.06595
1.06595
1.06595
1.06595
1.06595
1.06595
1.06596
1.06596
1.06596
1.06596
1.06597
1.06598
1.06598
1.066
1.06602
1.06609
1.06615
1.06666
1.06721
1.0709
0.987376
1.05613
1.05336
1.06711
1.0626
1.0641
1.06295
1.06354
1.06362
1.06402
1.06426
1.06452
1.06471
1.06489
1.06504
1.06517
1.06527
1.06537
1.06545
1.06552
1.06558
1.06563
1.06568
1.06572
1.06575
1.06578
1.06581
1.06583
1.06585
1.06586
1.06588
1.06589
1.0659
1.06591
1.06592
1.06592
1.06593
1.06593
1.06594
1.06594
1.06594
1.06594
1.06595
1.06595
1.06595
1.06595
1.06595
1.06595
1.06595
1.06595
1.06595
1.06595
1.06595
1.06595
1.06595
1.06595
1.06595
1.06595
1.06595
1.06595
1.06595
1.06595
1.06595
1.06595
1.06595
1.06595
1.06595
1.06595
1.06595
1.06595
1.06595
1.06595
1.06595
1.06595
1.06595
1.06595
1.06595
1.06595
1.06595
1.06595
1.06595
1.06595
1.06595
1.06595
1.06595
1.06596
1.06596
1.06596
1.06596
1.06596
1.06597
1.06598
1.06599
1.066
1.06602
1.06609
1.06616
1.06668
1.06724
1.07102
0.987376
1.05613
1.05336
1.06711
1.0626
1.0641
1.06295
1.06354
1.06362
1.06402
1.06426
1.06452
1.06471
1.06489
1.06504
1.06517
1.06527
1.06537
1.06545
1.06552
1.06558
1.06563
1.06568
1.06572
1.06575
1.06578
1.06581
1.06583
1.06585
1.06586
1.06588
1.06589
1.0659
1.06591
1.06592
1.06592
1.06593
1.06593
1.06594
1.06594
1.06594
1.06594
1.06595
1.06595
1.06595
1.06595
1.06595
1.06595
1.06595
1.06595
1.06595
1.06595
1.06595
1.06595
1.06595
1.06595
1.06595
1.06595
1.06595
1.06595
1.06595
1.06595
1.06595
1.06595
1.06595
1.06595
1.06595
1.06595
1.06595
1.06595
1.06595
1.06595
1.06595
1.06595
1.06595
1.06595
1.06595
1.06595
1.06595
1.06595
1.06595
1.06595
1.06595
1.06595
1.06595
1.06596
1.06596
1.06596
1.06596
1.06596
1.06597
1.06598
1.06599
1.066
1.06602
1.06609
1.06616
1.06668
1.06724
1.07102
0.987587
1.05648
1.05344
1.06715
1.06262
1.06414
1.06299
1.06358
1.06367
1.06405
1.06429
1.06454
1.06474
1.06491
1.06506
1.06518
1.06529
1.06538
1.06546
1.06553
1.06558
1.06564
1.06568
1.06572
1.06575
1.06578
1.06581
1.06583
1.06585
1.06587
1.06588
1.06589
1.0659
1.06591
1.06592
1.06592
1.06593
1.06593
1.06594
1.06594
1.06594
1.06594
1.06595
1.06595
1.06595
1.06595
1.06595
1.06595
1.06595
1.06595
1.06595
1.06595
1.06595
1.06595
1.06595
1.06595
1.06595
1.06595
1.06595
1.06595
1.06595
1.06595
1.06595
1.06595
1.06595
1.06595
1.06595
1.06595
1.06595
1.06595
1.06595
1.06595
1.06595
1.06595
1.06595
1.06595
1.06595
1.06595
1.06595
1.06595
1.06595
1.06595
1.06595
1.06595
1.06595
1.06595
1.06596
1.06596
1.06596
1.06596
1.06597
1.06598
1.06598
1.066
1.06602
1.06609
1.06615
1.06666
1.06721
1.0709
0.988017
1.05717
1.0536
1.06724
1.06267
1.06422
1.06309
1.06368
1.06375
1.06413
1.06435
1.0646
1.06479
1.06495
1.06509
1.06521
1.06531
1.0654
1.06548
1.06554
1.0656
1.06565
1.06569
1.06573
1.06576
1.06579
1.06582
1.06584
1.06585
1.06587
1.06588
1.06589
1.0659
1.06591
1.06592
1.06592
1.06593
1.06593
1.06594
1.06594
1.06594
1.06594
1.06594
1.06595
1.06595
1.06595
1.06595
1.06595
1.06595
1.06595
1.06595
1.06595
1.06595
1.06595
1.06595
1.06595
1.06595
1.06595
1.06595
1.06595
1.06595
1.06595
1.06595
1.06595
1.06595
1.06595
1.06595
1.06595
1.06595
1.06595
1.06595
1.06595
1.06595
1.06595
1.06595
1.06595
1.06595
1.06595
1.06595
1.06595
1.06595
1.06595
1.06595
1.06595
1.06595
1.06595
1.06595
1.06596
1.06596
1.06596
1.06597
1.06597
1.06598
1.066
1.06601
1.06608
1.06614
1.06662
1.06714
1.07065
0.988681
1.05821
1.05383
1.06737
1.06274
1.06435
1.06323
1.06381
1.06387
1.06424
1.06445
1.06468
1.06486
1.06502
1.06515
1.06526
1.06535
1.06544
1.06551
1.06557
1.06562
1.06567
1.06571
1.06574
1.06577
1.0658
1.06582
1.06584
1.06586
1.06587
1.06589
1.0659
1.0659
1.06591
1.06592
1.06592
1.06593
1.06593
1.06593
1.06594
1.06594
1.06594
1.06594
1.06594
1.06594
1.06594
1.06595
1.06595
1.06595
1.06595
1.06595
1.06595
1.06595
1.06595
1.06595
1.06595
1.06595
1.06595
1.06595
1.06595
1.06595
1.06595
1.06595
1.06595
1.06595
1.06595
1.06595
1.06595
1.06595
1.06595
1.06595
1.06595
1.06595
1.06595
1.06595
1.06595
1.06595
1.06595
1.06595
1.06595
1.06595
1.06595
1.06595
1.06595
1.06595
1.06595
1.06595
1.06595
1.06595
1.06596
1.06596
1.06597
1.06598
1.06599
1.06601
1.06606
1.06611
1.06656
1.06704
1.07029
0.989603
1.05965
1.05415
1.06754
1.06283
1.06451
1.06341
1.06399
1.06403
1.06438
1.06457
1.06479
1.06495
1.06509
1.06521
1.06532
1.0654
1.06548
1.06555
1.0656
1.06565
1.06569
1.06573
1.06576
1.06579
1.06581
1.06583
1.06585
1.06586
1.06588
1.06589
1.0659
1.0659
1.06591
1.06592
1.06592
1.06592
1.06593
1.06593
1.06593
1.06593
1.06594
1.06594
1.06594
1.06594
1.06594
1.06594
1.06594
1.06594
1.06594
1.06594
1.06594
1.06594
1.06594
1.06594
1.06594
1.06594
1.06594
1.06594
1.06594
1.06594
1.06594
1.06594
1.06594
1.06594
1.06594
1.06594
1.06594
1.06594
1.06594
1.06594
1.06594
1.06594
1.06594
1.06594
1.06594
1.06594
1.06594
1.06594
1.06594
1.06594
1.06594
1.06594
1.06594
1.06594
1.06594
1.06595
1.06595
1.06595
1.06595
1.06596
1.06596
1.06597
1.06598
1.06599
1.06604
1.06608
1.06647
1.06691
1.0698
0.990817
1.06148
1.05453
1.06775
1.06295
1.06472
1.06363
1.06421
1.06423
1.06455
1.06471
1.06491
1.06505
1.06519
1.06529
1.06538
1.06546
1.06553
1.06559
1.06564
1.06568
1.06571
1.06575
1.06577
1.0658
1.06582
1.06584
1.06585
1.06586
1.06588
1.06588
1.06589
1.0659
1.0659
1.06591
1.06591
1.06592
1.06592
1.06592
1.06592
1.06592
1.06593
1.06593
1.06593
1.06593
1.06593
1.06593
1.06593
1.06593
1.06593
1.06593
1.06593
1.06593
1.06593
1.06593
1.06593
1.06593
1.06593
1.06593
1.06593
1.06593
1.06593
1.06593
1.06593
1.06593
1.06593
1.06593
1.06593
1.06593
1.06593
1.06593
1.06593
1.06593
1.06593
1.06593
1.06593
1.06593
1.06593
1.06593
1.06593
1.06593
1.06593
1.06593
1.06593
1.06593
1.06593
1.06593
1.06593
1.06594
1.06594
1.06594
1.06595
1.06595
1.06596
1.06597
1.06601
1.06604
1.06636
1.06674
1.06921
0.992368
1.06376
1.05498
1.068
1.06309
1.06495
1.06389
1.06445
1.06445
1.06474
1.06488
1.06505
1.06517
1.06528
1.06537
1.06545
1.06552
1.06557
1.06562
1.06566
1.0657
1.06573
1.06576
1.06578
1.0658
1.06582
1.06583
1.06584
1.06585
1.06586
1.06587
1.06588
1.06588
1.06589
1.06589
1.06589
1.0659
1.0659
1.0659
1.0659
1.0659
1.0659
1.0659
1.0659
1.0659
1.06591
1.06591
1.06591
1.06591
1.06591
1.06591
1.06591
1.06591
1.06591
1.06591
1.06591
1.06591
1.06591
1.06591
1.06591
1.06591
1.06591
1.06591
1.06591
1.06591
1.06591
1.06591
1.06591
1.06591
1.06591
1.06591
1.06591
1.06591
1.06591
1.06591
1.06591
1.06591
1.06591
1.06591
1.06591
1.06591
1.06591
1.06591
1.06591
1.06591
1.06591
1.06591
1.06591
1.06591
1.06591
1.06592
1.06592
1.06592
1.06593
1.06594
1.06596
1.06598
1.06623
1.06653
1.06849
0.994314
1.06651
1.05549
1.06827
1.06324
1.06521
1.06417
1.06472
1.06469
1.06493
1.06504
1.06518
1.06528
1.06537
1.06544
1.0655
1.06556
1.0656
1.06564
1.06567
1.0657
1.06573
1.06575
1.06576
1.06578
1.06579
1.0658
1.06581
1.06582
1.06583
1.06583
1.06583
1.06584
1.06584
1.06584
1.06585
1.06585
1.06585
1.06585
1.06585
1.06585
1.06585
1.06585
1.06585
1.06585
1.06585
1.06586
1.06586
1.06586
1.06586
1.06586
1.06586
1.06586
1.06586
1.06586
1.06586
1.06586
1.06586
1.06586
1.06586
1.06586
1.06586
1.06586
1.06586
1.06586
1.06586
1.06586
1.06586
1.06586
1.06586
1.06586
1.06586
1.06586
1.06586
1.06586
1.06586
1.06586
1.06586
1.06586
1.06586
1.06586
1.06586
1.06586
1.06586
1.06586
1.06586
1.06586
1.06586
1.06586
1.06586
1.06586
1.06587
1.06587
1.06587
1.06587
1.06589
1.0659
1.06606
1.06628
1.06766
0.996726
1.06976
1.05602
1.06854
1.06338
1.06545
1.06445
1.06497
1.0649
1.06511
1.06518
1.06528
1.06535
1.06542
1.06547
1.06551
1.06555
1.06558
1.06561
1.06563
1.06565
1.06567
1.06568
1.06569
1.0657
1.06571
1.06572
1.06572
1.06573
1.06573
1.06574
1.06574
1.06574
1.06574
1.06574
1.06575
1.06575
1.06575
1.06575
1.06575
1.06575
1.06575
1.06575
1.06575
1.06575
1.06575
1.06575
1.06575
1.06575
1.06575
1.06575
1.06575
1.06575
1.06575
1.06575
1.06575
1.06575
1.06575
1.06575
1.06575
1.06575
1.06575
1.06575
1.06575
1.06575
1.06575
1.06575
1.06575
1.06575
1.06575
1.06575
1.06575
1.06575
1.06575
1.06575
1.06575
1.06575
1.06575
1.06575
1.06575
1.06575
1.06575
1.06575
1.06575
1.06575
1.06575
1.06575
1.06575
1.06575
1.06575
1.06575
1.06576
1.06576
1.06576
1.06576
1.06576
1.06575
1.06583
1.06596
1.06669
0.999679
1.07353
1.05651
1.06874
1.06344
1.06563
1.06465
1.06515
1.06504
1.0652
1.06522
1.06529
1.06533
1.06537
1.06539
1.06542
1.06544
1.06546
1.06547
1.06548
1.06549
1.0655
1.06551
1.06551
1.06551
1.06552
1.06552
1.06552
1.06552
1.06553
1.06553
1.06553
1.06553
1.06553
1.06553
1.06553
1.06553
1.06553
1.06553
1.06553
1.06553
1.06553
1.06553
1.06553
1.06553
1.06553
1.06553
1.06553
1.06553
1.06553
1.06553
1.06553
1.06553
1.06553
1.06553
1.06553
1.06553
1.06553
1.06553
1.06553
1.06553
1.06553
1.06553
1.06553
1.06553
1.06553
1.06553
1.06553
1.06553
1.06553
1.06553
1.06553
1.06553
1.06553
1.06553
1.06553
1.06553
1.06553
1.06553
1.06553
1.06553
1.06553
1.06553
1.06553
1.06553
1.06553
1.06553
1.06553
1.06553
1.06553
1.06553
1.06553
1.06553
1.06553
1.06552
1.06551
1.06549
1.06548
1.06551
1.06553
1.00324
1.07777
1.05685
1.06873
1.06331
1.06561
1.06466
1.06513
1.06497
1.06507
1.06505
1.06507
1.06507
1.06508
1.06508
1.06509
1.06509
1.06509
1.06509
1.06509
1.06509
1.06509
1.06509
1.06509
1.06508
1.06508
1.06508
1.06508
1.06508
1.06507
1.06507
1.06507
1.06507
1.06507
1.06507
1.06507
1.06507
1.06507
1.06507
1.06506
1.06506
1.06506
1.06506
1.06506
1.06506
1.06506
1.06506
1.06506
1.06506
1.06506
1.06506
1.06506
1.06506
1.06506
1.06506
1.06506
1.06506
1.06506
1.06506
1.06506
1.06506
1.06506
1.06506
1.06506
1.06506
1.06506
1.06506
1.06506
1.06506
1.06506
1.06506
1.06506
1.06506
1.06506
1.06506
1.06506
1.06506
1.06506
1.06506
1.06506
1.06506
1.06506
1.06506
1.06506
1.06506
1.06506
1.06506
1.06506
1.06506
1.06506
1.06506
1.06506
1.06506
1.06505
1.06504
1.06503
1.06499
1.06489
1.06481
1.06409
1.00742
1.08232
1.05676
1.06825
1.06272
1.06512
1.0642
1.06463
1.06442
1.06446
1.06439
1.06436
1.06433
1.0643
1.06428
1.06426
1.06424
1.06422
1.06421
1.06419
1.06418
1.06417
1.06416
1.06415
1.06414
1.06414
1.06413
1.06412
1.06412
1.06412
1.06411
1.06411
1.0641
1.0641
1.0641
1.0641
1.0641
1.06409
1.06409
1.06409
1.06409
1.06409
1.06409
1.06409
1.06409
1.06409
1.06409
1.06409
1.06409
1.06409
1.06409
1.06409
1.06409
1.06409
1.06409
1.06409
1.06409
1.06409
1.06409
1.06409
1.06409
1.06409
1.06409
1.06409
1.06409
1.06409
1.06409
1.06409
1.06409
1.06409
1.06409
1.06409
1.06409
1.06409
1.06409
1.06409
1.06409
1.06409
1.06409
1.06409
1.06409
1.06409
1.06409
1.06409
1.06409
1.06409
1.06409
1.06409
1.06409
1.06408
1.06408
1.06408
1.06408
1.06407
1.06406
1.06403
1.06399
1.06379
1.06361
1.06211
1.01204
1.08673
1.05568
1.06672
1.06111
1.06361
1.06272
1.0631
1.06283
1.06281
1.06267
1.0626
1.06252
1.06246
1.06241
1.06236
1.06232
1.06229
1.06226
1.06223
1.06221
1.06219
1.06217
1.06215
1.06214
1.06213
1.06211
1.06211
1.0621
1.06209
1.06208
1.06208
1.06207
1.06207
1.06206
1.06206
1.06206
1.06206
1.06206
1.06205
1.06205
1.06205
1.06205
1.06205
1.06205
1.06205
1.06205
1.06205
1.06205
1.06205
1.06205
1.06205
1.06205
1.06205
1.06205
1.06205
1.06205
1.06205
1.06205
1.06205
1.06205
1.06205
1.06205
1.06205
1.06205
1.06205
1.06205
1.06205
1.06205
1.06205
1.06205
1.06205
1.06205
1.06205
1.06205
1.06205
1.06205
1.06205
1.06205
1.06205
1.06205
1.06205
1.06205
1.06205
1.06205
1.06205
1.06205
1.06204
1.06204
1.06204
1.06204
1.06204
1.06203
1.06202
1.06201
1.06197
1.06192
1.06164
1.06135
1.05909
1.0165
1.08991
1.05242
1.06293
1.05731
1.05988
1.05904
1.05937
1.05903
1.05894
1.05874
1.05862
1.0585
1.0584
1.05831
1.05824
1.05818
1.05812
1.05808
1.05804
1.058
1.05797
1.05794
1.05792
1.0579
1.05788
1.05787
1.05785
1.05784
1.05783
1.05782
1.05781
1.05781
1.0578
1.0578
1.05779
1.05779
1.05779
1.05779
1.05778
1.05778
1.05778
1.05778
1.05778
1.05778
1.05778
1.05778
1.05778
1.05778
1.05778
1.05778
1.05778
1.05778
1.05778
1.05778
1.05778
1.05778
1.05778
1.05778
1.05778
1.05778
1.05778
1.05778
1.05778
1.05778
1.05778
1.05778
1.05778
1.05778
1.05778
1.05778
1.05778
1.05778
1.05778
1.05778
1.05778
1.05778
1.05778
1.05778
1.05778
1.05778
1.05778
1.05777
1.05777
1.05777
1.05777
1.05777
1.05777
1.05777
1.05777
1.05777
1.05776
1.05775
1.05774
1.05773
1.05769
1.05763
1.05728
1.05688
1.05392
1.01908
1.08943
1.04453
1.0544
1.04887
1.0515
1.05071
1.05097
1.05057
1.0504
1.05014
1.04996
1.04979
1.04966
1.04954
1.04944
1.04936
1.04928
1.04922
1.04917
1.04912
1.04908
1.04904
1.04901
1.04899
1.04896
1.04894
1.04892
1.04891
1.0489
1.04889
1.04888
1.04887
1.04886
1.04886
1.04885
1.04885
1.04884
1.04884
1.04884
1.04884
1.04884
1.04884
1.04883
1.04883
1.04883
1.04883
1.04883
1.04883
1.04883
1.04883
1.04883
1.04883
1.04883
1.04883
1.04883
1.04883
1.04883
1.04883
1.04883
1.04883
1.04883
1.04883
1.04883
1.04883
1.04883
1.04883
1.04883
1.04883
1.04883
1.04883
1.04883
1.04883
1.04883
1.04883
1.04883
1.04883
1.04883
1.04883
1.04883
1.04883
1.04883
1.04883
1.04883
1.04883
1.04883
1.04883
1.04883
1.04882
1.04882
1.04882
1.04881
1.0488
1.04879
1.04878
1.04873
1.04867
1.04828
1.04778
1.04425
1.0156
1.07994
1.02682
1.03594
1.03064
1.0333
1.03257
1.03276
1.03231
1.03206
1.03174
1.03151
1.0313
1.03112
1.03097
1.03085
1.03074
1.03065
1.03057
1.03051
1.03045
1.0304
1.03035
1.03032
1.03028
1.03025
1.03023
1.03021
1.03019
1.03018
1.03016
1.03015
1.03014
1.03014
1.03013
1.03013
1.03012
1.03012
1.03011
1.03011
1.03011
1.03011
1.03011
1.03011
1.03011
1.0301
1.0301
1.0301
1.0301
1.0301
1.0301
1.0301
1.0301
1.0301
1.0301
1.0301
1.0301
1.0301
1.0301
1.0301
1.0301
1.0301
1.0301
1.0301
1.0301
1.0301
1.0301
1.0301
1.0301
1.0301
1.0301
1.0301
1.0301
1.0301
1.0301
1.0301
1.0301
1.0301
1.0301
1.0301
1.0301
1.0301
1.0301
1.0301
1.0301
1.0301
1.0301
1.0301
1.03009
1.03009
1.03009
1.03008
1.03007
1.03006
1.03004
1.03
1.02994
1.02952
1.02896
1.02509
0.99617
1.04996
0.98849
0.996734
0.991882
0.994529
0.993878
0.993985
0.993481
0.993164
0.9928
0.99252
0.99227
0.992066
0.991891
0.991744
0.991618
0.991512
0.99142
0.991342
0.991274
0.991216
0.991166
0.991123
0.991086
0.991054
0.991027
0.991004
0.990985
0.990968
0.990954
0.990942
0.990932
0.990924
0.990917
0.990912
0.990907
0.990903
0.9909
0.990897
0.990895
0.990894
0.990892
0.990891
0.99089
0.99089
0.990889
0.990889
0.990888
0.990888
0.990888
0.990888
0.990887
0.990887
0.990887
0.990887
0.990887
0.990887
0.990887
0.990887
0.990887
0.990887
0.990887
0.990887
0.990887
0.990887
0.990887
0.990887
0.990887
0.990887
0.990887
0.990887
0.990887
0.990887
0.990887
0.990887
0.990887
0.990887
0.990887
0.990887
0.990886
0.990886
0.990886
0.990886
0.990885
0.990884
0.990883
0.990881
0.990878
0.990874
0.990869
0.990862
0.990852
0.990839
0.990825
0.990786
0.990731
0.990322
0.98974
0.985952
0.938103
0.975018
0.90698
0.914195
0.910111
0.912633
0.912076
0.912107
0.911579
0.911219
0.910828
0.910522
0.910252
0.91003
0.909841
0.909682
0.909546
0.909432
0.909333
0.909249
0.909177
0.909116
0.909063
0.909017
0.908979
0.908946
0.908918
0.908894
0.908874
0.908857
0.908843
0.908831
0.908822
0.908813
0.908807
0.908801
0.908796
0.908793
0.908789
0.908787
0.908785
0.908783
0.908782
0.908781
0.90878
0.90878
0.908779
0.908779
0.908778
0.908778
0.908778
0.908778
0.908778
0.908777
0.908777
0.908777
0.908777
0.908777
0.908777
0.908777
0.908777
0.908777
0.908777
0.908777
0.908777
0.908777
0.908777
0.908777
0.908777
0.908777
0.908777
0.908777
0.908777
0.908777
0.908777
0.908777
0.908777
0.908777
0.908777
0.908777
0.908777
0.908776
0.908776
0.908776
0.908775
0.908774
0.908773
0.908771
0.908768
0.908764
0.908758
0.908751
0.908741
0.908728
0.908717
0.908687
0.908646
0.90828
0.907753
0.904638
0.789011
0.802434
0.735229
0.741153
0.738249
0.740403
0.739969
0.739936
0.73945
0.739101
0.738739
0.738452
0.738202
0.737995
0.73782
0.737673
0.737548
0.737442
0.737352
0.737275
0.737209
0.737153
0.737105
0.737064
0.737029
0.737
0.736975
0.736954
0.736936
0.736921
0.736909
0.736899
0.73689
0.736883
0.736877
0.736873
0.736869
0.736865
0.736863
0.736861
0.736859
0.736858
0.736857
0.736856
0.736855
0.736855
0.736854
0.736854
0.736854
0.736853
0.736853
0.736853
0.736853
0.736853
0.736853
0.736853
0.736853
0.736853
0.736853
0.736853
0.736853
0.736853
0.736853
0.736853
0.736853
0.736853
0.736853
0.736853
0.736853
0.736853
0.736853
0.736853
0.736853
0.736853
0.736853
0.736852
0.736852
0.736852
0.736852
0.736852
0.736852
0.736852
0.736852
0.736851
0.736851
0.73685
0.736849
0.736847
0.736844
0.736841
0.736836
0.736829
0.73682
0.73681
0.736802
0.736784
0.736764
0.736486
0.736102
0.734294
0.427054
0.418072
0.375366
0.378983
0.377749
0.378945
0.378707
0.378656
0.378369
0.378159
0.377948
0.377781
0.377636
0.377517
0.377417
0.377332
0.377261
0.3772
0.377149
0.377105
0.377068
0.377036
0.377009
0.376986
0.376967
0.37695
0.376937
0.376925
0.376916
0.376907
0.376901
0.376895
0.376891
0.376887
0.376884
0.376881
0.376879
0.376878
0.376876
0.376875
0.376874
0.376874
0.376873
0.376873
0.376872
0.376872
0.376872
0.376872
0.376872
0.376872
0.376872
0.376871
0.376871
0.376871
0.376871
0.376871
0.376871
0.376871
0.376871
0.376871
0.376871
0.376871
0.376871
0.376871
0.376871
0.376871
0.376871
0.376871
0.376871
0.376871
0.376871
0.376871
0.376871
0.376871
0.376871
0.376871
0.376871
0.376871
0.376871
0.376871
0.376871
0.376871
0.376871
0.37687
0.37687
0.37687
0.376869
0.376868
0.376866
0.376864
0.376861
0.376858
0.376853
0.376848
0.376845
0.376839
0.376839
0.376711
0.376552
0.376217
)
;

boundaryField
{
    inlet
    {
        type            calculated;
        value           uniform 1;
    }
    outlet
    {
        type            calculated;
        value           nonuniform List<scalar> 
40
(
0.376217
0.734294
0.904638
0.985952
1.02509
1.04425
1.05393
1.0591
1.06211
1.06409
1.06553
1.06669
1.06766
1.06849
1.06921
1.0698
1.07029
1.07065
1.0709
1.07102
1.07102
1.0709
1.07065
1.07029
1.0698
1.06921
1.06849
1.06766
1.06669
1.06553
1.06409
1.06211
1.05909
1.05392
1.04425
1.02509
0.985952
0.904638
0.734294
0.376217
)
;
    }
    lowerWall
    {
        type            calculated;
        value           uniform 0;
    }
    upperWall
    {
        type            calculated;
        value           uniform 0;
    }
    frontAndBack
    {
        type            empty;
    }
}


// ************************************************************************* //
