/*--------------------------------*- C++ -*----------------------------------*\
| =========                 |                                                 |
| \\      /  F ield         | OpenFOAM: The Open Source CFD Toolbox           |
|  \\    /   O peration     | Version:  v1906                                 |
|   \\  /    A nd           | Web:      www.OpenFOAM.com                      |
|    \\/     M anipulation  |                                                 |
\*---------------------------------------------------------------------------*/
FoamFile
{
    version     2.0;
    format      ascii;
    class       volScalarField;
    location    "2";
    object      Uy;
}
// * * * * * * * * * * * * * * * * * * * * * * * * * * * * * * * * * * * * * //

dimensions      [0 1 -1 0 0 0 0];


internalField   nonuniform List<scalar> 
4000
(
0.0732099
0.00685429
-0.000524403
-0.00107172
-0.00130997
-0.00121015
-0.0012016
-0.00117706
-0.00117981
-0.00118038
-0.00118475
-0.00118773
-0.00119081
-0.00119316
-0.00119517
-0.00119674
-0.00119806
-0.00119914
-0.00120002
-0.00120076
-0.00120139
-0.00120191
-0.00120237
-0.00120272
-0.00120303
-0.00120331
-0.00120354
-0.00120374
-0.00120391
-0.00120404
-0.00120416
-0.00120425
-0.00120434
-0.0012044
-0.00120447
-0.00120452
-0.00120456
-0.0012046
-0.00120461
-0.00120463
-0.00120466
-0.00120467
-0.0012047
-0.00120469
-0.0012047
-0.0012047
-0.00120472
-0.00120473
-0.00120473
-0.00120472
-0.00120473
-0.00120472
-0.00120473
-0.00120473
-0.00120474
-0.00120473
-0.00120473
-0.00120472
-0.00120473
-0.00120473
-0.00120474
-0.00120473
-0.00120473
-0.00120472
-0.00120473
-0.00120473
-0.00120474
-0.00120473
-0.00120473
-0.00120473
-0.00120473
-0.00120473
-0.00120473
-0.00120473
-0.00120473
-0.00120472
-0.00120473
-0.00120472
-0.00120472
-0.00120472
-0.00120472
-0.00120471
-0.00120471
-0.0012047
-0.00120469
-0.00120467
-0.00120464
-0.00120459
-0.00120454
-0.00120446
-0.00120436
-0.00120426
-0.0012042
-0.00120433
-0.00120472
-0.00120466
-0.00120166
-0.00118546
-0.00116681
-0.00130297
0.172001
0.024086
0.00283824
8.2256e-05
-0.000770674
-0.00045823
-0.000395026
-0.000302855
-0.000304898
-0.000306694
-0.00032178
-0.000333648
-0.00034554
-0.000354775
-0.000362672
-0.000369044
-0.000374421
-0.000378894
-0.000382624
-0.000385777
-0.000388488
-0.000390751
-0.000392745
-0.000394393
-0.000395819
-0.000397087
-0.000398163
-0.000399095
-0.000399886
-0.000400519
-0.00040109
-0.000401522
-0.000401949
-0.00040226
-0.000402559
-0.000402793
-0.000402975
-0.000403129
-0.000403245
-0.000403335
-0.00040346
-0.000403516
-0.000403607
-0.000403624
-0.000403669
-0.000403694
-0.000403738
-0.000403766
-0.000403794
-0.000403782
-0.000403793
-0.00040377
-0.000403799
-0.000403795
-0.000403817
-0.000403796
-0.000403794
-0.000403778
-0.000403804
-0.000403803
-0.000403822
-0.000403796
-0.000403802
-0.000403791
-0.000403817
-0.000403813
-0.000403825
-0.000403806
-0.000403815
-0.000403804
-0.000403814
-0.000403798
-0.000403802
-0.000403784
-0.000403794
-0.000403781
-0.000403791
-0.000403775
-0.000403777
-0.000403761
-0.00040376
-0.00040374
-0.000403729
-0.00040369
-0.000403643
-0.000403557
-0.000403447
-0.000403275
-0.00040305
-0.000402732
-0.000402326
-0.000401902
-0.000401572
-0.000401758
-0.000402269
-0.000400171
-0.000382636
-0.000315984
-0.000212971
-0.000457852
0.195355
0.0389543
0.00767996
0.00116734
-0.000440605
8.44414e-06
0.000172053
0.000348141
0.000357092
0.000352529
0.000322523
0.000297059
0.000272732
0.000253784
0.000237675
0.000224564
0.000213614
0.000204509
0.000196887
0.000190455
0.000184951
0.000180346
0.000176282
0.000172833
0.000169841
0.00016721
0.00016498
0.000163055
0.000161407
0.000160054
0.000158832
0.000157888
0.000156985
0.000156306
0.000155696
0.000155201
0.000154821
0.000154483
0.000154204
0.000154
0.000153754
0.000153644
0.000153466
0.000153396
0.000153284
0.000153214
0.000153141
0.000153098
0.000153052
0.00015306
0.000153015
0.000153038
0.000152991
0.000153011
0.000152989
0.000153019
0.000153009
0.000153027
0.000152995
0.000153012
0.000152983
0.000153012
0.000152984
0.000152998
0.00015296
0.000152971
0.000152947
0.000152969
0.00015295
0.00015297
0.000152957
0.000152988
0.000152984
0.000153017
0.00015301
0.000153038
0.000153028
0.000153052
0.000153047
0.000153071
0.000153073
0.00015311
0.000153139
0.000153221
0.000153319
0.000153495
0.000153724
0.00015408
0.000154555
0.000155215
0.000156061
0.000156972
0.000157792
0.000157813
0.000158223
0.000165067
0.000210327
0.000360057
0.000653243
0.000606962
0.187118
0.0487211
0.0120563
0.00171744
-0.000561137
-7.01504e-05
0.000206503
0.000461108
0.000487032
0.000479673
0.000436015
0.000397776
0.000361372
0.000332184
0.000307239
0.000286937
0.000270491
0.000256845
0.000245403
0.000235743
0.000227473
0.0002205
0.000214383
0.000209171
0.000204648
0.000200698
0.000197331
0.000194425
0.000191918
0.000189831
0.000187953
0.000186483
0.000185108
0.000184055
0.000183128
0.000182363
0.000181761
0.000181231
0.00018078
0.000180457
0.000180086
0.0001799
0.000179622
0.000179486
0.000179305
0.000179193
0.000179088
0.000179024
0.000178945
0.00017894
0.000178865
0.000178895
0.000178839
0.000178872
0.000178842
0.000178875
0.000178855
0.000178883
0.000178846
0.000178871
0.000178828
0.000178857
0.000178815
0.000178834
0.000178787
0.000178801
0.000178765
0.00017879
0.000178764
0.000178795
0.00017878
0.000178828
0.000178825
0.000178874
0.000178868
0.000178908
0.000178895
0.000178925
0.000178916
0.000178951
0.000178959
0.000179019
0.000179069
0.000179193
0.000179344
0.000179611
0.000179964
0.000180511
0.000181247
0.000182264
0.000183576
0.000185031
0.0001865
0.000187089
0.000189548
0.000203119
0.000283728
0.000530318
0.00109574
0.00141742
0.170963
0.0545099
0.0154881
0.00206021
-0.000747675
-0.000265941
0.000116979
0.000431633
0.000474463
0.000465004
0.000412302
0.000364621
0.000318938
0.000281475
0.000249541
0.000223405
0.000202064
0.000184301
0.000169341
0.000156641
0.000145684
0.000136328
0.000128286
0.000121533
0.000115669
0.000110551
0.000106162
0.000102359
9.90508e-05
9.63005e-05
9.38345e-05
9.1891e-05
9.00983e-05
8.87079e-05
8.74897e-05
8.64709e-05
8.56588e-05
8.49526e-05
8.43418e-05
8.3906e-05
8.34126e-05
8.31454e-05
8.27756e-05
8.25752e-05
8.23348e-05
8.21815e-05
8.20392e-05
8.19497e-05
8.1837e-05
8.18206e-05
8.17207e-05
8.1755e-05
8.16906e-05
8.17305e-05
8.16935e-05
8.17304e-05
8.17047e-05
8.17418e-05
8.16996e-05
8.17315e-05
8.16737e-05
8.17035e-05
8.16492e-05
8.16708e-05
8.16148e-05
8.16293e-05
8.15826e-05
8.16102e-05
8.15773e-05
8.16178e-05
8.16027e-05
8.16662e-05
8.16662e-05
8.17291e-05
8.17262e-05
8.17762e-05
8.17603e-05
8.17947e-05
8.17838e-05
8.18301e-05
8.18457e-05
8.19254e-05
8.19928e-05
8.21532e-05
8.235e-05
8.26982e-05
8.31637e-05
8.38803e-05
8.48517e-05
8.61871e-05
8.79287e-05
8.99109e-05
9.21155e-05
9.36015e-05
9.90358e-05
0.000120591
0.000239929
0.000575295
0.00144289
0.00215099
0.153497
0.0575394
0.0180282
0.00236526
-0.000844189
-0.000404703
7.19006e-05
0.000429176
0.000487466
0.000476466
0.000416993
0.000361663
0.000309046
0.000265817
0.000229297
0.000199226
0.00017411
0.000153197
0.000135585
0.000120641
0.000107748
9.67105e-05
8.71795e-05
7.91107e-05
7.20617e-05
6.58925e-05
6.05298e-05
5.58501e-05
5.17116e-05
4.83662e-05
4.53967e-05
4.30318e-05
4.08727e-05
3.91757e-05
3.76996e-05
3.64638e-05
3.54602e-05
3.46081e-05
3.38565e-05
3.33198e-05
3.27187e-05
3.23707e-05
3.19213e-05
3.16634e-05
3.13689e-05
3.11787e-05
3.09959e-05
3.08828e-05
3.07358e-05
3.07084e-05
3.05872e-05
3.06224e-05
3.05505e-05
3.05969e-05
3.05548e-05
3.05987e-05
3.05676e-05
3.0614e-05
3.05652e-05
3.06013e-05
3.05306e-05
3.05593e-05
3.04937e-05
3.05168e-05
3.04515e-05
3.0467e-05
3.04096e-05
3.04406e-05
3.04015e-05
3.04521e-05
3.04374e-05
3.05158e-05
3.05196e-05
3.05945e-05
3.05935e-05
3.06516e-05
3.06327e-05
3.06713e-05
3.06577e-05
3.07142e-05
3.07351e-05
3.0833e-05
3.09156e-05
3.11067e-05
3.13417e-05
3.17564e-05
3.23151e-05
3.31726e-05
3.43391e-05
3.59406e-05
3.80521e-05
4.05381e-05
4.35457e-05
4.61899e-05
5.53549e-05
8.55717e-05
0.000240619
0.000654183
0.0018186
0.00286292
0.136395
0.0585026
0.019752
0.00262487
-0.000873421
-0.000493554
5.80097e-05
0.000446087
0.000518158
0.000506197
0.000441723
0.000380322
0.000322202
0.00027431
0.000233978
0.000200778
0.000173069
0.000150074
0.000130782
0.000114496
0.000100532
8.86472e-05
7.81966e-05
6.91839e-05
6.12762e-05
5.43576e-05
4.83061e-05
4.3026e-05
3.83302e-05
3.44918e-05
3.10767e-05
2.83092e-05
2.57865e-05
2.37628e-05
2.20527e-05
2.06342e-05
1.94596e-05
1.8483e-05
1.76087e-05
1.69855e-05
1.62948e-05
1.5876e-05
1.53634e-05
1.50579e-05
1.47171e-05
1.44938e-05
1.42708e-05
1.41374e-05
1.396e-05
1.39234e-05
1.37831e-05
1.38148e-05
1.37351e-05
1.37884e-05
1.37454e-05
1.37986e-05
1.37623e-05
1.38159e-05
1.37609e-05
1.38015e-05
1.37209e-05
1.37469e-05
1.3669e-05
1.36904e-05
1.36162e-05
1.36332e-05
1.35665e-05
1.36009e-05
1.35559e-05
1.36159e-05
1.36015e-05
1.36931e-05
1.3701e-05
1.37864e-05
1.37876e-05
1.38531e-05
1.38325e-05
1.38751e-05
1.38582e-05
1.39226e-05
1.39457e-05
1.4058e-05
1.41523e-05
1.43682e-05
1.46329e-05
1.50995e-05
1.57312e-05
1.66977e-05
1.80178e-05
1.98445e-05
2.22776e-05
2.5288e-05
2.92053e-05
3.32003e-05
4.61523e-05
8.41828e-05
0.000269219
0.000751785
0.00217967
0.00349282
0.12039
0.0578718
0.0207325
0.00281259
-0.000870603
-0.000555645
5.02857e-05
0.00045959
0.000543209
0.000530918
0.000463516
0.000398072
0.00033622
0.000285027
0.000241944
0.000206485
0.000176982
0.00015253
0.000132033
0.000114756
9.99704e-05
8.73913e-05
7.63162e-05
6.67481e-05
5.83454e-05
5.10243e-05
4.46247e-05
3.90827e-05
3.41748e-05
3.00283e-05
2.63176e-05
2.32782e-05
2.05208e-05
1.8288e-05
1.63826e-05
1.48028e-05
1.34551e-05
1.23519e-05
1.1358e-05
1.0663e-05
9.90074e-06
9.41968e-06
8.85678e-06
8.51289e-06
8.13442e-06
7.88494e-06
7.62473e-06
7.47521e-06
7.2712e-06
7.22681e-06
7.07048e-06
7.09635e-06
7.01026e-06
7.07036e-06
7.0293e-06
7.09322e-06
7.05188e-06
7.11129e-06
7.05021e-06
7.09563e-06
7.00778e-06
7.03039e-06
6.94021e-06
6.9579e-06
6.87531e-06
6.89461e-06
6.82041e-06
6.85863e-06
6.80819e-06
6.87637e-06
6.86176e-06
6.96424e-06
6.97624e-06
7.0704e-06
7.07379e-06
7.14587e-06
7.12417e-06
7.17079e-06
7.15023e-06
7.22e-06
7.24241e-06
7.36524e-06
7.46783e-06
7.70207e-06
7.98815e-06
8.49106e-06
9.17515e-06
1.02265e-05
1.16655e-05
1.37212e-05
1.64591e-05
1.98944e-05
2.4588e-05
2.98777e-05
4.61615e-05
9.05859e-05
0.000301559
0.000838761
0.00247832
0.0039911
0.105771
0.0560177
0.0210571
0.0029215
-0.000850137
-0.00059853
4.25894e-05
0.000462959
0.000555422
0.00054338
0.000475085
0.000407685
0.00034401
0.000291089
0.000246565
0.000209907
0.000179439
0.000154193
0.000133023
0.000115178
9.99108e-05
8.69018e-05
7.54588e-05
6.5575e-05
5.68684e-05
4.93e-05
4.26643e-05
3.69418e-05
3.18736e-05
2.75741e-05
2.37406e-05
2.05918e-05
1.77625e-05
1.54791e-05
1.34663e-05
1.17964e-05
1.03422e-05
9.17168e-06
8.09604e-06
7.339e-06
6.51469e-06
5.96925e-06
5.35614e-06
4.98161e-06
4.57206e-06
4.30281e-06
4.00959e-06
3.84847e-06
3.62163e-06
3.5705e-06
3.40237e-06
3.42263e-06
3.33225e-06
3.3988e-06
3.36065e-06
3.43517e-06
3.38976e-06
3.454e-06
3.38771e-06
3.43744e-06
3.345e-06
3.36415e-06
3.2627e-06
3.27546e-06
3.18519e-06
3.20734e-06
3.12738e-06
3.16984e-06
3.11478e-06
3.18986e-06
3.17433e-06
3.28497e-06
3.30062e-06
3.4018e-06
3.40706e-06
3.48455e-06
3.46236e-06
3.51279e-06
3.48852e-06
3.56162e-06
3.58076e-06
3.71004e-06
3.817e-06
4.06288e-06
4.36261e-06
4.89032e-06
5.61078e-06
6.74869e-06
8.28559e-06
1.04691e-05
1.33916e-05
1.70672e-05
2.23013e-05
2.8702e-05
4.79905e-05
9.78407e-05
0.000328883
0.000903573
0.00269436
0.00433964
0.0925292
0.0532228
0.0208157
0.00295387
-0.000816815
-0.000623432
3.46013e-05
0.000455985
0.000554347
0.000543013
0.000475621
0.000408173
0.00034445
0.000291298
0.00024659
0.000209764
0.000179164
0.00015381
0.000132539
0.000114608
9.92725e-05
8.61865e-05
7.46668e-05
6.47112e-05
5.59012e-05
4.82541e-05
4.15173e-05
3.57198e-05
3.05768e-05
2.62122e-05
2.23354e-05
1.91295e-05
1.62626e-05
1.39506e-05
1.19035e-05
1.0226e-05
8.74956e-06
7.58547e-06
6.48802e-06
5.70105e-06
4.85284e-06
4.27511e-06
3.63822e-06
3.23911e-06
2.79786e-06
2.51185e-06
2.18509e-06
2.01579e-06
1.76872e-06
1.7118e-06
1.53693e-06
1.55382e-06
1.46193e-06
1.53397e-06
1.49815e-06
1.58259e-06
1.53428e-06
1.60324e-06
1.53247e-06
1.5855e-06
1.49017e-06
1.50647e-06
1.39579e-06
1.40348e-06
1.30627e-06
1.33134e-06
1.2471e-06
1.29442e-06
1.23585e-06
1.31678e-06
1.29977e-06
1.41572e-06
1.43419e-06
1.54046e-06
1.54696e-06
1.62835e-06
1.60583e-06
1.65979e-06
1.63191e-06
1.70677e-06
1.72069e-06
1.85253e-06
1.96091e-06
2.21279e-06
2.52371e-06
3.07523e-06
3.81894e-06
4.98476e-06
6.55353e-06
8.73002e-06
1.16945e-05
1.553e-05
2.12306e-05
2.86103e-05
5.04236e-05
0.000104282
0.000348208
0.000942818
0.00282186
0.00453647
0.0805227
0.0496978
0.0200901
0.00291375
-0.000772952
-0.000630781
2.64115e-05
0.000439382
0.000540598
0.000530295
0.000465352
0.000399556
0.000337373
0.000285337
0.000241572
0.000205512
0.000175549
0.000150722
0.000129887
0.000112317
9.73022e-05
8.44757e-05
7.31659e-05
6.33902e-05
5.46947e-05
4.71597e-05
4.04879e-05
3.47546e-05
2.96645e-05
2.53317e-05
2.14943e-05
1.82947e-05
1.54347e-05
1.31295e-05
1.10821e-05
9.42976e-06
7.94837e-06
6.79985e-06
5.70513e-06
4.92374e-06
4.09516e-06
3.52603e-06
2.90044e-06
2.49307e-06
2.03675e-06
1.74828e-06
1.3994e-06
1.2236e-06
9.54646e-07
8.92686e-07
7.15741e-07
7.32461e-07
6.41641e-07
7.18437e-07
6.83538e-07
7.76617e-07
7.26869e-07
8.00648e-07
7.26447e-07
7.81276e-07
6.84127e-07
6.98393e-07
5.80949e-07
5.8433e-07
4.80752e-07
5.08536e-07
4.21056e-07
4.73396e-07
4.1284e-07
4.98731e-07
4.80144e-07
5.98592e-07
6.18739e-07
7.27903e-07
7.34972e-07
8.19113e-07
7.95903e-07
8.53174e-07
8.21747e-07
8.97604e-07
9.05247e-07
1.03727e-06
1.14722e-06
1.40316e-06
1.71458e-06
2.26524e-06
3.00184e-06
4.12442e-06
5.65488e-06
7.80088e-06
1.07655e-05
1.46986e-05
2.07426e-05
2.8882e-05
5.24917e-05
0.000108604
0.000357836
0.000955197
0.00286046
0.00458628
0.0695807
0.0456022
0.0189521
0.00280562
-0.000719887
-0.000621011
1.82879e-05
0.000414061
0.000515052
0.000505982
0.000444812
0.000382167
0.000322935
0.000273221
0.000231406
0.000196946
0.00016831
0.000144582
0.000124663
0.000107854
9.35021e-05
8.12339e-05
7.03937e-05
6.10344e-05
5.26631e-05
4.54231e-05
3.89808e-05
3.34473e-05
2.85378e-05
2.43407e-05
2.06359e-05
1.75252e-05
1.47381e-05
1.24996e-05
1.04943e-05
8.90149e-06
7.44291e-06
6.32519e-06
5.25225e-06
4.48923e-06
3.69343e-06
3.14089e-06
2.53244e-06
2.13486e-06
1.6839e-06
1.40901e-06
1.05756e-06
8.82201e-07
6.03393e-07
5.37009e-07
3.59449e-07
3.79295e-07
2.91791e-07
3.72867e-07
3.37662e-07
4.39068e-07
3.88083e-07
4.68522e-07
3.90525e-07
4.46753e-07
3.47126e-07
3.60202e-07
2.38351e-07
2.38512e-07
1.29758e-07
1.59442e-07
6.99215e-08
1.26558e-07
6.56729e-08
1.5521e-07
1.3527e-07
2.53569e-07
2.74123e-07
3.84513e-07
3.91772e-07
4.78315e-07
4.53661e-07
5.14794e-07
4.7895e-07
5.57005e-07
5.58241e-07
6.87707e-07
7.92695e-07
1.04201e-06
1.33769e-06
1.85829e-06
2.55946e-06
3.63336e-06
5.104e-06
7.1916e-06
1.01019e-05
1.40353e-05
2.02361e-05
2.8833e-05
5.33644e-05
0.000109873
0.000356859
0.000940529
0.00281306
0.00449749
0.0595377
0.041059
0.0174649
0.00263455
-0.000658368
-0.00059461
1.07411e-05
0.000381149
0.000478872
0.000471127
0.000414849
0.000356667
0.000301621
0.000255296
0.000216326
0.000184212
0.000157518
0.000135395
0.000116819
0.000101129
8.77419e-05
7.62983e-05
6.61604e-05
5.74288e-05
4.95746e-05
4.27945e-05
3.6733e-05
3.15221e-05
2.69067e-05
2.29443e-05
1.94595e-05
1.65216e-05
1.38754e-05
1.17651e-05
9.85197e-06
8.35815e-06
6.96247e-06
5.90234e-06
4.87742e-06
4.14895e-06
3.39975e-06
2.8766e-06
2.29259e-06
1.91327e-06
1.4705e-06
1.21115e-06
8.65191e-07
6.98754e-07
4.26747e-07
3.60501e-07
1.87939e-07
2.13986e-07
1.3037e-07
2.17116e-07
1.80415e-07
2.87319e-07
2.37849e-07
3.23309e-07
2.44947e-07
3.00568e-07
1.99099e-07
2.11648e-07
8.62794e-08
8.45496e-08
-2.76549e-08
2.98933e-09
-8.63684e-08
-2.79239e-08
-8.65777e-08
3.68314e-09
-1.71619e-08
9.83488e-08
1.18212e-07
2.29538e-07
2.36943e-07
3.25356e-07
2.99793e-07
3.6258e-07
3.23277e-07
3.99791e-07
3.94004e-07
5.14976e-07
6.0723e-07
8.38054e-07
1.11194e-06
1.5996e-06
2.25579e-06
3.26887e-06
4.65379e-06
6.6362e-06
9.41897e-06
1.32389e-05
1.93846e-05
2.80956e-05
5.26148e-05
0.000107671
0.000345106
0.000899643
0.00268497
0.00428101
0.0502426
0.0361648
0.015684
0.00240616
-0.00058893
-0.000552303
4.31899e-06
0.000341844
0.000433373
0.000426958
0.000376502
0.00032391
0.000274117
0.000232113
0.000196773
0.000167656
0.000143447
0.000123376
0.00010652
9.22642e-05
8.01079e-05
6.97246e-05
6.04959e-05
5.25766e-05
4.54128e-05
3.92386e-05
3.36958e-05
2.89193e-05
2.46979e-05
2.10601e-05
1.78718e-05
1.51835e-05
1.27419e-05
1.08151e-05
9.04355e-06
7.68421e-06
6.39252e-06
5.41774e-06
4.46886e-06
3.79508e-06
3.10837e-06
2.63242e-06
2.08521e-06
1.73313e-06
1.30488e-06
1.06217e-06
7.27714e-07
5.73516e-07
3.12479e-07
2.52389e-07
9.21112e-08
1.26204e-07
4.90093e-08
1.39693e-07
1.02828e-07
2.09625e-07
1.64888e-07
2.52341e-07
1.77937e-07
2.31042e-07
1.30134e-07
1.42253e-07
1.62196e-08
1.40911e-08
-9.87639e-08
-6.87071e-08
-1.56852e-07
-9.7591e-08
-1.54563e-07
-6.43636e-08
-8.53883e-08
2.42208e-08
4.2356e-08
1.52829e-07
1.60508e-07
2.48761e-07
2.23621e-07
2.84787e-07
2.43337e-07
3.13187e-07
2.9989e-07
4.08096e-07
4.87674e-07
6.98507e-07
9.47436e-07
1.39703e-06
1.99713e-06
2.92839e-06
4.19597e-06
6.02387e-06
8.60526e-06
1.21975e-05
1.80715e-05
2.65394e-05
5.01053e-05
0.000101928
0.000322949
0.000834165
0.00248315
0.00394948
0.0415609
0.0309967
0.0136591
0.00212665
-0.000512152
-0.000495179
-5.60511e-07
0.000297296
0.000379897
0.000374752
0.000330879
0.000284832
0.000241198
0.000204311
0.000173275
0.000147715
0.000126458
0.000108826
9.4016e-05
8.14721e-05
7.07773e-05
6.16592e-05
5.35213e-05
4.6571e-05
4.02501e-05
3.48085e-05
2.99067e-05
2.5667e-05
2.19265e-05
1.86949e-05
1.58683e-05
1.34979e-05
1.13201e-05
9.62452e-06
8.04099e-06
6.84618e-06
5.6951e-06
4.83211e-06
3.98396e-06
3.38548e-06
2.77461e-06
2.36188e-06
1.86507e-06
1.54971e-06
1.14602e-06
9.23004e-07
6.07382e-07
4.69552e-07
2.24596e-07
1.7431e-07
2.76624e-08
7.04255e-08
2.93982e-09
9.39755e-08
5.95699e-08
1.63131e-07
1.2292e-07
2.12476e-07
1.42518e-07
1.93877e-07
9.42356e-08
1.05742e-07
-1.62635e-08
-1.78215e-08
-1.29004e-07
-9.95257e-08
-1.87327e-07
-1.28003e-07
-1.84957e-07
-9.49288e-08
-1.15847e-07
-1.33382e-08
2.37026e-09
1.08446e-07
1.16487e-07
2.03583e-07
1.79408e-07
2.38221e-07
1.93934e-07
2.56618e-07
2.36266e-07
3.30794e-07
3.97312e-07
5.86069e-07
8.05656e-07
1.20852e-06
1.73941e-06
2.56793e-06
3.68902e-06
5.31809e-06
7.62979e-06
1.08852e-05
1.62762e-05
2.41491e-05
4.58547e-05
9.2789e-05
0.000291136
0.00074631
0.00221578
0.00351666
0.0333733
0.0256168
0.011435
0.00180273
-0.000428774
-0.00042473
-3.67347e-06
0.000248555
0.00031976
0.000315786
0.000279105
0.000240394
0.000203673
0.000172567
0.000146401
0.000124868
0.000106956
9.20914e-05
7.96012e-05
6.90065e-05
5.99697e-05
5.22904e-05
4.53993e-05
3.95471e-05
3.41982e-05
2.95961e-05
2.544e-05
2.18293e-05
1.86439e-05
1.5891e-05
1.34817e-05
1.14872e-05
9.62721e-06
8.20342e-06
6.85019e-06
5.84518e-06
4.86564e-06
4.13902e-06
3.41264e-06
2.90905e-06
2.38453e-06
2.0473e-06
1.61285e-06
1.34226e-06
9.74116e-07
7.73695e-07
4.84437e-07
3.6824e-07
1.45671e-07
1.09769e-07
-2.24706e-08
2.88965e-08
-2.85515e-08
6.21469e-08
3.13845e-08
1.30578e-07
9.45186e-08
1.85637e-07
1.20831e-07
1.71202e-07
7.28323e-08
8.35628e-08
-3.29159e-08
-3.35133e-08
-1.40872e-07
-1.1109e-07
-1.97322e-07
-1.40493e-07
-1.96633e-07
-1.09802e-07
-1.30826e-07
-3.50383e-08
-2.23005e-08
7.79331e-08
8.62962e-08
1.72692e-07
1.50016e-07
2.05834e-07
1.58561e-07
2.12787e-07
1.85511e-07
2.65221e-07
3.17052e-07
4.8081e-07
6.65736e-07
1.01356e-06
1.46342e-06
2.17172e-06
3.12151e-06
4.5131e-06
6.4938e-06
9.31189e-06
1.40225e-05
2.09704e-05
3.99806e-05
8.05429e-05
0.000250706
0.000638767
0.00189182
0.00299712
0.0255733
0.0200767
0.00905265
0.00144166
-0.000339711
-0.000342819
-4.99947e-06
0.00019656
0.00025424
0.00025132
0.000222307
0.000191568
0.000162367
0.00013758
0.000116744
9.96189e-05
8.537e-05
7.3542e-05
6.35944e-05
5.51458e-05
4.79299e-05
4.18315e-05
3.63176e-05
3.16662e-05
2.73937e-05
2.37177e-05
2.03918e-05
1.74906e-05
1.49221e-05
1.27107e-05
1.07649e-05
9.19332e-06
7.69795e-06
6.57927e-06
5.49303e-06
4.69929e-06
3.91566e-06
3.3475e-06
2.76005e-06
2.36926e-06
1.9395e-06
1.6863e-06
1.32433e-06
1.10498e-06
7.82596e-07
6.08407e-07
3.5098e-07
2.61327e-07
6.67132e-08
5.04825e-08
-6.55846e-08
-6.13629e-09
-5.32959e-08
3.56459e-08
9.71791e-09
1.03908e-07
7.12217e-08
1.63049e-07
1.03491e-07
1.53913e-07
5.72384e-08
6.70887e-08
-4.38389e-08
-4.30913e-08
-1.43862e-07
-1.14001e-07
-1.9591e-07
-1.42864e-07
-1.98077e-07
-1.17067e-07
-1.38583e-07
-5.0077e-08
-4.10599e-08
5.35173e-08
6.18532e-08
1.47182e-07
1.26704e-07
1.78925e-07
1.28978e-07
1.73184e-07
1.38699e-07
2.02158e-07
2.37417e-07
3.73511e-07
5.19177e-07
8.05012e-07
1.16385e-06
1.73748e-06
2.49565e-06
3.61726e-06
5.21393e-06
7.50647e-06
1.13617e-05
1.70921e-05
3.26772e-05
6.55985e-05
0.000202924
0.000514604
0.00152086
0.00240598
0.0180647
0.0144194
0.00655015
0.00105114
-0.000246046
-0.000251638
-4.70978e-06
0.000142151
0.000184577
0.000182596
0.000161605
0.000139327
0.000118116
0.000100063
8.49116e-05
7.24887e-05
6.21473e-05
5.35655e-05
4.63319e-05
4.01845e-05
3.49189e-05
3.05119e-05
2.64794e-05
2.31071e-05
1.99903e-05
1.7307e-05
1.48746e-05
1.27488e-05
1.08468e-05
9.22845e-06
7.78437e-06
6.67042e-06
5.57771e-06
4.78987e-06
4.00025e-06
3.43588e-06
2.8655e-06
2.47421e-06
2.03878e-06
1.77606e-06
1.44816e-06
1.28427e-06
1.0026e-06
8.39575e-07
5.71705e-07
4.28307e-07
2.06462e-07
1.47516e-07
-1.55537e-08
-7.46603e-09
-1.04903e-07
-3.7781e-08
-7.47929e-08
1.0933e-08
-9.4845e-09
7.93193e-08
4.91363e-08
1.40381e-07
8.5859e-08
1.37169e-07
4.33174e-08
5.26828e-08
-5.23228e-08
-4.99035e-08
-1.42721e-07
-1.12518e-07
-1.884e-07
-1.39326e-07
-1.93711e-07
-1.2002e-07
-1.42842e-07
-6.2045e-08
-5.72766e-08
3.16418e-08
3.90692e-08
1.22614e-07
1.04711e-07
1.53103e-07
1.0125e-07
1.34432e-07
9.23743e-08
1.3859e-07
1.55391e-07
2.617e-07
3.64019e-07
5.82285e-07
8.42015e-07
1.26961e-06
1.82029e-06
2.64629e-06
3.81587e-06
5.51037e-06
8.36532e-06
1.26364e-05
2.42e-05
4.84589e-05
0.000149241
0.000377198
0.00111295
0.00175879
0.010759
0.00868231
0.0039633
0.0006393
-0.000148995
-0.000153641
-3.13955e-06
8.60827e-05
0.000111976
0.00011084
9.81171e-05
8.46452e-05
7.17591e-05
6.07367e-05
5.15229e-05
4.40104e-05
3.7747e-05
3.25609e-05
2.81624e-05
2.44276e-05
2.12076e-05
1.85706e-05
1.60966e-05
1.40593e-05
1.21529e-05
1.05098e-05
9.01235e-06
7.71154e-06
6.51287e-06
5.527e-06
4.61413e-06
3.98082e-06
3.31806e-06
2.87919e-06
2.40747e-06
2.08726e-06
1.74067e-06
1.53985e-06
1.26522e-06
1.14212e-06
9.22075e-07
8.50279e-07
6.54174e-07
5.51398e-07
3.44732e-07
2.3765e-07
5.37348e-08
2.86681e-08
-1.01133e-07
-6.54473e-08
-1.42179e-07
-6.75078e-08
-9.46553e-08
-1.32327e-08
-2.82451e-08
5.56855e-08
2.67921e-08
1.16591e-07
6.60468e-08
1.19094e-07
2.92022e-08
3.90964e-08
-5.94101e-08
-5.51806e-08
-1.39674e-07
-1.08883e-07
-1.77957e-07
-1.32189e-07
-1.8585e-07
-1.20054e-07
-1.4529e-07
-7.22185e-08
-7.22492e-08
1.09945e-08
1.63393e-08
9.70615e-08
8.16811e-08
1.26515e-07
7.37142e-08
9.59334e-08
4.60022e-08
7.45514e-08
7.10399e-08
1.45843e-07
2.01342e-07
3.47789e-07
5.02329e-07
7.75703e-07
1.10764e-06
1.61993e-06
2.33072e-06
3.37332e-06
5.11953e-06
7.75075e-06
1.4851e-05
2.96999e-05
9.12456e-05
0.000230165
0.000678425
0.00107138
0.00357284
0.00289888
0.00132643
0.000214536
-4.98729e-05
-5.1473e-05
-7.47786e-07
2.90447e-05
3.76196e-05
3.72656e-05
3.29546e-05
2.8496e-05
2.41382e-05
2.03261e-05
1.72008e-05
1.47236e-05
1.26367e-05
1.09354e-05
9.44302e-06
8.18756e-06
7.07303e-06
6.25295e-06
5.38577e-06
4.71827e-06
4.05297e-06
3.47931e-06
2.93777e-06
2.49279e-06
2.0212e-06
1.69356e-06
1.33263e-06
1.19155e-06
9.74182e-07
8.94707e-07
7.53017e-07
6.8817e-07
5.6976e-07
5.6743e-07
4.57963e-07
4.81446e-07
3.74061e-07
3.95309e-07
2.87477e-07
2.4778e-07
1.06499e-07
4.16769e-08
-1.02899e-07
-9.203e-08
-1.88561e-07
-1.23816e-07
-1.78318e-07
-9.58555e-08
-1.13286e-07
-3.6658e-08
-4.73055e-08
3.27675e-08
3.98911e-09
9.18173e-08
4.39524e-08
9.93397e-08
1.44608e-08
2.6307e-08
-6.52116e-08
-5.89286e-08
-1.35789e-07
-1.04238e-07
-1.66622e-07
-1.23174e-07
-1.75974e-07
-1.17823e-07
-1.46566e-07
-8.09338e-08
-8.64227e-08
-8.79873e-09
-6.80011e-09
7.00842e-08
5.66502e-08
9.84861e-08
4.57733e-08
5.8004e-08
1.29573e-10
1.11847e-08
-1.43333e-08
2.75847e-08
3.35219e-08
1.05298e-07
1.50722e-07
2.65021e-07
3.71703e-07
5.60001e-07
7.92713e-07
1.15033e-06
1.72045e-06
2.60021e-06
4.96562e-06
9.94859e-06
3.06238e-05
7.72889e-05
0.000227854
0.000359764
-0.00357374
-0.00289976
-0.001327
-0.000214553
4.99445e-05
5.21006e-05
1.92902e-06
-2.83122e-05
-3.73238e-05
-3.69199e-05
-3.27725e-05
-2.8148e-05
-2.39063e-05
-2.0443e-05
-1.74293e-05
-1.4829e-05
-1.27112e-05
-1.08993e-05
-9.46345e-06
-8.2178e-06
-7.20365e-06
-6.19225e-06
-5.43424e-06
-4.7181e-06
-4.1342e-06
-3.62722e-06
-3.21068e-06
-2.78875e-06
-2.52336e-06
-2.18198e-06
-1.98011e-06
-1.628e-06
-1.39685e-06
-1.11428e-06
-9.23237e-07
-7.25839e-07
-6.16821e-07
-4.18573e-07
-3.628e-07
-1.90903e-07
-1.82458e-07
-6.84669e-08
-8.77158e-08
-6.25867e-08
-1.36996e-07
-1.54057e-07
-2.58552e-07
-2.1091e-07
-2.75587e-07
-1.82348e-07
-2.1402e-07
-1.23373e-07
-1.3118e-07
-5.90048e-08
-6.68436e-08
1.06201e-08
-1.90054e-08
6.66752e-08
2.0154e-08
7.8203e-08
-9.01878e-10
1.4547e-08
-6.96479e-08
-6.07924e-08
-1.31141e-07
-9.8972e-08
-1.55489e-07
-1.13379e-07
-1.65162e-07
-1.13717e-07
-1.4678e-07
-8.80687e-08
-9.97102e-08
-2.76505e-08
-3.01221e-08
4.19864e-08
2.95124e-08
6.89493e-08
1.72048e-08
2.11176e-08
-4.44782e-08
-5.0196e-08
-9.90259e-08
-9.09904e-08
-1.36441e-07
-1.40716e-07
-2.06013e-07
-2.52239e-07
-3.72578e-07
-5.10659e-07
-7.6227e-07
-1.10066e-06
-1.72993e-06
-2.63964e-06
-5.1007e-06
-1.01367e-05
-3.0879e-05
-7.75444e-05
-0.000228076
-0.000359932
-0.0107598
-0.0086832
-0.00396385
-0.000639315
0.000149063
0.000154276
4.32729e-06
-8.53514e-05
-0.000111691
-0.00011051
-9.79536e-05
-8.43126e-05
-7.15328e-05
-6.08451e-05
-5.17418e-05
-4.41053e-05
-3.78225e-05
-3.25294e-05
-2.81912e-05
-2.44676e-05
-2.13393e-05
-1.85138e-05
-1.61436e-05
-1.40517e-05
-1.22326e-05
-1.06517e-05
-9.29187e-06
-8.01199e-06
-7.01421e-06
-6.00886e-06
-5.24445e-06
-4.40808e-06
-3.73729e-06
-3.0978e-06
-2.58061e-06
-2.11938e-06
-1.78803e-06
-1.3929e-06
-1.17576e-06
-8.58798e-07
-7.33607e-07
-5.28196e-07
-4.60665e-07
-3.70113e-07
-3.78761e-07
-3.43962e-07
-4.08248e-07
-3.24289e-07
-3.5958e-07
-2.40352e-07
-2.49856e-07
-1.50733e-07
-1.48977e-07
-8.00908e-08
-8.67046e-08
-1.06567e-08
-4.17369e-08
4.17544e-08
-4.50295e-09
5.62726e-08
-1.67363e-08
3.81506e-09
-7.27215e-08
-6.04991e-08
-1.25456e-07
-9.3005e-08
-1.45058e-07
-1.03638e-07
-1.54347e-07
-1.08204e-07
-1.45923e-07
-9.35265e-08
-1.11888e-07
-4.53698e-08
-5.31149e-08
1.34317e-08
7.58379e-10
3.82251e-08
-1.19605e-08
-1.43909e-08
-8.71755e-08
-1.08537e-07
-1.81364e-07
-2.07741e-07
-3.05277e-07
-3.85452e-07
-5.60645e-07
-7.65429e-07
-1.10979e-06
-1.56893e-06
-2.29793e-06
-3.3209e-06
-5.12768e-06
-7.78962e-06
-1.49858e-05
-2.98872e-05
-9.14981e-05
-0.000230416
-0.000678642
-0.00107155
-0.0180656
-0.0144203
-0.00655068
-0.00105116
0.000246108
0.000252285
5.90805e-06
-0.000141423
-0.000184311
-0.000182294
-0.000161475
-0.000139021
-0.000117899
-0.000100156
-8.51135e-05
-7.25656e-05
-6.22248e-05
-5.35422e-05
-4.63751e-05
-4.02405e-05
-3.50507e-05
-3.04602e-05
-2.65224e-05
-2.30861e-05
-2.00677e-05
-1.74382e-05
-1.51653e-05
-1.30559e-05
-1.13453e-05
-9.69711e-06
-8.38282e-06
-7.08039e-06
-5.98997e-06
-5.00643e-06
-4.17842e-06
-3.45811e-06
-2.91334e-06
-2.33039e-06
-1.95924e-06
-1.50537e-06
-1.26537e-06
-9.71013e-07
-8.20347e-07
-6.65039e-07
-6.11314e-07
-5.22753e-07
-5.4742e-07
-4.28922e-07
-4.37953e-07
-2.96846e-07
-2.86104e-07
-1.78746e-07
-1.67565e-07
-1.00138e-07
-1.06676e-07
-3.1054e-08
-6.39126e-08
1.74499e-08
-2.92522e-08
3.39838e-08
-3.29107e-08
-6.39042e-09
-7.49266e-08
-5.83294e-08
-1.18832e-07
-8.63336e-08
-1.35665e-07
-9.46585e-08
-1.44456e-07
-1.02098e-07
-1.44214e-07
-9.75609e-08
-1.2285e-07
-6.19798e-08
-7.5373e-08
-1.48711e-08
-2.88196e-08
6.86667e-09
-4.14709e-08
-4.82935e-08
-1.27627e-07
-1.63307e-07
-2.60044e-07
-3.20796e-07
-4.69788e-07
-6.24131e-07
-9.05906e-07
-1.2639e-06
-1.82459e-06
-2.59207e-06
-3.77862e-06
-5.45282e-06
-8.37086e-06
-1.2674e-05
-2.4334e-05
-4.86446e-05
-0.000149489
-0.000377442
-0.00111316
-0.00175895
-0.0255741
-0.0200776
-0.00905315
-0.00144167
0.000339764
0.000343477
6.20754e-06
-0.000195839
-0.000253999
-0.000251052
-0.000222218
-0.000191293
-0.000162164
-0.000137655
-0.000116924
-9.96755e-05
-8.54504e-05
-7.35294e-05
-6.36544e-05
-5.52184e-05
-4.8058e-05
-4.17822e-05
-3.63528e-05
-3.16283e-05
-2.74686e-05
-2.38358e-05
-2.06949e-05
-1.78027e-05
-1.54137e-05
-1.31595e-05
-1.13212e-05
-9.57986e-06
-8.09976e-06
-6.79258e-06
-5.67703e-06
-4.70965e-06
-3.96406e-06
-3.20719e-06
-2.69235e-06
-2.11385e-06
-1.76427e-06
-1.38501e-06
-1.15652e-06
-9.38541e-07
-8.27618e-07
-6.86035e-07
-6.72558e-07
-5.22552e-07
-5.08762e-07
-3.50939e-07
-3.2294e-07
-2.08348e-07
-1.88094e-07
-1.20028e-07
-1.26926e-07
-5.11007e-08
-8.56896e-08
-6.1664e-09
-5.34847e-08
1.13779e-08
-4.96102e-08
-1.71929e-08
-7.74684e-08
-5.55971e-08
-1.12105e-07
-7.95194e-08
-1.27843e-07
-8.73309e-08
-1.3671e-07
-9.67137e-08
-1.42623e-07
-1.01005e-07
-1.33118e-07
-7.81081e-08
-9.71502e-08
-4.2488e-08
-5.83711e-08
-2.45537e-08
-7.10339e-08
-8.09354e-08
-1.66101e-07
-2.14802e-07
-3.34523e-07
-4.28935e-07
-6.27308e-07
-8.52458e-07
-1.23504e-06
-1.7376e-06
-2.50231e-06
-3.55848e-06
-5.17057e-06
-7.44203e-06
-1.13634e-05
-1.71276e-05
-3.28098e-05
-6.57813e-05
-0.000203164
-0.000514838
-0.00152106
-0.00240613
-0.0333741
-0.0256178
-0.0114354
-0.00180276
0.000428812
0.000425391
4.88388e-06
-0.000247846
-0.000319544
-0.00031555
-0.000279058
-0.000240149
-0.000203484
-0.000172624
-0.00014656
-0.000124908
-0.00010704
-9.20905e-05
-7.96771e-05
-6.90909e-05
-6.00884e-05
-5.22373e-05
-4.5422e-05
-3.94916e-05
-3.42712e-05
-2.97017e-05
-2.57524e-05
-2.2141e-05
-1.91226e-05
-1.63139e-05
-1.39911e-05
-1.18467e-05
-1.00154e-05
-8.41236e-06
-7.03945e-06
-5.84474e-06
-4.91484e-06
-4.00222e-06
-3.35664e-06
-2.66904e-06
-2.2186e-06
-1.76056e-06
-1.46118e-06
-1.18423e-06
-1.02253e-06
-8.31341e-07
-7.8218e-07
-6.04833e-07
-5.7167e-07
-4.02753e-07
-3.611e-07
-2.41158e-07
-2.12543e-07
-1.41969e-07
-1.48826e-07
-7.20554e-08
-1.07911e-07
-2.9768e-08
-7.77483e-08
-1.25442e-08
-6.78536e-08
-3.07259e-08
-8.258e-08
-5.51793e-08
-1.07609e-07
-7.43065e-08
-1.22959e-07
-8.3087e-08
-1.32847e-07
-9.42241e-08
-1.43108e-07
-1.05951e-07
-1.44408e-07
-9.54808e-08
-1.19781e-07
-7.02545e-08
-8.83789e-08
-5.62821e-08
-1.01504e-07
-1.13844e-07
-2.04337e-07
-2.64935e-07
-4.05706e-07
-5.32233e-07
-7.76435e-07
-1.0674e-06
-1.54269e-06
-2.17802e-06
-3.13004e-06
-4.44882e-06
-6.44331e-06
-9.23969e-06
-1.40195e-05
-2.1003e-05
-4.01105e-05
-8.07216e-05
-0.000250936
-0.00063899
-0.001892
-0.00299726
-0.0415617
-0.0309976
-0.0136595
-0.00212668
0.000512172
0.000495832
1.75776e-06
-0.000296607
-0.000379704
-0.000374543
-0.000330867
-0.000284608
-0.000241025
-0.000204354
-0.000173415
-0.000147745
-0.000126546
-0.000108837
-9.4105e-05
-8.15606e-05
-7.08815e-05
-6.15947e-05
-5.35272e-05
-4.65001e-05
-4.03216e-05
-3.49043e-05
-3.02218e-05
-2.59699e-05
-2.23856e-05
-1.90865e-05
-1.63319e-05
-1.3829e-05
-1.16923e-05
-9.82815e-06
-8.23382e-06
-6.83916e-06
-5.74567e-06
-4.69931e-06
-3.93838e-06
-3.15963e-06
-2.62049e-06
-2.09239e-06
-1.73072e-06
-1.40032e-06
-1.1951e-06
-9.60176e-07
-8.78759e-07
-6.79155e-07
-6.29833e-07
-4.55396e-07
-4.03859e-07
-2.80981e-07
-2.45108e-07
-1.70375e-07
-1.76109e-07
-9.74166e-08
-1.33732e-07
-5.69859e-08
-1.05554e-07
-4.09948e-08
-9.16029e-08
-5.08564e-08
-9.49383e-08
-6.25958e-08
-1.09949e-07
-7.59111e-08
-1.2468e-07
-8.63011e-08
-1.3675e-07
-9.91143e-08
-1.50087e-07
-1.16497e-07
-1.60741e-07
-1.17969e-07
-1.47064e-07
-1.01981e-07
-1.22297e-07
-9.1506e-08
-1.36302e-07
-1.50727e-07
-2.46573e-07
-3.18338e-07
-4.77878e-07
-6.33961e-07
-9.18714e-07
-1.2688e-06
-1.82655e-06
-2.57991e-06
-3.69841e-06
-5.2479e-06
-7.57194e-06
-1.08054e-05
-1.62679e-05
-2.41781e-05
-4.59808e-05
-9.29623e-05
-0.000291355
-0.000746519
-0.00221595
-0.00351679
-0.0502433
-0.0361657
-0.0156844
-0.00240622
0.000588927
0.000552929
-3.15561e-06
-0.000341186
-0.000433199
-0.000426766
-0.000376515
-0.000323698
-0.000273958
-0.000232146
-0.000196898
-0.000167684
-0.000143538
-0.0001234
-0.000106619
-9.23493e-05
-8.01958e-05
-6.96429e-05
-6.04823e-05
-5.24941e-05
-4.54821e-05
-3.93281e-05
-3.40041e-05
-2.92046e-05
-2.5131e-05
-2.14168e-05
-1.82951e-05
-1.54867e-05
-1.30967e-05
-1.10126e-05
-9.23743e-06
-7.6772e-06
-6.4453e-06
-5.29065e-06
-4.43233e-06
-3.58218e-06
-2.96972e-06
-2.38326e-06
-1.96985e-06
-1.59353e-06
-1.35262e-06
-1.08178e-06
-9.72349e-07
-7.56043e-07
-6.93427e-07
-5.18119e-07
-4.59917e-07
-3.36262e-07
-2.94309e-07
-2.13772e-07
-2.16838e-07
-1.34908e-07
-1.70828e-07
-9.76046e-08
-1.46229e-07
-8.33872e-08
-1.30549e-07
-8.79324e-08
-1.25179e-07
-8.86919e-08
-1.30479e-07
-9.55437e-08
-1.43477e-07
-1.073e-07
-1.57299e-07
-1.21947e-07
-1.72381e-07
-1.43171e-07
-1.90785e-07
-1.55136e-07
-1.87641e-07
-1.47416e-07
-1.69354e-07
-1.39961e-07
-1.84523e-07
-2.00229e-07
-3.01581e-07
-3.84938e-07
-5.60691e-07
-7.43434e-07
-1.06279e-06
-1.46341e-06
-2.09103e-06
-2.94481e-06
-4.20497e-06
-5.94802e-06
-8.54061e-06
-1.21111e-05
-1.80578e-05
-2.65642e-05
-5.02265e-05
-0.000102095
-0.000323155
-0.000834359
-0.00248331
-0.0039496
-0.0595383
-0.0410599
-0.0174653
-0.00263463
0.000658341
0.000595193
-9.63541e-06
-0.000380534
-0.000478714
-0.000470947
-0.000414878
-0.000356459
-0.000301475
-0.000255322
-0.000216436
-0.000184245
-0.000157612
-0.000135432
-0.000116926
-0.000101206
-8.78168e-05
-7.61978e-05
-6.61279e-05
-5.73394e-05
-4.96388e-05
-4.28804e-05
-3.70241e-05
-3.17823e-05
-2.73089e-05
-2.32641e-05
-1.98503e-05
-1.67979e-05
-1.42119e-05
-1.19555e-05
-1.00437e-05
-8.35839e-06
-7.01799e-06
-5.78389e-06
-4.84904e-06
-3.9488e-06
-3.28125e-06
-2.65134e-06
-2.19796e-06
-1.78467e-06
-1.51588e-06
-1.21773e-06
-1.08464e-06
-8.56677e-07
-7.8276e-07
-6.08962e-07
-5.46109e-07
-4.23224e-07
-3.76466e-07
-2.8878e-07
-2.88398e-07
-2.05768e-07
-2.4063e-07
-1.72341e-07
-2.20512e-07
-1.61416e-07
-2.05316e-07
-1.63397e-07
-1.94511e-07
-1.54946e-07
-1.91578e-07
-1.54765e-07
-2.01288e-07
-1.67004e-07
-2.15901e-07
-1.83962e-07
-2.32103e-07
-2.07975e-07
-2.56298e-07
-2.28445e-07
-2.63139e-07
-2.27337e-07
-2.50301e-07
-2.22494e-07
-2.66792e-07
-2.83598e-07
-3.86632e-07
-4.82374e-07
-6.7339e-07
-8.8061e-07
-1.22826e-06
-1.67066e-06
-2.35491e-06
-3.28834e-06
-4.66126e-06
-6.55563e-06
-9.34881e-06
-1.31479e-05
-1.93659e-05
-2.81163e-05
-5.27303e-05
-0.00010783
-0.0003453
-0.000899823
-0.00268511
-0.00428112
-0.0695814
-0.045603
-0.0189526
-0.00280572
0.000719838
0.000621538
-1.72642e-05
-0.000413501
-0.000514909
-0.000505813
-0.00044485
-0.000381962
-0.000322802
-0.000273243
-0.000231502
-0.000196988
-0.000168403
-0.00014463
-0.000124776
-0.000107922
-9.35716e-05
-8.11184e-05
-7.03463e-05
-6.09421e-05
-5.27174e-05
-4.55062e-05
-3.92442e-05
-3.36773e-05
-2.89059e-05
-2.46233e-05
-2.10016e-05
-1.77752e-05
-1.50558e-05
-1.2681e-05
-1.06802e-05
-8.91503e-06
-7.5007e-06
-6.2193e-06
-5.23089e-06
-4.30155e-06
-3.59809e-06
-2.94032e-06
-2.45888e-06
-2.01685e-06
-1.72581e-06
-1.40658e-06
-1.2542e-06
-1.01924e-06
-9.35765e-07
-7.63797e-07
-6.97281e-07
-5.79431e-07
-5.30942e-07
-4.40622e-07
-4.36724e-07
-3.55549e-07
-3.88753e-07
-3.25727e-07
-3.72936e-07
-3.19583e-07
-3.60002e-07
-3.20627e-07
-3.46609e-07
-3.05424e-07
-3.3716e-07
-2.98212e-07
-3.41969e-07
-3.09399e-07
-3.56809e-07
-3.28664e-07
-3.74478e-07
-3.54886e-07
-4.02938e-07
-3.82016e-07
-4.18465e-07
-3.85844e-07
-4.09346e-07
-3.83241e-07
-4.26925e-07
-4.4549e-07
-5.46961e-07
-6.50112e-07
-8.51798e-07
-1.08187e-06
-1.45415e-06
-1.9322e-06
-2.66103e-06
-3.6538e-06
-5.10883e-06
-7.10797e-06
-1.0028e-05
-1.39421e-05
-2.02134e-05
-2.88502e-05
-5.34738e-05
-0.000110024
-0.000357041
-0.000940695
-0.0028132
-0.00449759
-0.0805233
-0.0496986
-0.0200904
-0.00291384
0.000772886
0.000631248
-2.54888e-05
-0.000438886
-0.000540473
-0.000530145
-0.000465398
-0.000399356
-0.000337253
-0.000285354
-0.000241651
-0.000205561
-0.000175637
-0.00015078
-0.000130005
-0.000112378
-9.73763e-05
-8.43533e-05
-7.31101e-05
-6.3298e-05
-5.47325e-05
-4.72378e-05
-4.07148e-05
-3.49524e-05
-2.99972e-05
-2.55773e-05
-2.18397e-05
-1.85174e-05
-1.57328e-05
-1.32994e-05
-1.1258e-05
-9.45874e-06
-8.00597e-06
-6.70815e-06
-5.68844e-06
-4.74609e-06
-4.0211e-06
-3.34504e-06
-2.84565e-06
-2.38298e-06
-2.07396e-06
-1.73781e-06
-1.57354e-06
-1.34179e-06
-1.2537e-06
-1.09212e-06
-1.02578e-06
-9.1648e-07
-8.68974e-07
-7.79855e-07
-7.72393e-07
-6.92239e-07
-7.23408e-07
-6.66575e-07
-7.12219e-07
-6.65952e-07
-7.02815e-07
-6.6722e-07
-6.88965e-07
-6.47474e-07
-6.74773e-07
-6.33797e-07
-6.73334e-07
-6.42221e-07
-6.86889e-07
-6.63247e-07
-7.06165e-07
-6.91199e-07
-7.379e-07
-7.22974e-07
-7.60561e-07
-7.30887e-07
-7.54545e-07
-7.30325e-07
-7.72676e-07
-7.93077e-07
-8.93094e-07
-9.99139e-07
-1.20134e-06
-1.44186e-06
-1.82909e-06
-2.33916e-06
-3.10332e-06
-4.14372e-06
-5.65628e-06
-7.71589e-06
-1.06902e-05
-1.4606e-05
-2.07172e-05
-2.88966e-05
-5.25948e-05
-0.000108746
-0.000358007
-0.00095535
-0.00286058
-0.00458637
-0.0925298
-0.0532234
-0.020816
-0.00295395
0.000816741
0.00062384
-3.37911e-05
-0.000455562
-0.00055425
-0.000542893
-0.000475678
-0.000407988
-0.000344343
-0.000291306
-0.000246648
-0.000209816
-0.000179245
-0.000153874
-0.000132661
-0.000114665
-9.93599e-05
-8.60673e-05
-7.46106e-05
-6.46212e-05
-5.59168e-05
-4.8324e-05
-4.1702e-05
-3.58859e-05
-3.08736e-05
-2.64214e-05
-2.26613e-05
-1.9323e-05
-1.65396e-05
-1.41059e-05
-1.20651e-05
-1.02679e-05
-8.80226e-06
-7.50523e-06
-6.47193e-06
-5.52893e-06
-4.79281e-06
-4.1024e-06
-3.60404e-06
-3.14316e-06
-2.835e-06
-2.50405e-06
-2.3369e-06
-2.11721e-06
-2.02922e-06
-1.88426e-06
-1.82099e-06
-1.72001e-06
-1.67439e-06
-1.58608e-06
-1.57571e-06
-1.49809e-06
-1.52714e-06
-1.47729e-06
-1.5208e-06
-1.4824e-06
-1.51567e-06
-1.48435e-06
-1.50251e-06
-1.46173e-06
-1.48498e-06
-1.44244e-06
-1.47653e-06
-1.44657e-06
-1.48715e-06
-1.4683e-06
-1.50798e-06
-1.49759e-06
-1.54202e-06
-1.53223e-06
-1.57049e-06
-1.54382e-06
-1.5674e-06
-1.54526e-06
-1.58544e-06
-1.60727e-06
-1.70438e-06
-1.81363e-06
-2.01098e-06
-2.25057e-06
-2.63399e-06
-3.14686e-06
-3.91692e-06
-5.00049e-06
-6.55099e-06
-8.64509e-06
-1.16198e-05
-1.5441e-05
-2.12046e-05
-2.86237e-05
-5.05205e-05
-0.000104415
-0.000348369
-0.000942959
-0.00282197
-0.00453655
-0.105772
-0.0560182
-0.0210574
-0.00292154
0.000850062
0.000598883
-4.18949e-05
-0.000462612
-0.000555357
-0.0005433
-0.00047516
-0.000407525
-0.000343917
-0.000291088
-0.000246601
-0.000209959
-0.000179511
-0.000154263
-0.000133146
-0.000115234
-0.000100017
-8.67956e-05
-7.54093e-05
-6.54893e-05
-5.68591e-05
-4.93589e-05
-4.28057e-05
-3.70784e-05
-3.2135e-05
-2.77471e-05
-2.40443e-05
-2.07542e-05
-1.80171e-05
-1.56173e-05
-1.36101e-05
-1.18441e-05
-1.03845e-05
-9.09515e-06
-8.08163e-06
-7.17943e-06
-6.47405e-06
-5.81603e-06
-5.34228e-06
-4.90344e-06
-4.61192e-06
-4.30415e-06
-4.1403e-06
-3.93582e-06
-3.85018e-06
-3.71929e-06
-3.659e-06
-3.56661e-06
-3.52412e-06
-3.4387e-06
-3.42669e-06
-3.35363e-06
-3.38067e-06
-3.33846e-06
-3.37934e-06
-3.34894e-06
-3.37849e-06
-3.35138e-06
-3.36629e-06
-3.32686e-06
-3.34642e-06
-3.30321e-06
-3.33105e-06
-3.30219e-06
-3.33751e-06
-3.32344e-06
-3.35952e-06
-3.35367e-06
-3.3951e-06
-3.38947e-06
-3.4277e-06
-3.40429e-06
-3.42754e-06
-3.40781e-06
-3.44493e-06
-3.46746e-06
-3.5594e-06
-3.6695e-06
-3.86077e-06
-4.09771e-06
-4.46649e-06
-4.95724e-06
-5.70276e-06
-6.76123e-06
-8.28065e-06
-1.0385e-05
-1.33199e-05
-1.6984e-05
-2.22769e-05
-2.8716e-05
-4.80818e-05
-9.79657e-05
-0.000329033
-0.000903703
-0.00269447
-0.00433971
-0.120391
-0.0578722
-0.0207327
-0.00281259
0.000870529
0.000555948
-4.97034e-05
-0.000459317
-0.000543179
-0.000530881
-0.000463612
-0.000397946
-0.000336143
-0.000285019
-0.00024196
-0.000206535
-0.000177046
-0.000152603
-0.000132159
-0.000114813
-0.000100095
-8.73033e-05
-7.6278e-05
-6.6669e-05
-5.83131e-05
-5.10724e-05
-4.47275e-05
-3.91937e-05
-3.44029e-05
-3.01652e-05
-2.65932e-05
-2.34085e-05
-2.07513e-05
-1.84074e-05
-1.65044e-05
-1.48544e-05
-1.3485e-05
-1.22898e-05
-1.13474e-05
-1.05222e-05
-9.88185e-06
-9.29296e-06
-8.85661e-06
-8.44714e-06
-8.17407e-06
-7.88939e-06
-7.73409e-06
-7.54914e-06
-7.46928e-06
-7.35334e-06
-7.29748e-06
-7.2146e-06
-7.17638e-06
-7.09655e-06
-7.08441e-06
-7.01815e-06
-7.04345e-06
-7.0089e-06
-7.04675e-06
-7.02401e-06
-7.04966e-06
-7.02636e-06
-7.03807e-06
-7.0004e-06
-7.01656e-06
-6.97391e-06
-6.99561e-06
-6.96819e-06
-6.9978e-06
-6.98799e-06
-7.02026e-06
-7.01841e-06
-7.05628e-06
-7.05364e-06
-7.09084e-06
-7.07074e-06
-7.09333e-06
-7.07634e-06
-7.10978e-06
-7.13225e-06
-7.21676e-06
-7.32364e-06
-7.50459e-06
-7.73288e-06
-8.08318e-06
-8.55076e-06
-9.25904e-06
-1.02365e-05
-1.16603e-05
-1.36449e-05
-1.63948e-05
-1.98193e-05
-2.45681e-05
-2.98942e-05
-4.62485e-05
-9.07021e-05
-0.000301698
-0.000838881
-0.00247842
-0.00399117
-0.136396
-0.0585029
-0.019752
-0.00262483
0.000873347
0.000493805
-5.75339e-05
-0.000445881
-0.000518154
-0.000506193
-0.000441833
-0.000380233
-0.000322145
-0.000274299
-0.000233981
-0.000200825
-0.000173126
-0.00015015
-0.000130908
-0.000114553
-0.000100669
-8.85772e-05
-7.81707e-05
-6.91142e-05
-6.12279e-05
-5.43978e-05
-4.83804e-05
-4.31155e-05
-3.85289e-05
-3.45893e-05
-3.13141e-05
-2.84015e-05
-2.59854e-05
-2.38615e-05
-2.21506e-05
-2.06877e-05
-1.94775e-05
-1.84426e-05
-1.76018e-05
-1.68615e-05
-1.62888e-05
-1.57635e-05
-1.53728e-05
-1.50037e-05
-1.47556e-05
-1.44999e-05
-1.43591e-05
-1.41976e-05
-1.41272e-05
-1.40279e-05
-1.39783e-05
-1.39059e-05
-1.38726e-05
-1.38009e-05
-1.379e-05
-1.37322e-05
-1.3756e-05
-1.3729e-05
-1.37636e-05
-1.37478e-05
-1.37694e-05
-1.37495e-05
-1.3758e-05
-1.37226e-05
-1.37357e-05
-1.36954e-05
-1.37118e-05
-1.36866e-05
-1.37106e-05
-1.37042e-05
-1.37323e-05
-1.37336e-05
-1.37672e-05
-1.37662e-05
-1.3801e-05
-1.37841e-05
-1.38056e-05
-1.37917e-05
-1.38212e-05
-1.38428e-05
-1.3918e-05
-1.40176e-05
-1.41824e-05
-1.4394e-05
-1.47172e-05
-1.51502e-05
-1.58046e-05
-1.67042e-05
-1.80132e-05
-1.97808e-05
-2.22241e-05
-2.52263e-05
-2.91916e-05
-3.32196e-05
-4.62366e-05
-8.42894e-05
-0.000269345
-0.000751893
-0.00217975
-0.00349288
-0.153497
-0.0575396
-0.0180282
-0.00236519
0.000844114
0.000404897
-7.15358e-05
-0.000429025
-0.00048747
-0.000476475
-0.000417103
-0.000361608
-0.000309013
-0.000265814
-0.000229294
-0.000199271
-0.000174159
-0.000153272
-0.000135707
-0.000120694
-0.000107882
-9.66518e-05
-8.71659e-05
-7.90562e-05
-7.20073e-05
-6.59333e-05
-6.05833e-05
-5.59228e-05
-5.18745e-05
-4.84233e-05
-4.55871e-05
-4.30828e-05
-4.1033e-05
-3.92526e-05
-3.77755e-05
-3.65137e-05
-3.54677e-05
-3.45804e-05
-3.38561e-05
-3.32174e-05
-3.27251e-05
-3.22735e-05
-3.19381e-05
-3.16205e-05
-3.14054e-05
-3.1186e-05
-3.10652e-05
-3.09301e-05
-3.0872e-05
-3.07902e-05
-3.07482e-05
-3.06872e-05
-3.06591e-05
-3.05973e-05
-3.05887e-05
-3.05405e-05
-3.0563e-05
-3.05431e-05
-3.05742e-05
-3.05644e-05
-3.05821e-05
-3.05653e-05
-3.0571e-05
-3.05387e-05
-3.05495e-05
-3.05134e-05
-3.05261e-05
-3.05041e-05
-3.05228e-05
-3.05187e-05
-3.05418e-05
-3.0545e-05
-3.05736e-05
-3.05729e-05
-3.06039e-05
-3.05899e-05
-3.06099e-05
-3.05993e-05
-3.06249e-05
-3.06449e-05
-3.07092e-05
-3.07972e-05
-3.09408e-05
-3.11279e-05
-3.14129e-05
-3.17962e-05
-3.23761e-05
-3.3175e-05
-3.4335e-05
-3.58872e-05
-3.80089e-05
-4.0492e-05
-4.35383e-05
-4.62105e-05
-5.54307e-05
-8.5665e-05
-0.000240729
-0.000654275
-0.00181867
-0.00286297
-0.170963
-0.05451
-0.0154881
-0.00206013
0.0007476
0.000266073
-0.000116729
-0.000431527
-0.00047446
-0.000465004
-0.000412391
-0.000364589
-0.00031893
-0.000281485
-0.00024954
-0.000223444
-0.0002021
-0.000184369
-0.000169451
-0.000156686
-0.000145809
-0.000136282
-0.000128284
-0.000121497
-0.000115616
-0.000110597
-0.000106201
-0.000102419
-9.91745e-05
-9.63229e-05
-9.3974e-05
-9.19037e-05
-9.02173e-05
-8.87624e-05
-8.75482e-05
-8.65181e-05
-8.56626e-05
-8.49385e-05
-8.43513e-05
-8.38323e-05
-8.34353e-05
-8.30704e-05
-8.27993e-05
-8.25421e-05
-8.23664e-05
-8.21889e-05
-8.20929e-05
-8.19858e-05
-8.19413e-05
-8.1877e-05
-8.18432e-05
-8.17941e-05
-8.17713e-05
-8.17207e-05
-8.17153e-05
-8.16773e-05
-8.16988e-05
-8.16857e-05
-8.17133e-05
-8.17084e-05
-8.17222e-05
-8.17086e-05
-8.17121e-05
-8.1684e-05
-8.16934e-05
-8.16635e-05
-8.1674e-05
-8.16558e-05
-8.16694e-05
-8.16663e-05
-8.16839e-05
-8.16874e-05
-8.17105e-05
-8.1709e-05
-8.17348e-05
-8.17238e-05
-8.1742e-05
-8.17351e-05
-8.17568e-05
-8.17741e-05
-8.18256e-05
-8.18977e-05
-8.20152e-05
-8.21703e-05
-8.24075e-05
-8.27267e-05
-8.32104e-05
-8.38778e-05
-8.4847e-05
-8.61426e-05
-8.78938e-05
-8.98756e-05
-9.21114e-05
-9.362e-05
-9.9096e-05
-0.000120666
-0.000240019
-0.000575368
-0.00144294
-0.00215103
-0.187118
-0.0487212
-0.0120563
-0.00171737
0.000561075
7.02335e-05
-0.000206341
-0.000461033
-0.000487023
-0.000479666
-0.000436081
-0.000397762
-0.000361385
-0.000332207
-0.00030725
-0.000286976
-0.000270523
-0.000256907
-0.000245497
-0.000235777
-0.000227579
-0.00022047
-0.000214389
-0.000209147
-0.000204599
-0.000200736
-0.000197364
-0.000194475
-0.000192015
-0.000189833
-0.000188043
-0.000186468
-0.000185185
-0.000184088
-0.000183173
-0.000182405
-0.000181768
-0.000181228
-0.000180796
-0.000180411
-0.000180119
-0.00017985
-0.000179649
-0.000179458
-0.000179327
-0.000179196
-0.000179129
-0.000179051
-0.000179022
-0.000178975
-0.00017895
-0.000178913
-0.000178896
-0.000178857
-0.000178855
-0.000178827
-0.000178846
-0.000178838
-0.000178861
-0.000178859
-0.000178869
-0.000178858
-0.000178861
-0.000178839
-0.000178848
-0.000178827
-0.000178836
-0.000178822
-0.000178831
-0.000178827
-0.000178839
-0.000178841
-0.000178858
-0.000178855
-0.000178875
-0.000178867
-0.000178883
-0.000178879
-0.000178897
-0.00017891
-0.000178948
-0.000179002
-0.00017909
-0.000179207
-0.000179387
-0.000179629
-0.000179996
-0.000180503
-0.000181242
-0.000182227
-0.000183548
-0.000185003
-0.000186496
-0.000187103
-0.000189594
-0.000203175
-0.000283795
-0.000530373
-0.00109579
-0.00141744
-0.195355
-0.0389543
-0.00767995
-0.0011673
0.000440562
-8.38362e-06
-0.000171949
-0.000348106
-0.000357104
-0.000352547
-0.000322577
-0.000297055
-0.000272738
-0.000253795
-0.00023769
-0.000224604
-0.000213642
-0.000204561
-0.000196951
-0.000190468
-0.000185031
-0.000180337
-0.000176309
-0.000172826
-0.000169792
-0.00016723
-0.000164999
-0.000163091
-0.00016148
-0.000160043
-0.000158876
-0.00015785
-0.000157018
-0.000156315
-0.000155729
-0.00015524
-0.000154837
-0.00015449
-0.000154221
-0.000153976
-0.000153794
-0.000153624
-0.000153495
-0.000153374
-0.000153291
-0.000153208
-0.00015317
-0.00015312
-0.000153104
-0.000153073
-0.000153058
-0.000153034
-0.000153023
-0.000152997
-0.000152998
-0.000152981
-0.000152997
-0.000152994
-0.000153011
-0.00015301
-0.000153016
-0.000153008
-0.00015301
-0.000152995
-0.000153005
-0.000152991
-0.000152998
-0.000152988
-0.000152992
-0.000152989
-0.000152996
-0.000152997
-0.000153008
-0.000153004
-0.000153017
-0.000153012
-0.000153025
-0.000153024
-0.000153036
-0.000153044
-0.000153067
-0.0001531
-0.000153157
-0.000153232
-0.000153349
-0.000153504
-0.000153742
-0.00015407
-0.000154551
-0.000155189
-0.000156041
-0.000156952
-0.000157787
-0.000157819
-0.000158251
-0.0001651
-0.000210368
-0.000360087
-0.000653268
-0.000606973
-0.172001
-0.024086
-0.00283827
-8.22231e-05
0.000770717
0.000458343
0.000395148
0.000302887
0.000304833
0.000306595
0.000321704
0.000333651
0.000345583
0.000354813
0.000362657
0.000368987
0.000374368
0.000378841
0.000382596
0.000385787
0.000388441
0.000390727
0.00039269
0.000394384
0.000395864
0.000397094
0.000398156
0.000399069
0.00039983
0.000400525
0.000401078
0.000401555
0.000401946
0.000402265
0.000402541
0.000402772
0.000402959
0.000403126
0.000403243
0.000403357
0.000403437
0.000403517
0.000403581
0.000403636
0.000403674
0.00040371
0.000403723
0.000403748
0.000403752
0.000403767
0.000403773
0.000403784
0.00040379
0.000403802
0.000403798
0.000403806
0.000403795
0.000403798
0.000403789
0.000403793
0.000403792
0.000403798
0.000403795
0.000403801
0.000403793
0.000403799
0.000403795
0.000403802
0.0004038
0.000403801
0.000403796
0.000403797
0.000403792
0.000403797
0.000403791
0.000403792
0.000403785
0.000403785
0.000403781
0.000403779
0.000403768
0.000403752
0.00040372
0.000403682
0.000403624
0.000403551
0.000403436
0.000403279
0.000403046
0.000402738
0.000402329
0.000401907
0.000401573
0.000401753
0.000402252
0.000400154
0.000382613
0.000315968
0.000212959
0.000457848
-0.0732098
-0.00685426
0.000524314
0.00107172
0.00131006
0.00121023
0.00120162
0.00117705
0.00117978
0.00118036
0.00118476
0.00118775
0.00119084
0.00119318
0.00119516
0.00119673
0.00119804
0.00119912
0.00120002
0.00120077
0.00120138
0.00120189
0.00120234
0.00120271
0.00120304
0.00120331
0.00120354
0.00120373
0.00120389
0.00120405
0.00120416
0.00120426
0.00120434
0.00120441
0.00120446
0.00120451
0.00120455
0.00120459
0.00120461
0.00120464
0.00120465
0.00120467
0.00120468
0.0012047
0.0012047
0.00120471
0.00120471
0.00120472
0.00120472
0.00120472
0.00120472
0.00120473
0.00120473
0.00120473
0.00120473
0.00120473
0.00120473
0.00120473
0.00120473
0.00120473
0.00120473
0.00120473
0.00120473
0.00120473
0.00120473
0.00120473
0.00120473
0.00120473
0.00120473
0.00120473
0.00120473
0.00120473
0.00120473
0.00120473
0.00120473
0.00120473
0.00120472
0.00120472
0.00120472
0.00120472
0.00120472
0.00120472
0.00120471
0.0012047
0.00120468
0.00120466
0.00120464
0.00120459
0.00120453
0.00120446
0.00120435
0.00120426
0.0012042
0.00120433
0.00120472
0.00120466
0.00120166
0.00118545
0.00116681
0.00130297
)
;

boundaryField
{
    inlet
    {
        type            calculated;
        value           uniform 0;
    }
    outlet
    {
        type            calculated;
        value           nonuniform List<scalar> 
40
(
-0.00130297
-0.000457852
0.000606962
0.00141742
0.00215099
0.00286292
0.00349282
0.0039911
0.00433964
0.00453647
0.00458628
0.00449749
0.00428101
0.00394948
0.00351666
0.00299712
0.00240598
0.00175879
0.00107138
0.000359764
-0.000359932
-0.00107155
-0.00175895
-0.00240613
-0.00299726
-0.00351679
-0.0039496
-0.00428112
-0.00449759
-0.00458637
-0.00453655
-0.00433971
-0.00399117
-0.00349288
-0.00286297
-0.00215103
-0.00141744
-0.000606973
0.000457848
0.00130297
)
;
    }
    lowerWall
    {
        type            calculated;
        value           uniform 0;
    }
    upperWall
    {
        type            calculated;
        value           uniform 0;
    }
    frontAndBack
    {
        type            empty;
    }
}


// ************************************************************************* //
